89.12509381337455 0.00000 2.56324346763841e-06
89.12509381337455 4.73684 2.52119762185923e-06
89.12509381337455 9.47368 2.39942437089227e-06
89.12509381337455 14.21053 2.20970395931213e-06
89.12509381337455 18.94737 1.96754606439435e-06
89.12509381337455 23.68421 1.68684417303213e-06
89.12509381337455 28.42105 1.39419264814174e-06
89.12509381337455 33.15789 1.10528540880059e-06
89.12509381337455 37.89474 8.39635239338353e-07
89.12509381337455 42.63158 6.10238990826356e-07
89.12509381337455 47.36842 4.22760816167200e-07
89.12509381337455 52.10526 2.77061163806037e-07
89.12509381337455 56.84211 1.70372200257665e-07
89.12509381337455 61.57895 9.63986721897711e-08
89.12509381337455 66.31579 4.86415095342306e-08
89.12509381337455 71.05263 2.09092693495542e-08
89.12509381337455 75.78947 7.16571262512460e-09
89.12509381337455 80.52632 1.74710319901140e-09
89.12509381337455 85.26316 2.33390487664533e-10
89.12509381337455 90.00000 1.07696809205351e-11
112.20184543019636 0.00000 2.69115519477836e-06
112.20184543019636 4.73684 2.64819778074184e-06
112.20184543019636 9.47368 2.52368055720807e-06
112.20184543019636 14.21053 2.32930079768502e-06
112.20184543019636 18.94737 2.08043614719352e-06
112.20184543019636 23.68421 1.79083715185043e-06
112.20184543019636 28.42105 1.48733296256682e-06
112.20184543019636 33.15789 1.18579541789242e-06
112.20184543019636 37.89474 9.06432078168940e-07
112.20184543019636 42.63158 6.63093638840414e-07
112.20184543019636 47.36842 4.62368093485894e-07
112.20184543019636 52.10526 3.04882071128684e-07
112.20184543019636 56.84211 1.88555609631687e-07
112.20184543019636 61.57895 1.07272709091005e-07
112.20184543019636 66.31579 5.44227055697645e-08
112.20184543019636 71.05263 2.35185404419168e-08
112.20184543019636 75.78947 8.09516139235857e-09
112.20184543019636 80.52632 1.97810604427344e-09
112.20184543019636 85.26316 2.64470860861483e-10
112.20184543019636 90.00000 1.21965419178486e-11
141.25375446227540 0.00000 2.82540843911112e-06
141.25375446227540 4.73684 2.78153927399387e-06
141.25375446227540 9.47368 2.65430124652843e-06
141.25375446227540 14.21053 2.45533618483982e-06
141.25375446227540 18.94737 2.19982699238037e-06
141.25375446227540 23.68421 1.90121207697649e-06
141.25375446227540 28.42105 1.58668814888510e-06
141.25375446227540 33.15789 1.27219102190924e-06
141.25375446227540 37.89474 9.78558990809987e-07
141.25375446227540 42.63158 7.20552548945949e-07
141.25375446227540 47.36842 5.05699784390169e-07
141.25375446227540 52.10526 3.35510502262285e-07
141.25375446227540 56.84211 2.08687752692375e-07
141.25375446227540 61.57895 1.19375921484579e-07
141.25375446227540 66.31579 6.08917160099198e-08
141.25375446227540 71.05263 2.64528415890805e-08
141.25375446227540 75.78947 9.14497093414405e-09
141.25375446227540 80.52632 2.23961795738733e-09
141.25375446227540 85.26316 2.99685481946262e-10
141.25375446227540 90.00000 1.38122245604422e-11
177.82794100389222 0.00000 2.93337260282621e-06
177.82794100389222 4.73684 2.88930423184403e-06
177.82794100389222 9.47368 2.76139110457023e-06
177.82794100389222 14.21053 2.56096748962081e-06
177.82794100389222 18.94737 2.30257670226026e-06
177.82794100389222 23.68421 1.99924871411643e-06
177.82794100389222 28.42105 1.67772701228746e-06
177.82794100389222 33.15789 1.35384630101219e-06
177.82794100389222 37.89474 1.04878163095823e-06
177.82794100389222 42.63158 7.77983419823823e-07
177.82794100389222 47.36842 5.49984937209971e-07
177.82794100389222 52.10526 3.67383830296092e-07
177.82794100389222 56.84211 2.29913714518700e-07
177.82794100389222 61.57895 1.32249187649803e-07
177.82794100389222 66.31579 6.78013750187781e-08
177.82794100389222 71.05263 2.95957152405557e-08
177.82794100389222 75.78947 1.02751424068577e-08
177.82794100389222 80.52632 2.52287581170443e-09
177.82794100389222 85.26316 3.37992165405763e-10
177.82794100389222 90.00000 1.55674712749127e-11
223.87211385683389 0.00000 3.01224488314234e-06
223.87211385683389 4.73684 2.96880775534485e-06
223.87211385683389 9.47368 2.84215454200970e-06
223.87211385683389 14.21053 2.64326173378649e-06
223.87211385683389 18.94737 2.38598293410531e-06
223.87211385683389 23.68421 2.08218106597427e-06
223.87211385683389 28.42105 1.75804410179250e-06
223.87211385683389 33.15789 1.42867069206883e-06
223.87211385683389 37.89474 1.11533528154809e-06
223.87211385683389 42.63158 8.34072359047477e-07
223.87211385683389 47.36842 5.94420431247402e-07
223.87211385683389 52.10526 4.00038019730473e-07
223.87211385683389 56.84211 2.52059669239061e-07
223.87211385683389 61.57895 1.45854740440605e-07
223.87211385683389 66.31579 7.51703842552653e-08
223.87211385683389 71.05263 3.29750609603306e-08
223.87211385683389 75.78947 1.15015843080091e-08
223.87211385683389 80.52632 2.83298711194031e-09
223.87211385683389 85.26316 3.80183264867728e-10
223.87211385683389 90.00000 1.74990654138966e-11
281.83829312644536 0.00000 3.05639585258158e-06
281.83829312644536 4.73684 3.01406954471141e-06
281.83829312644536 9.47368 2.89090874598686e-06
281.83829312644536 14.21053 2.69677011908208e-06
281.83829312644536 18.94737 2.44445005370583e-06
281.83829312644536 23.68421 2.14486940231395e-06
281.83829312644536 28.42105 1.82290451156666e-06
281.83829312644536 33.15789 1.49262928436976e-06
281.83829312644536 37.89474 1.17501119079372e-06
281.83829312644536 42.63158 8.86353548959490e-07
281.83829312644536 47.36842 6.37278256992417e-07
281.83829312644536 52.10526 4.32460700534777e-07
281.83829312644536 56.84211 2.74589344531441e-07
281.83829312644536 61.57895 1.59977578606753e-07
281.83829312644536 66.31579 8.29466175165079e-08
281.83829312644536 71.05263 3.65913682957296e-08
281.83829312644536 75.78947 1.28340449859187e-08
281.83829312644536 80.52632 3.17410314486007e-09
281.83829312644536 85.26316 4.26981139075590e-10
281.83829312644536 90.00000 1.96412013586172e-11
354.81338923357532 0.00000 3.05754655899178e-06
354.81338923357532 4.73684 3.01728283979456e-06
354.81338923357532 9.47368 2.89934367567169e-06
354.81338923357532 14.21053 2.71320853763855e-06
354.81338923357532 18.94737 2.47031776689110e-06
354.81338923357532 23.68421 2.17986169812448e-06
354.81338923357532 28.42105 1.86520710838021e-06
354.81338923357532 33.15789 1.53948898186950e-06
354.81338923357532 37.89474 1.22266735419559e-06
354.81338923357532 42.63158 9.30993948090029e-07
354.81338923357532 47.36842 6.75777242710029e-07
354.81338923357532 52.10526 4.62880492422966e-07
354.81338923357532 56.84211 2.96483339552176e-07
354.81338923357532 61.57895 1.74121567494031e-07
354.81338923357532 66.31579 9.09257187431472e-08
354.81338923357532 71.05263 4.03894160745581e-08
354.81338923357532 75.78947 1.42659773160461e-08
354.81338923357532 80.52632 3.54703407340740e-09
354.81338923357532 85.26316 4.78723522664516e-10
354.81338923357532 90.00000 2.20118507184955e-11
446.68359215096280 0.00000 3.00016214699084e-06
446.68359215096280 4.73684 2.96275086163145e-06
446.68359215096280 9.47368 2.85270214573546e-06
446.68359215096280 14.21053 2.67808013535828e-06
446.68359215096280 18.94737 2.44980452019884e-06
446.68359215096280 23.68421 2.17440591262674e-06
446.68359215096280 28.42105 1.87413949840919e-06
446.68359215096280 33.15789 1.55976923655715e-06
446.68359215096280 37.89474 1.25039633562841e-06
446.68359215096280 42.63158 9.61830748948919e-07
446.68359215096280 47.36842 7.05450089282561e-07
446.68359215096280 52.10526 4.88268188252676e-07
446.68359215096280 56.84211 3.15929363310266e-07
446.68359215096280 61.57895 1.87304031150665e-07
446.68359215096280 66.31579 9.86669493765705e-08
446.68359215096280 71.05263 4.42099489463932e-08
446.68359215096280 75.78947 1.57544541807012e-08
446.68359215096280 80.52632 3.94424071881560e-09
446.68359215096280 85.26316 5.34726949157568e-10
446.68359215096280 90.00000 2.45843820760412e-11
562.34132519034881 0.00000 2.88408131532268e-06
562.34132519034881 4.73684 2.84981761394804e-06
562.34132519034881 9.47368 2.74977421512225e-06
562.34132519034881 14.21053 2.59062254333379e-06
562.34132519034881 18.94737 2.38073237367726e-06
562.34132519034881 23.68421 2.12652830403578e-06
562.34132519034881 28.42105 1.84646056641284e-06
562.34132519034881 33.15789 1.55040875639185e-06
562.34132519034881 37.89474 1.25520841653422e-06
562.34132519034881 42.63158 9.76032113745735e-07
562.34132519034881 47.36842 7.23966169893553e-07
562.34132519034881 52.10526 5.06998998807281e-07
562.34132519034881 56.84211 3.31892216717373e-07
562.34132519034881 61.57895 1.98976499319496e-07
562.34132519034881 66.31579 1.05939443686064e-07
562.34132519034881 71.05263 4.79848078873409e-08
562.34132519034881 75.78947 1.72903690572857e-08
562.34132519034881 80.52632 4.36705903507578e-09
562.34132519034881 85.26316 5.95695061275188e-10
562.34132519034881 90.00000 2.73978089208530e-11
707.94578438413771 0.00000 2.70652531328365e-06
707.94578438413771 4.73684 2.67650621077192e-06
707.94578438413771 9.47368 2.58781144444642e-06
707.94578438413771 14.21053 2.44695351624022e-06
707.94578438413771 18.94737 2.25956309298356e-06
707.94578438413771 23.68421 2.03164654753808e-06
707.94578438413771 28.42105 1.77785187712912e-06
707.94578438413771 33.15789 1.50650432903922e-06
707.94578438413771 37.89474 1.23257575628952e-06
707.94578438413771 42.63158 9.69492419835287e-07
707.94578438413771 47.36842 7.28203176005565e-07
707.94578438413771 52.10526 5.16520083325679e-07
707.94578438413771 56.84211 3.42601211920313e-07
707.94578438413771 61.57895 2.08106187541329e-07
707.94578438413771 66.31579 1.12206783066738e-07
707.94578438413771 71.05263 5.15137245762586e-08
707.94578438413771 75.78947 1.88221414256391e-08
707.94578438413771 80.52632 4.80822403204105e-09
707.94578438413771 85.26316 6.61226087172163e-10
707.94578438413771 90.00000 3.04469877812914e-11
891.25093813374542 0.00000 2.47318663246874e-06
891.25093813374542 4.73684 2.44735386900909e-06
891.25093813374542 9.47368 2.37174052328492e-06
891.25093813374542 14.21053 2.25079813181423e-06
891.25093813374542 18.94737 2.08901852557709e-06
891.25093813374542 23.68421 1.89072215607447e-06
891.25093813374542 28.42105 1.66822979044446e-06
891.25093813374542 33.15789 1.42731670334004e-06
891.25093813374542 37.89474 1.18047419032286e-06
891.25093813374542 42.63158 9.40073920518998e-07
891.25093813374542 47.36842 7.15570153148413e-07
891.25093813374542 52.10526 5.14936935852430e-07
891.25093813374542 56.84211 3.46598150151119e-07
891.25093813374542 61.57895 2.13710638770193e-07
891.25093813374542 66.31579 1.17010941642252e-07
891.25093813374542 71.05263 5.46140906073924e-08
891.25093813374542 75.78947 2.03006907354320e-08
891.25093813374542 80.52632 5.25934882597452e-09
891.25093813374542 85.26316 7.30999038772124e-10
891.25093813374542 90.00000 3.37366081094799e-11
1122.01845430196295 0.00000 2.19349950749715e-06
1122.01845430196295 4.73684 2.17243539252819e-06
1122.01845430196295 9.47368 2.10977047593814e-06
1122.01845430196295 14.21053 2.00950973197577e-06
1122.01845430196295 18.94737 1.87532558122848e-06
1122.01845430196295 23.68421 1.70861758813193e-06
1122.01845430196295 28.42105 1.52000705837003e-06
1122.01845430196295 33.15789 1.31361466149860e-06
1122.01845430196295 37.89474 1.09909318458904e-06
1122.01845430196295 42.63158 8.86744630311855e-07
1122.01845430196295 47.36842 6.84789004862419e-07
1122.01845430196295 52.10526 5.00429263797013e-07
1122.01845430196295 56.84211 3.42360231254076e-07
1122.01845430196295 61.57895 2.14706214663444e-07
1122.01845430196295 66.31579 1.19673215932338e-07
1122.01845430196295 71.05263 5.70078039302929e-08
1122.01845430196295 75.78947 2.16395986285163e-08
1122.01845430196295 80.52632 5.70531011928795e-09
1122.01845430196295 85.26316 8.04077417151521e-10
1122.01845430196295 90.00000 3.72480181394424e-11
1412.53754462275333 0.00000 1.88455214201524e-06
1412.53754462275333 4.73684 1.86767973054831e-06
1412.53754462275333 9.47368 1.81817195567057e-06
1412.53754462275333 14.21053 1.73827633971638e-06
1412.53754462275333 18.94737 1.63088118447182e-06
1412.53754462275333 23.68421 1.49613284942004e-06
1412.53754462275333 28.42105 1.34239050978022e-06
1412.53754462275333 33.15789 1.17177334460331e-06
1412.53754462275333 37.89474 9.92370374139832e-07
1412.53754462275333 42.63158 8.11449858346975e-07
1412.53754462275333 47.36842 6.36239153783926e-07
1412.53754462275333 52.10526 4.72625386012330e-07
1412.53754462275333 56.84211 3.29194390546698e-07
1412.53754462275333 61.57895 2.10454656509106e-07
1412.53754462275333 66.31579 1.19803904441459e-07
1412.53754462275333 71.05263 5.84656102576717e-08
1412.53754462275333 75.78947 2.27548321836577e-08
1412.53754462275333 80.52632 6.13303904382321e-09
1412.53754462275333 85.26316 8.79895989422177e-10
1412.53754462275333 90.00000 4.09895745951771e-11
1778.27941003892192 0.00000 1.56279190127521e-06
1778.27941003892192 4.73684 1.55013998310584e-06
1778.27941003892192 9.47368 1.51222687500143e-06
1778.27941003892192 14.21053 1.45122761220505e-06
1778.27941003892192 18.94737 1.36853884912295e-06
1778.27941003892192 23.68421 1.26440260666517e-06
1778.27941003892192 28.42105 1.14416387167368e-06
1778.27941003892192 33.15789 1.00919422858307e-06
1778.27941003892192 37.89474 8.65238723516644e-07
1778.27941003892192 42.63158 7.17398546184903e-07
1778.27941003892192 47.36842 5.71155632593083e-07
1778.27941003892192 52.10526 4.31898307800291e-07
1778.27941003892192 56.84211 3.06760384407511e-07
1778.27941003892192 61.57895 2.00330650394788e-07
1778.27941003892192 66.31579 1.16905426099622e-07
1778.27941003892192 71.05263 5.87154902325935e-08
1778.27941003892192 75.78947 2.35318502506785e-08
1778.27941003892192 80.52632 6.51362245579763e-09
1778.27941003892192 85.26316 9.56081970201718e-10
1778.27941003892192 90.00000 4.49030615472917e-11
2238.72113856833766 0.00000 1.24885140316860e-06
2238.72113856833766 4.73684 1.23951679804359e-06
2238.72113856833766 9.47368 1.21206047006628e-06
2238.72113856833766 14.21053 1.16741505783243e-06
2238.72113856833766 18.94737 1.10667972099325e-06
2238.72113856833766 23.68421 1.02951552632685e-06
2238.72113856833766 28.42105 9.39242837060065e-07
2238.72113856833766 33.15789 8.37053954091426e-07
2238.72113856833766 37.89474 7.26377881747625e-07
2238.72113856833766 42.63158 6.10744275727425e-07
2238.72113856833766 47.36842 4.94060945595993e-07
2238.72113856833766 52.10526 3.80540196459551e-07
2238.72113856833766 56.84211 2.75917133221936e-07
2238.72113856833766 61.57895 1.84676598483033e-07
2238.72113856833766 66.31579 1.11001299573584e-07
2238.72113856833766 71.05263 5.76187780564005e-08
2238.72113856833766 75.78947 2.38960579185890e-08
2238.72113856833766 80.52632 6.82594867931097e-09
2238.72113856833766 85.26316 1.03096006215593e-09
2238.72113856833766 90.00000 4.89844128110845e-11
2818.38293126445205 0.00000 9.57542168706900e-07
2818.38293126445205 4.73684 9.51160332272433e-07
2818.38293126445205 9.47368 9.31906966453929e-07
2818.38293126445205 14.21053 9.00761908603642e-07
2818.38293126445205 18.94737 8.58074607606016e-07
2818.38293126445205 23.68421 8.03495754505609e-07
2818.38293126445205 28.42105 7.39279364621032e-07
2818.38293126445205 33.15789 6.65401325354258e-07
2818.38293126445205 37.89474 5.84219228783461e-07
2818.38293126445205 42.63158 4.98163515604858e-07
2818.38293126445205 47.36842 4.09833898157404e-07
2818.38293126445205 52.10526 3.21792967124579e-07
2818.38293126445205 56.84211 2.38764736754711e-07
2818.38293126445205 61.57895 1.64327406500563e-07
2818.38293126445205 66.31579 1.02045525795976e-07
2818.38293126445205 71.05263 5.50207992834467e-08
2818.38293126445205 75.78947 2.37066705705353e-08
2818.38293126445205 80.52632 7.03403106783452e-09
2818.38293126445205 85.26316 1.10075005446275e-09
2818.38293126445205 90.00000 5.31503514796504e-11
3548.13389233575390 0.00000 7.01479429166133e-07
3548.13389233575390 4.73684 6.97193268585711e-07
3548.13389233575390 9.47368 6.84557063782625e-07
3548.13389233575390 14.21053 6.63889623104033e-07
3548.13389233575390 18.94737 6.35343812221660e-07
3548.13389233575390 23.68421 5.98689980678663e-07
3548.13389233575390 28.42105 5.55419568913044e-07
3548.13389233575390 33.15789 5.04932573238666e-07
3548.13389233575390 37.89474 4.48627335561795e-07
3548.13389233575390 42.63158 3.88175812064446e-07
3548.13389233575390 47.36842 3.24969163601223e-07
3548.13389233575390 52.10526 2.60803436155270e-07
3548.13389233575390 56.84211 1.98522381817171e-07
3548.13389233575390 61.57895 1.40951979829906e-07
3548.13389233575390 66.31579 9.07800474301899e-08
3548.13389233575390 71.05263 5.09771188830131e-08
3548.13389233575390 75.78947 2.29370803463387e-08
3548.13389233575390 80.52632 7.11347905911543e-09
3548.13389233575390 85.26316 1.16267698390681e-09
3548.13389233575390 90.00000 5.73440959149598e-11
4466.83592150962795 0.00000 4.88185813878221e-07
4466.83592150962795 4.73684 4.85494038806881e-07
4466.83592150962795 9.47368 4.77659650782126e-07
4466.83592150962795 14.21053 4.64912474846629e-07
4466.83592150962795 18.94737 4.47286082052282e-07
4466.83592150962795 23.68421 4.24278913239836e-07
4466.83592150962795 28.42105 3.96939764367777e-07
4466.83592150962795 33.15789 3.64753929175055e-07
4466.83592150962795 37.89474 3.28458048345715e-07
4466.83592150962795 42.63158 2.88819075064291e-07
4466.83592150962795 47.36842 2.46454528321504e-07
4466.83592150962795 52.10526 2.02564806652970e-07
4466.83592150962795 56.84211 1.58605641067010e-07
4466.83592150962795 61.57895 1.16455074470411e-07
4466.83592150962795 66.31579 7.79950975756886e-08
4466.83592150962795 71.05263 4.56859024828340e-08
4466.83592150962795 75.78947 2.15303249646906e-08
4466.83592150962795 80.52632 7.03956474050107e-09
4466.83592150962795 85.26316 1.21183290641962e-09
4466.83592150962795 90.00000 6.14529652400490e-11
5623.41325190348834 0.00000 3.24391675466601e-07
5623.41325190348834 4.73684 3.22937484841486e-07
5623.41325190348834 9.47368 3.18426561739874e-07
5623.41325190348834 14.21053 3.11048656731713e-07
5623.41325190348834 18.94737 3.01019320901754e-07
5623.41325190348834 23.68421 2.87694829525714e-07
5623.41325190348834 28.42105 2.71579467098051e-07
5623.41325190348834 33.15789 2.52545606980477e-07
5623.41325190348834 37.89474 2.30700500923447e-07
5623.41325190348834 42.63158 2.06393578017579e-07
5623.41325190348834 47.36842 1.79882878015621e-07
5623.41325190348834 52.10526 1.51444747604807e-07
5623.41325190348834 56.84211 1.22149731829434e-07
5623.41325190348834 61.57895 9.26822575526833e-08
5623.41325190348834 66.31579 6.44858488629952e-08
5623.41325190348834 71.05263 3.94968486801728e-08
5623.41325190348834 75.78947 1.95614665011208e-08
5623.41325190348834 80.52632 6.78912897051632e-09
5623.41325190348834 85.26316 1.24426784917893e-09
5623.41325190348834 90.00000 6.53892636266615e-11
7079.45784384137460 0.00000 2.09187428669438e-07
7079.45784384137460 4.73684 2.08382181048410e-07
7079.45784384137460 9.47368 2.06004843223633e-07
7079.45784384137460 14.21053 2.02015100775911e-07
7079.45784384137460 18.94737 1.96599068538320e-07
7079.45784384137460 23.68421 1.89281958531650e-07
7079.45784384137460 28.42105 1.80412487790469e-07
7079.45784384137460 33.15789 1.69671408603972e-07
7079.45784384137460 37.89474 1.57204683759386e-07
7079.45784384137460 42.63158 1.42982108048390e-07
7079.45784384137460 47.36842 1.27108879950501e-07
7079.45784384137460 52.10526 1.09518011314984e-07
7079.45784384137460 56.84211 9.08102541029059e-08
7079.45784384137460 61.57895 7.11248751325909e-08
7079.45784384137460 66.31579 5.13870465289846e-08
7079.45784384137460 71.05263 3.28825437189446e-08
7079.45784384137460 75.78947 1.72152931068702e-08
7079.45784384137460 80.52632 6.38270277348138e-09
7079.45784384137460 85.26316 1.25788894457376e-09
7079.45784384137460 90.00000 6.91566034735895e-11
8912.50938133744603 0.00000 1.31954249182444e-07
8912.50938133744603 4.73684 1.31550498520293e-07
8912.50938133744603 9.47368 1.30300658116334e-07
8912.50938133744603 14.21053 1.28238090655871e-07
8912.50938133744603 18.94737 1.25381776281154e-07
8912.50938133744603 23.68421 1.21538416523605e-07
8912.50938133744603 28.42105 1.16802499074778e-07
8912.50938133744603 33.15789 1.10992932480268e-07
8912.50938133744603 37.89474 1.04102342310282e-07
8912.50938133744603 42.63158 9.60685107688434e-08
8912.50938133744603 47.36842 8.68837889413714e-08
8912.50938133744603 52.10526 7.64273097887785e-08
8912.50938133744603 56.84211 6.49043952613062e-08
8912.50938133744603 61.57895 5.23733412589521e-08
8912.50938133744603 66.31579 3.92164753465578e-08
8912.50938133744603 71.05263 2.62729161427791e-08
8912.50938133744603 75.78947 1.45947222128437e-08
8912.50938133744603 80.52632 5.82856255458422e-09
8912.50938133744603 85.26316 1.24582774236979e-09
8912.50938133744603 90.00000 7.25194052777163e-11
11220.18454301962447 0.00000 8.12800782111291e-08
11220.18454301962447 4.73684 8.10680804321759e-08
11220.18454301962447 9.47368 8.04410461370886e-08
11220.18454301962447 14.21053 7.93941923891326e-08
11220.18454301962447 18.94737 7.79197781242711e-08
11220.18454301962447 23.68421 7.59222785188310e-08
11220.18454301962447 28.42105 7.34424220750282e-08
11220.18454301962447 33.15789 7.03662034712738e-08
11220.18454301962447 37.89474 6.66563050043577e-08
11220.18454301962447 42.63158 6.22844827721521e-08
11220.18454301962447 47.36842 5.71614226647947e-08
11220.18454301962447 52.10526 5.12142450815232e-08
11220.18454301962447 56.84211 4.44985502221431e-08
11220.18454301962447 61.57895 3.69291530809173e-08
11220.18454301962447 66.31579 2.86629294618986e-08
11220.18454301962447 71.05263 2.01223228627736e-08
11220.18454301962447 75.78947 1.18785870485656e-08
11220.18454301962447 80.52632 5.13844933988787e-09
11220.18454301962447 85.26316 1.20729955191033e-09
11220.18454301962447 90.00000 7.52134056528591e-11
14125.37544622752648 0.00000 4.80125711536427e-08
14125.37544622752648 4.73684 4.79177986761675e-08
14125.37544622752648 9.47368 4.76152592797409e-08
14125.37544622752648 14.21053 4.71294689228943e-08
14125.37544622752648 18.94737 4.64177579614265e-08
14125.37544622752648 23.68421 4.54617830525294e-08
14125.37544622752648 28.42105 4.42700602206410e-08
14125.37544622752648 33.15789 4.27530014485927e-08
14125.37544622752648 37.89474 4.09176003387979e-08
14125.37544622752648 42.63158 3.87005209816390e-08
14125.37544622752648 47.36842 3.60619632390462e-08
14125.37544622752648 52.10526 3.29129119369597e-08
14125.37544622752648 56.84211 2.92600968762587e-08
14125.37544622752648 61.57895 2.49899427038250e-08
14125.37544622752648 66.31579 2.01326598502136e-08
14125.37544622752648 71.05263 1.48127228425696e-08
14125.37544622752648 75.78947 9.29568920638886e-09
14125.37544622752648 80.52632 4.37071043970889e-09
14125.37544622752648 85.26316 1.13698785434602e-09
14125.37544622752648 90.00000 7.69464266737786e-11
17782.79410038921196 0.00000 2.77575402925652e-08
17782.79410038921196 4.73684 2.77136312872147e-08
17782.79410038921196 9.47368 2.75839553412734e-08
17782.79410038921196 14.21053 2.73644131946833e-08
17782.79410038921196 18.94737 2.70539535696315e-08
17782.79410038921196 23.68421 2.66227201917405e-08
17782.79410038921196 28.42105 2.60750081404858e-08
17782.79410038921196 33.15789 2.53801148723933e-08
17782.79410038921196 37.89474 2.45131023611226e-08
17782.79410038921196 42.63158 2.34481329583760e-08
17782.79410038921196 47.36842 2.21609451533571e-08
17782.79410038921196 52.10526 2.05751931020681e-08
17782.79410038921196 56.84211 1.86697726202281e-08
17782.79410038921196 61.57895 1.63785703204553e-08
17782.79410038921196 66.31579 1.36563536620919e-08
17782.79410038921196 71.05263 1.05009789977367e-08
17782.79410038921196 75.78947 7.01344479068808e-09
17782.79410038921196 80.52632 3.58688579235736e-09
17782.79410038921196 85.26316 1.03690092532572e-09
17782.79410038921196 90.00000 7.74907322833366e-11
22387.21138568340029 0.00000 1.56729271884378e-08
22387.21138568340029 4.73684 1.56567443700045e-08
22387.21138568340029 9.47368 1.56025864903770e-08
22387.21138568340029 14.21053 1.55123022722710e-08
22387.21138568340029 18.94737 1.53904141920713e-08
22387.21138568340029 23.68421 1.52071869943592e-08
22387.21138568340029 28.42105 1.49774293480940e-08
22387.21138568340029 33.15789 1.46794779685910e-08
22387.21138568340029 37.89474 1.42995803360322e-08
22387.21138568340029 42.63158 1.38266063906017e-08
22387.21138568340029 47.36842 1.32308290225825e-08
22387.21138568340029 52.10526 1.24790480029159e-08
22387.21138568340029 56.84211 1.15483499256280e-08
22387.21138568340029 61.57895 1.03894770914963e-08
22387.21138568340029 66.31579 8.94565909855209e-09
22387.21138568340029 71.05263 7.18006123733372e-09
22387.21138568340029 75.78947 5.09287970528441e-09
22387.21138568340029 80.52632 2.82852641202382e-09
22387.21138568340029 85.26316 9.15035279764709e-10
22387.21138568340029 90.00000 7.65710495460259e-11
28183.82931264454965 0.00000 8.71333958458522e-09
28183.82931264454965 4.73684 8.70723677081667e-09
28183.82931264454965 9.47368 8.68935571690157e-09
28183.82931264454965 14.21053 8.65848381808054e-09
28183.82931264454965 18.94737 8.61511439450321e-09
28183.82931264454965 23.68421 8.54746292526309e-09
28183.82931264454965 28.42105 8.46177558071836e-09
28183.82931264454965 33.15789 8.34795404400205e-09
28183.82931264454965 37.89474 8.19678388857766e-09
28183.82931264454965 42.63158 8.00209636476172e-09
28183.82931264454965 47.36842 7.74860550201846e-09
28183.82931264454965 52.10526 7.41617861897088e-09
28183.82931264454965 56.84211 6.98977641338076e-09
28183.82931264454965 61.57895 6.42996661573109e-09
28183.82931264454965 66.31579 5.70042127503698e-09
28183.82931264454965 71.05263 4.76139403611540e-09
28183.82931264454965 75.78947 3.56267981822383e-09
28183.82931264454965 80.52632 2.14212636305074e-09
28183.82931264454965 85.26316 7.79436655386072e-10
28183.82931264454965 90.00000 7.39755073695166e-11
35481.33892335752898 0.00000 4.78243175302539e-09
35481.33892335752898 4.73684 4.78131133038919e-09
35481.33892335752898 9.47368 4.77645705236025e-09
35481.33892335752898 14.21053 4.76889282730408e-09
35481.33892335752898 18.94737 4.75723745941503e-09
35481.33892335752898 23.68421 4.73892717069405e-09
35481.33892335752898 28.42105 4.71369596888451e-09
35481.33892335752898 33.15789 4.67692160294257e-09
35481.33892335752898 37.89474 4.62580150874581e-09
35481.33892335752898 42.63158 4.55440576117334e-09
35481.33892335752898 47.36842 4.45700977418409e-09
35481.33892335752898 52.10526 4.32337473031478e-09
35481.33892335752898 56.84211 4.13924630863667e-09
35481.33892335752898 61.57895 3.88744954687186e-09
35481.33892335752898 66.31579 3.53807384366663e-09
35481.33892335752898 71.05263 3.06227174325546e-09
35481.33892335752898 75.78947 2.40708185461684e-09
35481.33892335752898 80.52632 1.56071020845700e-09
35481.33892335752898 85.26316 6.38754406930224e-10
35481.33892335752898 90.00000 6.96454828413569e-11
44668.35921509625769 0.00000 2.59027572403784e-09
44668.35921509625769 4.73684 2.59038319505257e-09
44668.35921509625769 9.47368 2.59079518083818e-09
44668.35921509625769 14.21053 2.59119949617200e-09
44668.35921509625769 18.94737 2.59156186446803e-09
44668.35921509625769 23.68421 2.59022251895099e-09
44668.35921509625769 28.42105 2.58765453297084e-09
44668.35921509625769 33.15789 2.58046321795119e-09
44668.35921509625769 37.89474 2.56895980239015e-09
44668.35921509625769 42.63158 2.54977627584552e-09
44668.35921509625769 47.36842 2.51935116554546e-09
44668.35921509625769 52.10526 2.47213376839520e-09
44668.35921509625769 56.84211 2.40222835539480e-09
44668.35921509625769 61.57895 2.29729873337958e-09
44668.35921509625769 66.31579 2.14149040560243e-09
44668.35921509625769 71.05263 1.91396337516960e-09
44668.35921509625769 75.78947 1.57654483907469e-09
44668.35921509625769 80.52632 1.09522629657914e-09
44668.35921509625769 85.26316 5.01321846895044e-10
44668.35921509625769 90.00000 6.36222720281211e-11
56234.13251903485070 0.00000 1.38365824305022e-09
56234.13251903485070 4.73684 1.38426904300741e-09
56234.13251903485070 9.47368 1.38570016483660e-09
56234.13251903485070 14.21053 1.38822962634161e-09
56234.13251903485070 18.94737 1.39182584581716e-09
56234.13251903485070 23.68421 1.39512310031094e-09
56234.13251903485070 28.42105 1.39917592502969e-09
56234.13251903485070 33.15789 1.40250523879590e-09
56234.13251903485070 37.89474 1.40443250002276e-09
56234.13251903485070 42.63158 1.40391463307831e-09
56234.13251903485070 47.36842 1.39950099711571e-09
56234.13251903485070 52.10526 1.38797130185945e-09
56234.13251903485070 56.84211 1.36677313679254e-09
56234.13251903485070 61.57895 1.32912284605919e-09
56234.13251903485070 66.31579 1.26654816867521e-09
56234.13251903485070 71.05263 1.16483315084247e-09
56234.13251903485070 75.78947 9.99795504400683e-10
56234.13251903485070 80.52632 7.40585094605810e-10
56234.13251903485070 85.26316 3.76631369849924e-10
56234.13251903485070 90.00000 5.62219251547951e-11
70794.57843841373688 0.00000 7.27268025075129e-10
70794.57843841373688 4.73684 7.27762459549054e-10
70794.57843841373688 9.47368 7.29262562376688e-10
70794.57843841373688 14.21053 7.31706656973738e-10
70794.57843841373688 18.94737 7.35091503160307e-10
70794.57843841373688 23.68421 7.39206100922349e-10
70794.57843841373688 28.42105 7.44051376966953e-10
70794.57843841373688 33.15789 7.49252629588434e-10
70794.57843841373688 37.89474 7.54575929302648e-10
70794.57843841373688 42.63158 7.59404141659195e-10
70794.57843841373688 47.36842 7.63206513166581e-10
70794.57843841373688 52.10526 7.64468851267010e-10
70794.57843841373688 56.84211 7.61917803926429e-10
70794.57843841373688 61.57895 7.52475890074741e-10
70794.57843841373688 66.31579 7.31162448346795e-10
70794.57843841373688 71.05263 6.90406507285169e-10
70794.57843841373688 75.78947 6.15438252603110e-10
70794.57843841373688 80.52632 4.83239321546560e-10
70794.57843841373688 85.26316 2.70821152984991e-10
70794.57843841373688 90.00000 4.78649619089798e-11
89125.09381337449304 0.00000 3.75502529221236e-10
89125.09381337449304 4.73684 3.75836975125901e-10
89125.09381337449304 9.47368 3.76932719579574e-10
89125.09381337449304 14.21053 3.78830582055307e-10
89125.09381337449304 18.94737 3.81349906603155e-10
89125.09381337449304 23.68421 3.84532489964901e-10
89125.09381337449304 28.42105 3.88380849371810e-10
89125.09381337449304 33.15789 3.92787863282594e-10
89125.09381337449304 37.89474 3.97676340270673e-10
89125.09381337449304 42.63158 4.02788687421624e-10
89125.09381337449304 47.36842 4.07862200583741e-10
89125.09381337449304 52.10526 4.12461671541515e-10
89125.09381337449304 56.84211 4.15846193374217e-10
89125.09381337449304 61.57895 4.16479737429171e-10
89125.09381337449304 66.31579 4.11979181954871e-10
89125.09381337449304 71.05263 3.98477040823769e-10
89125.09381337449304 75.78947 3.67409417599573e-10
89125.09381337449304 80.52632 3.04043158240376e-10
89125.09381337449304 85.26316 1.87226553687924e-10
89125.09381337449304 90.00000 3.91665000197186e-11
112201.84543019630655 0.00000 1.90019000627499e-10
112201.84543019630655 4.73684 1.90265653798290e-10
112201.84543019630655 9.47368 1.90960138165361e-10
112201.84543019630655 14.21053 1.92140667362368e-10
112201.84543019630655 18.94737 1.93802635702868e-10
112201.84543019630655 23.68421 1.95925131932147e-10
112201.84543019630655 28.42105 1.98533021396110e-10
112201.84543019630655 33.15789 2.01606313784241e-10
112201.84543019630655 37.89474 2.05088974450921e-10
112201.84543019630655 42.63158 2.08945803137574e-10
112201.84543019630655 47.36842 2.13114069014621e-10
112201.84543019630655 52.10526 2.17413331304492e-10
112201.84543019630655 56.84211 2.21465675723421e-10
112201.84543019630655 61.57895 2.24748640851423e-10
112201.84543019630655 66.31579 2.26146271699984e-10
112201.84543019630655 71.05263 2.23546956126750e-10
112201.84543019630655 75.78947 2.12661768740760e-10
112201.84543019630655 80.52632 1.84750187332811e-10
112201.84543019630655 85.26316 1.23764906159689e-10
112201.84543019630655 90.00000 3.07192326990974e-11
141253.75446227524662 0.00000 9.38733752214639e-11
141253.75446227524662 4.73684 9.40131525450719e-11
141253.75446227524662 9.47368 9.44349733187576e-11
141253.75446227524662 14.21053 9.51366179858668e-11
141253.75446227524662 18.94737 9.61228211639335e-11
141253.75446227524662 23.68421 9.74288207603576e-11
141253.75446227524662 28.42105 9.90255540616436e-11
141253.75446227524662 33.15789 1.00919050438608e-10
141253.75446227524662 37.89474 1.03144859388192e-10
141253.75446227524662 42.63158 1.05676865379530e-10
141253.75446227524662 47.36842 1.08503656309076e-10
141253.75446227524662 52.10526 1.11601890516438e-10
141253.75446227524662 56.84211 1.14854856845297e-10
141253.75446227524662 61.57895 1.18011333223917e-10
141253.75446227524662 66.31579 1.20636725779051e-10
141253.75446227524662 71.05263 1.21801202510538e-10
141253.75446227524662 75.78947 1.19261910592088e-10
141253.75446227524662 80.52632 1.08280673336278e-10
141253.75446227524662 85.26316 7.85727347541067e-11
141253.75446227524662 90.00000 2.30653781163084e-11
177827.94100389210507 0.00000 4.53994924181029e-11
177827.94100389210507 4.73684 4.54799667860387e-11
177827.94100389210507 9.47368 4.57128618304405e-11
177827.94100389210507 14.21053 4.61079384970472e-11
177827.94100389210507 18.94737 4.66710991305802e-11
177827.94100389210507 23.68421 4.74011130007581e-11
177827.94100389210507 28.42105 4.83133799314988e-11
177827.94100389210507 33.15789 4.94146680820295e-11
177827.94100389210507 37.89474 5.07256001599998e-11
177827.94100389210507 42.63158 5.22497440207589e-11
177827.94100389210507 47.36842 5.39975729824599e-11
177827.94100389210507 52.10526 5.59730413247224e-11
177827.94100389210507 56.84211 5.81720482877365e-11
177827.94100389210507 61.57895 6.04856251340525e-11
177827.94100389210507 66.31579 6.27856847219954e-11
177827.94100389210507 71.05263 6.46639164091115e-11
177827.94100389210507 75.78947 6.51062079680849e-11
177827.94100389210507 80.52632 6.15860055137866e-11
177827.94100389210507 85.26316 4.82375736990615e-11
177827.94100389210507 90.00000 1.65542336446348e-11
223872.11385683377739 0.00000 2.16416656199977e-11
223872.11385683377739 4.73684 2.16836451516099e-11
223872.11385683377739 9.47368 2.18101652691385e-11
223872.11385683377739 14.21053 2.20217026007397e-11
223872.11385683377739 18.94737 2.23242764552537e-11
223872.11385683377739 23.68421 2.27207559761675e-11
223872.11385683377739 28.42105 2.32195265617644e-11
223872.11385683377739 33.15789 2.38277793749717e-11
223872.11385683377739 37.89474 2.45557527833810e-11
223872.11385683377739 42.63158 2.54189773531940e-11
223872.11385683377739 47.36842 2.64246234409939e-11
223872.11385683377739 52.10526 2.75937385357311e-11
223872.11385683377739 56.84211 2.89283214170899e-11
223872.11385683377739 61.57895 3.04270091794475e-11
223872.11385683377739 66.31579 3.20415715874582e-11
223872.11385683377739 71.05263 3.36226484466398e-11
223872.11385683377739 75.78947 3.47389425737390e-11
223872.11385683377739 80.52632 3.41887864409655e-11
223872.11385683377739 85.26316 2.86116377462835e-11
223872.11385683377739 90.00000 1.13653482927421e-11
281838.29312644520542 0.00000 1.02006195460507e-11
281838.29312644520542 4.73684 1.02227228396233e-11
281838.29312644520542 9.47368 1.02876821574231e-11
281838.29312644520542 14.21053 1.03977643590199e-11
281838.29312644520542 18.94737 1.05554214747520e-11
281838.29312644520542 23.68421 1.07626847463574e-11
281838.29312644520542 28.42105 1.10244810808735e-11
281838.29312644520542 33.15789 1.13470124247062e-11
281838.29312644520542 37.89474 1.17370425735571e-11
281838.29312644520542 42.63158 1.22020028718262e-11
281838.29312644520542 47.36842 1.27529611280824e-11
281838.29312644520542 52.10526 1.34069489137882e-11
281838.29312644520542 56.84211 1.41728348714148e-11
281838.29312644520542 61.57895 1.50600699063546e-11
281838.29312644520542 66.31579 1.60687974353226e-11
281838.29312644520542 71.05263 1.71612269239454e-11
281838.29312644520542 75.78947 1.81563646589057e-11
281838.29312644520542 80.52632 1.85455418484026e-11
281838.29312644520542 85.26316 1.64586144643264e-11
281838.29312644520542 90.00000 7.48204582657134e-12
354813.38923357531894 0.00000 4.76096246711584e-12
354813.38923357531894 4.73684 4.77192211997975e-12
354813.38923357531894 9.47368 4.80493538343709e-12
354813.38923357531894 14.21053 4.86035734067923e-12
354813.38923357531894 18.94737 4.94050049973607e-12
354813.38923357531894 23.68421 5.04502751449893e-12
354813.38923357531894 28.42105 5.17850288828274e-12
354813.38923357531894 33.15789 5.34434147341570e-12
354813.38923357531894 37.89474 5.54566405659382e-12
354813.38923357531894 42.63158 5.78884989340707e-12
354813.38923357531894 47.36842 6.08027316975561e-12
354813.38923357531894 52.10526 6.43011258393575e-12
354813.38923357531894 56.84211 6.84893440634803e-12
354813.38923357531894 61.57895 7.34585878013801e-12
354813.38923357531894 66.31579 7.93305201811479e-12
354813.38923357531894 71.05263 8.61085359822885e-12
354813.38923357531894 75.78947 9.32245387521114e-12
354813.38923357531894 80.52632 9.83193276573239e-12
354813.38923357531894 85.26316 9.21244667038547e-12
354813.38923357531894 90.00000 4.72244157989059e-12
446683.59215096256230 0.00000 2.20205205722365e-12
446683.59215096256230 4.73684 2.20750186598966e-12
446683.59215096256230 9.47368 2.22367079521590e-12
446683.59215096256230 14.21053 2.25106383630781e-12
446683.59215096256230 18.94737 2.29058894355652e-12
446683.59215096256230 23.68421 2.34247826356721e-12
446683.59215096256230 28.42105 2.40887309621618e-12
446683.59215096256230 33.15789 2.49178590253603e-12
446683.59215096256230 37.89474 2.59278944607116e-12
446683.59215096256230 42.63158 2.71596684840818e-12
446683.59215096256230 47.36842 2.86518610883348e-12
446683.59215096256230 52.10526 3.04606255816219e-12
446683.59215096256230 56.84211 3.26603323728963e-12
446683.59215096256230 61.57895 3.53331815552482e-12
446683.59215096256230 66.31579 3.85868069319972e-12
446683.59215096256230 71.05263 4.24946859538532e-12
446683.59215096256230 75.78947 4.69583778439997e-12
446683.59215096256230 80.52632 5.10494718812242e-12
446683.59215096256230 85.26316 5.03308641853859e-12
446683.59215096256230 90.00000 2.85822757845421e-12
562341.32519034796860 0.00000 1.00989939071671e-12
562341.32519034796860 4.73684 1.01257519264429e-12
562341.32519034796860 9.47368 1.02038976337431e-12
562341.32519034796860 14.21053 1.03350780064031e-12
562341.32519034796860 18.94737 1.05271074899138e-12
562341.32519034796860 23.68421 1.07793230278359e-12
562341.32519034796860 28.42105 1.11035207001554e-12
562341.32519034796860 33.15789 1.15072505428026e-12
562341.32519034796860 37.89474 1.20045231017587e-12
562341.32519034796860 42.63158 1.26136084954388e-12
562341.32519034796860 47.36842 1.33563005684533e-12
562341.32519034796860 52.10526 1.42689145087294e-12
562341.32519034796860 56.84211 1.53868316267771e-12
562341.32519034796860 61.57895 1.67732384090830e-12
562341.32519034796860 66.31579 1.84991297399579e-12
562341.32519034796860 71.05263 2.06445672853966e-12
562341.32519034796860 75.78947 2.32317505823389e-12
562341.32519034796860 80.52632 2.59909106966154e-12
562341.32519034796860 85.26316 2.67825893253782e-12
562341.32519034796860 90.00000 1.66487469935995e-12
707945.78438413667027 0.00000 4.59528809828637e-13
707945.78438413667027 4.73684 4.60766502156092e-13
707945.78438413667027 9.47368 4.64495230740486e-13
707945.78438413667027 14.21053 4.70781507163525e-13
707945.78438413667027 18.94737 4.79854375337434e-13
707945.78438413667027 23.68421 4.91952243239132e-13
707945.78438413667027 28.42105 5.07432608639533e-13
707945.78438413667027 33.15789 5.26816523614938e-13
707945.78438413667027 37.89474 5.50811065151869e-13
707945.78438413667027 42.63158 5.80322368530303e-13
707945.78438413667027 47.36842 6.16554837697504e-13
707945.78438413667027 52.10526 6.61378134469902e-13
707945.78438413667027 56.84211 7.16989373162379e-13
707945.78438413667027 61.57895 7.86725189724467e-13
707945.78438413667027 66.31579 8.75222364701614e-13
707945.78438413667027 71.05263 9.88432931870435e-13
707945.78438413667027 75.78947 1.13116524295717e-12
707945.78438413667027 80.52632 1.29706650634305e-12
707945.78438413667027 85.26316 1.39157238610076e-12
707945.78438413667027 90.00000 9.35756811797486e-13
891250.93813374498859 0.00000 2.07531897417908e-13
891250.93813374498859 4.73684 2.08114365751196e-13
891250.93813374498859 9.47368 2.09855043215577e-13
891250.93813374498859 14.21053 2.12815260405349e-13
891250.93813374498859 18.94737 2.17047867037946e-13
891250.93813374498859 23.68421 2.22753953952915e-13
891250.93813374498859 28.42105 2.30032898778750e-13
891250.93813374498859 33.15789 2.39197180043483e-13
891250.93813374498859 37.89474 2.50561409335504e-13
891250.93813374498859 42.63158 2.64606529609970e-13
891250.93813374498859 47.36842 2.81934301881789e-13
891250.93813374498859 52.10526 3.03526938586098e-13
891250.93813374498859 56.84211 3.30548882426338e-13
891250.93813374498859 61.57895 3.64825531756817e-13
891250.93813374498859 66.31579 4.09039314494851e-13
891250.93813374498859 71.05263 4.66766720594588e-13
891250.93813374498859 75.78947 5.42431090737354e-13
891250.93813374498859 80.52632 6.35790986373722e-13
891250.93813374498859 85.26316 7.07608323250717e-13
891250.93813374498859 90.00000 5.08032372946986e-13
1122018.45430196286179 0.00000 9.30470243601219e-14
1122018.45430196286179 4.73684 9.33190586282428e-14
1122018.45430196286179 9.47368 9.41235714005322e-14
1122018.45430196286179 14.21053 9.54845716555990e-14
1122018.45430196286179 18.94737 9.74544833336191e-14
1122018.45430196286179 23.68421 1.00093357119887e-13
1122018.45430196286179 28.42105 1.03474526506399e-13
1122018.45430196286179 33.15789 1.07741497479519e-13
1122018.45430196286179 37.89474 1.13040727408700e-13
1122018.45430196286179 42.63158 1.19620381785440e-13
1122018.45430196286179 47.36842 1.27776667410291e-13
1122018.45430196286179 52.10526 1.38012607838865e-13
1122018.45430196286179 56.84211 1.50869994021619e-13
1122018.45430196286179 61.57895 1.67380535014246e-13
1122018.45430196286179 66.31579 1.88923861372628e-13
1122018.45430196286179 71.05263 2.17574447158208e-13
1122018.45430196286179 75.78947 2.56192969634400e-13
1122018.45430196286179 80.52632 3.06373218419253e-13
1122018.45430196286179 85.26316 3.51591759706019e-13
1122018.45430196286179 90.00000 2.67340538595593e-13
1412537.54462275258265 0.00000 4.14336919061341e-14
1412537.54462275258265 4.73684 4.15560058887901e-14
1412537.54462275258265 9.47368 4.19244521132273e-14
1412537.54462275258265 14.21053 4.25456633896621e-14
1412537.54462275258265 18.94737 4.34503131275101e-14
1412537.54462275258265 23.68421 4.46559553924552e-14
1412537.54462275258265 28.42105 4.62083914836457e-14
1412537.54462275258265 33.15789 4.81695230083711e-14
1412537.54462275258265 37.89474 5.06138673463640e-14
1412537.54462275258265 42.63158 5.36533270895744e-14
1412537.54462275258265 47.36842 5.74378383761724e-14
1412537.54462275258265 52.10526 6.22048933081210e-14
1412537.54462275258265 56.84211 6.82441456993074e-14
1412537.54462275258265 61.57895 7.60439999457704e-14
1412537.54462275258265 66.31579 8.63272420190901e-14
1412537.54462275258265 71.05263 1.00221824483739e-13
1412537.54462275258265 75.78947 1.19382500717780e-13
1412537.54462275258265 80.52632 1.45287093026288e-13
1412537.54462275258265 85.26316 1.71316280851325e-13
1412537.54462275258265 90.00000 1.36775683826156e-13
1778279.41003891918808 0.00000 1.83326584976314e-14
1778279.41003891918808 4.73684 1.83880461473198e-14
1778279.41003891918808 9.47368 1.85544284628355e-14
1778279.41003891918808 14.21053 1.88362943673800e-14
1778279.41003891918808 18.94737 1.92441026559137e-14
1778279.41003891918808 23.68421 1.97912285691033e-14
1778279.41003891918808 28.42105 2.04965929476832e-14
1778279.41003891918808 33.15789 2.13872116872970e-14
1778279.41003891918808 37.89474 2.25011859714314e-14
1778279.41003891918808 42.63158 2.38891596868571e-14
1778279.41003891918808 47.36842 2.56221441127459e-14
1778279.41003891918808 52.10526 2.78141255501159e-14
1778279.41003891918808 56.84211 3.06079825691259e-14
1778279.41003891918808 61.57895 3.42359499413081e-14
1778279.41003891918808 66.31579 3.90652997663300e-14
1778279.41003891918808 71.05263 4.56663098235236e-14
1778279.41003891918808 75.78947 5.49593871442283e-14
1778279.41003891918808 80.52632 6.79209350627014e-14
1778279.41003891918808 85.26316 8.20660492891944e-14
1778279.41003891918808 90.00000 6.81216932961112e-14
2238721.13856833800673 0.00000 8.06219679516202e-15
2238721.13856833800673 4.73684 8.08718109930278e-15
2238721.13856833800673 9.47368 8.16167823306613e-15
2238721.13856833800673 14.21053 8.28784046349640e-15
2238721.13856833800673 18.94737 8.47064048119051e-15
2238721.13856833800673 23.68421 8.71617047091311e-15
2238721.13856833800673 28.42105 9.03261170038609e-15
2238721.13856833800673 33.15789 9.43359280934434e-15
2238721.13856833800673 37.89474 9.93540428068121e-15
2238721.13856833800673 42.63158 1.05626776131940e-14
2238721.13856833800673 47.36842 1.13478546850252e-14
2238721.13856833800673 52.10526 1.23441715166952e-14
2238721.13856833800673 56.84211 1.36176405844789e-14
2238721.13856833800673 61.57895 1.52834745309514e-14
2238721.13856833800673 66.31579 1.75168243298499e-14
2238721.13856833800673 71.05263 2.05991759013254e-14
2238721.13856833800673 75.78947 2.50001956443516e-14
2238721.13856833800673 80.52632 3.13077563533785e-14
2238721.13856833800673 85.26316 3.86472975802613e-14
2238721.13856833800673 90.00000 3.31179844078046e-14
2818382.93126445543021 0.00000 3.52641496994320e-15
2818382.93126445543021 4.73684 3.53741230164502e-15
2818382.93126445543021 9.47368 3.57054111059875e-15
2818382.93126445543021 14.21053 3.62663600751275e-15
2818382.93126445543021 18.94737 3.70790723600184e-15
2818382.93126445543021 23.68421 3.81713692512287e-15
2818382.93126445543021 28.42105 3.95805650653411e-15
2818382.93126445543021 33.15789 4.13688888339092e-15
2818382.93126445543021 37.89474 4.36094571636950e-15
2818382.93126445543021 42.63158 4.64159322672893e-15
2818382.93126445543021 47.36842 4.99373786180428e-15
2818382.93126445543021 52.10526 5.44165427057114e-15
2818382.93126445543021 56.84211 6.01639750321599e-15
2818382.93126445543021 61.57895 6.77199382687968e-15
2818382.93126445543021 66.31579 7.79133372669619e-15
2818382.93126445543021 71.05263 9.21032361276781e-15
2818382.93126445543021 75.78947 1.12602016303550e-14
2818382.93126445543021 80.52632 1.42634665228183e-14
2818382.93126445543021 85.26316 1.79208390369842e-14
2818382.93126445543021 90.00000 1.57967474362327e-14
3548133.89233575342223 0.00000 1.53511543121148e-15
3548133.89233575342223 4.73684 1.53996501992364e-15
3548133.89233575342223 9.47368 1.55456762820601e-15
3548133.89233575342223 14.21053 1.57932210058735e-15
3548133.89233575342223 18.94737 1.61517749501176e-15
3548133.89233575342223 23.68421 1.66341999976615e-15
3548133.89233575342223 28.42105 1.72570063382531e-15
3548133.89233575342223 33.15789 1.80480814863776e-15
3548133.89233575342223 37.89474 1.90412445744023e-15
3548133.89233575342223 42.63158 2.02862650652764e-15
3548133.89233575342223 47.36842 2.18519342434765e-15
3548133.89233575342223 52.10526 2.38476735091276e-15
3548133.89233575342223 56.84211 2.64185353018286e-15
3548133.89233575342223 61.57895 2.98098404576932e-15
3548133.89233575342223 66.31579 3.44107279576762e-15
3548133.89233575342223 71.05263 4.08619982820627e-15
3548133.89233575342223 75.78947 5.02931235156351e-15
3548133.89233575342223 80.52632 6.43428731003052e-15
3548133.89233575342223 85.26316 8.20454362797922e-15
3548133.89233575342223 90.00000 7.40307451217834e-15
4466835.92150962632149 0.00000 6.65398635455379e-16
4466835.92150962632149 4.73684 6.67523188097062e-16
4466835.92150962632149 9.47368 6.73922466148130e-16
4466835.92150962632149 14.21053 6.84765418657663e-16
4466835.92150962632149 18.94737 7.00487264913043e-16
4466835.92150962632149 23.68421 7.21645915906170e-16
4466835.92150962632149 28.42105 7.48967524637234e-16
4466835.92150962632149 33.15789 7.83747235177938e-16
4466835.92150962632149 37.89474 8.27414557714708e-16
4466835.92150962632149 42.63158 8.82250871003557e-16
4466835.92150962632149 47.36842 9.51372307543436e-16
4466835.92150962632149 52.10526 1.03962779382057e-15
4466835.92150962632149 56.84211 1.15362332042491e-15
4466835.92150962632149 61.57895 1.30446305813228e-15
4466835.92150962632149 66.31579 1.50997202116380e-15
4466835.92150962632149 71.05263 1.80006869404459e-15
4466835.92150962632149 75.78947 2.22833900517021e-15
4466835.92150962632149 80.52632 2.87476586273441e-15
4466835.92150962632149 85.26316 3.71452231780120e-15
4466835.92150962632149 90.00000 3.41115667739526e-15
5623413.25190347898751 0.00000 2.87409847499753e-16
5623413.25190347898751 4.73684 2.88331585098294e-16
5623413.25190347898751 9.47368 2.91120932311646e-16
5623413.25190347898751 14.21053 2.95854721408005e-16
5623413.25190347898751 18.94737 3.02698535426293e-16
5623413.25190347898751 23.68421 3.11933897513434e-16
5623413.25190347898751 28.42105 3.23864299710766e-16
5623413.25190347898751 33.15789 3.39044648817508e-16
5623413.25190347898751 37.89474 3.58136099038886e-16
5623413.25190347898751 42.63158 3.82147314428195e-16
5623413.25190347898751 47.36842 4.12446593877016e-16
5623413.25190347898751 52.10526 4.51217525368001e-16
5623413.25190347898751 56.84211 5.01384056763776e-16
5623413.25190347898751 61.57895 5.67968006243406e-16
5623413.25190347898751 66.31579 6.59034182242041e-16
5623413.25190347898751 71.05263 7.88251739196309e-16
5623413.25190347898751 75.78947 9.80351898879424e-16
5623413.25190347898751 80.52632 1.27409988652432e-15
5623413.25190347898751 85.26316 1.66492360819070e-15
5623413.25190347898751 90.00000 1.55104974763217e-15
7079457.84384137298912 0.00000 1.23815761869067e-16
7079457.84384137298912 4.73684 1.24216954706112e-16
7079457.84384137298912 9.47368 1.25426487727363e-16
7079457.84384137298912 14.21053 1.27477467865231e-16
7079457.84384137298912 18.94737 1.30451191089591e-16
7079457.84384137298912 23.68421 1.34458652075965e-16
7079457.84384137298912 28.42105 1.39641984774431e-16
7079457.84384137298912 33.15789 1.46241841172523e-16
7079457.84384137298912 37.89474 1.54547842137091e-16
7079457.84384137298912 42.63158 1.65004523682823e-16
7079457.84384137298912 47.36842 1.78210109883319e-16
7079457.84384137298912 52.10526 1.95139652939769e-16
7079457.84384137298912 56.84211 2.17085959002028e-16
7079457.84384137298912 61.57895 2.46295367553005e-16
7079457.84384137298912 66.31579 2.86368509176538e-16
7079457.84384137298912 71.05263 3.43481209875421e-16
7079457.84384137298912 75.78947 4.28932551254571e-16
7079457.84384137298912 80.52632 5.61002078079094e-16
7079457.84384137298912 85.26316 7.39671978554354e-16
7079457.84384137298912 90.00000 6.97586200903961e-16
8912509.38133745826781 0.00000 5.32468189613680e-17
8912509.38133745826781 4.73684 5.34206461604889e-17
8912509.38133745826781 9.47368 5.39433119796517e-17
8912509.38133745826781 14.21053 5.48290355949497e-17
8912509.38133745826781 18.94737 5.61155827894034e-17
8912509.38133745826781 23.68421 5.78493605329745e-17
8912509.38133745826781 28.42105 6.00916263062735e-17
8912509.38133745826781 33.15789 6.29497156521280e-17
8912509.38133745826781 37.89474 6.65486358194772e-17
8912509.38133745826781 42.63158 7.10838510438001e-17
8912509.38133745826781 47.36842 7.68153822806960e-17
8912509.38133745826781 52.10526 8.41739683264105e-17
8912509.38133745826781 56.84211 9.37293932573712e-17
8912509.38133745826781 61.57895 1.06472559059101e-16
8912509.38133745826781 66.31579 1.24000483716889e-16
8912509.38133745826781 71.05263 1.49084053010323e-16
8912509.38133745826781 75.78947 1.86817859012173e-16
8912509.38133745826781 80.52632 2.45618412022633e-16
8912509.38133745826781 85.26316 3.26394043897901e-16
8912509.38133745826781 90.00000 3.10833093617117e-16
11220184.54301963001490 0.00000 2.28674020251672e-17
11220184.54301963001490 4.73684 2.29421758914562e-17
11220184.54301963001490 9.47368 2.31674446826085e-17
11220184.54301963001490 14.21053 2.35494417464752e-17
11220184.54301963001490 18.94737 2.41036769863201e-17
11220184.54301963001490 23.68421 2.48514170517894e-17
11220184.54301963001490 28.42105 2.58189379445130e-17
11220184.54301963001490 33.15789 2.70520048424532e-17
11220184.54301963001490 37.89474 2.86060423959626e-17
11220184.54301963001490 42.63158 3.05657623294594e-17
11220184.54301963001490 47.36842 3.30449815671013e-17
11220184.54301963001490 52.10526 3.62310502319716e-17
11220184.54301963001490 56.84211 4.03743582817959e-17
11220184.54301963001490 61.57895 4.59077621105599e-17
11220184.54301963001490 66.31579 5.35389418976202e-17
11220184.54301963001490 71.05263 6.44919803560623e-17
11220184.54301963001490 75.78947 8.10443914752302e-17
11220184.54301963001490 80.52632 1.07013828443949e-16
11220184.54301963001490 85.26316 1.43153370755173e-16
11220184.54301963001490 90.00000 1.37339114423909e-16
14125375.44622752629220 0.00000 9.81259322791803e-18
14125375.44622752629220 4.73684 9.84471581393211e-18
14125375.44622752629220 9.47368 9.94157830785161e-18
14125375.44622752629220 14.21053 1.01058745346794e-17
14125375.44622752629220 18.94737 1.03442510520239e-17
14125375.44622752629220 23.68421 1.06658263619859e-17
14125375.44622752629220 28.42105 1.10821315080543e-17
14125375.44622752629220 33.15789 1.16130424216767e-17
14125375.44622752629220 37.89474 1.22823587749972e-17
14125375.44622752629220 42.63158 1.31267836809092e-17
14125375.44622752629220 47.36842 1.41959921028537e-17
14125375.44622752629220 52.10526 1.55711426667130e-17
14125375.44622752629220 56.84211 1.73619706064542e-17
14125375.44622752629220 61.57895 1.97563121766453e-17
14125375.44622752629220 66.31579 2.30654852311116e-17
14125375.44622752629220 71.05263 2.78269931444748e-17
14125375.44622752629220 75.78947 3.50536799719760e-17
14125375.44622752629220 80.52632 4.64488954916399e-17
14125375.44622752629220 85.26316 6.24773519829046e-17
14125375.44622752629220 90.00000 6.03092115460801e-17
17782794.10038919001818 0.00000 4.20917217484539e-18
17782794.10038919001818 4.73684 4.22296896383898e-18
17782794.10038919001818 9.47368 4.26453316318980e-18
17782794.10038919001818 14.21053 4.33502385457973e-18
17782794.10038919001818 18.94737 4.43737446922559e-18
17782794.10038919001818 23.68421 4.57541665333192e-18
17782794.10038919001818 28.42105 4.75419449327820e-18
17782794.10038919001818 33.15789 4.98230214870546e-18
17782794.10038919001818 37.89474 5.26996123467963e-18
17782794.10038919001818 42.63158 5.63305093110205e-18
17782794.10038919001818 47.36842 6.09308690361553e-18
17782794.10038919001818 52.10526 6.68518619539832e-18
17782794.10038919001818 56.84211 7.45683361348355e-18
17782794.10038919001818 61.57895 8.49001772552303e-18
17782794.10038919001818 66.31579 9.92006560287908e-18
17782794.10038919001818 71.05263 1.19825821913116e-17
17782794.10038919001818 75.78947 1.51221044205660e-17
17782794.10038919001818 80.52632 2.01003655771644e-17
17782794.10038919001818 85.26316 2.71570841434555e-17
17782794.10038919001818 90.00000 2.63388234227188e-17
22387211.38568333163857 0.00000 1.80526791446791e-18
22387211.38568333163857 4.73684 1.81117462585145e-18
22387211.38568333163857 9.47368 1.82898183485722e-18
22387211.38568333163857 14.21053 1.85919174755922e-18
22387211.38568333163857 18.94737 1.90303754140803e-18
22387211.38568333163857 23.68421 1.96220909047845e-18
22387211.38568333163857 28.42105 2.03884741333964e-18
22387211.38568333163857 33.15789 2.13665121965100e-18
22387211.38568333163857 37.89474 2.26003821321736e-18
22387211.38568333163857 42.63158 2.41584405752403e-18
22387211.38568333163857 47.36842 2.61333423761395e-18
22387211.38568333163857 52.10526 2.86770050677254e-18
22387211.38568333163857 56.84211 3.19940909783999e-18
22387211.38568333163857 61.57895 3.64403148723840e-18
22387211.38568333163857 66.31579 4.26019885905915e-18
22387211.38568333163857 71.05263 5.15057494501228e-18
22387211.38568333163857 75.78947 6.50935146125312e-18
22387211.38568333163857 80.52632 8.67282980564664e-18
22387211.38568333163857 85.26316 1.17585971955220e-17
22387211.38568333163857 90.00000 1.14404121634802e-17
28183829.31264449656010 0.00000 7.74047583667901e-19
28183829.31264449656010 4.73684 7.76574967655749e-19
28183829.31264449656010 9.47368 7.84188991621457e-19
28183829.31264449656010 14.21053 7.97101756349008e-19
28183829.31264449656010 18.94737 8.15857616077288e-19
28183829.31264449656010 23.68421 8.41161511831820e-19
28183829.31264449656010 28.42105 8.73952640808896e-19
28183829.31264449656010 33.15789 9.15800730644965e-19
28183829.31264449656010 37.89474 9.68610891026460e-19
28183829.31264449656010 42.63158 1.03532015746948e-18
28183829.31264449656010 47.36842 1.11990631671014e-18
28183829.31264449656010 52.10526 1.22890661231399e-18
28183829.31264449656010 56.84211 1.37114989568024e-18
28183829.31264449656010 61.57895 1.56194330919972e-18
28183829.31264449656010 66.31579 1.82665758296747e-18
28183829.31264449656010 71.05263 2.20972002699753e-18
28183829.31264449656010 75.78947 2.79562744310055e-18
28183829.31264449656010 80.52632 3.73137611533667e-18
28183829.31264449656010 85.26316 5.07282960974373e-18
28183829.31264449656010 90.00000 4.94602792874484e-18
35481338.92335753142834 0.00000 3.31783647432458e-19
35481338.92335753142834 4.73684 3.32861716834036e-19
35481338.92335753142834 9.47368 3.36109726153412e-19
35481338.92335753142834 14.21053 3.41621216137799e-19
35481338.92335753142834 18.94737 3.49622741948587e-19
35481338.92335753142834 23.68421 3.60423188388199e-19
35481338.92335753142834 28.42105 3.74419735854798e-19
35481338.92335753142834 33.15789 3.92285735517504e-19
35481338.92335753142834 37.89474 4.14836048010613e-19
35481338.92335753142834 42.63158 4.43329164618346e-19
35481338.92335753142834 47.36842 4.79468638615595e-19
35481338.92335753142834 52.10526 5.26059804382214e-19
35481338.92335753142834 56.84211 5.86888107674250e-19
35481338.92335753142834 61.57895 6.68531544716220e-19
35481338.92335753142834 66.31579 7.81904115785924e-19
35481338.92335753142834 71.05263 9.46170051097636e-19
35481338.92335753142834 75.78947 1.19782634387705e-18
35481338.92335753142834 80.52632 1.60085994197342e-18
35481338.92335753142834 85.26316 2.18068587976322e-18
35481338.92335753142834 90.00000 2.12893399342210e-18
44668359.21509625762701 0.00000 1.42159580257416e-19
44668359.21509625762701 4.73684 1.42618574239386e-19
44668359.21509625762701 9.47368 1.44001332968079e-19
44668359.21509625762701 14.21053 1.46345935728278e-19
44668359.21509625762701 18.94737 1.49752765744043e-19
44668359.21509625762701 23.68421 1.54349848423379e-19
44668359.21509625762701 28.42105 1.60307563578423e-19
44668359.21509625762701 33.15789 1.67916085337839e-19
44668359.21509625762701 37.89474 1.77520159347118e-19
44668359.21509625762701 42.63158 1.89660075573177e-19
44668359.21509625762701 47.36842 2.05059048153758e-19
44668359.21509625762701 52.10526 2.24916819134142e-19
44668359.21509625762701 56.84211 2.50854034902739e-19
44668359.21509625762701 61.57895 2.85685913684247e-19
44668359.21509625762701 66.31579 3.34087863635653e-19
44668359.21509625762701 71.05263 4.04285368058709e-19
44668359.21509625762701 75.78947 5.11985162094719e-19
44668359.21509625762701 80.52632 6.84779107150739e-19
44668359.21509625762701 85.26316 9.34082908724128e-19
44668359.21509625762701 90.00000 9.12188094243772e-19
56234132.51903479546309 0.00000 6.08833205006774e-20
56234132.51903479546309 4.73684 6.10782647248279e-20
56234132.51903479546309 9.47368 6.16647656920913e-20
56234132.51903479546309 14.21053 6.26602961581073e-20
56234132.51903479546309 18.94737 6.41071623899093e-20
56234132.51903479546309 23.68421 6.60564931698532e-20
56234132.51903479546309 28.42105 6.85865722822335e-20
56234132.51903479546309 33.15789 7.18169575306934e-20
56234132.51903479546309 37.89474 7.58940039460335e-20
56234132.51903479546309 42.63158 8.10497015680276e-20
56234132.51903479546309 47.36842 8.75920027804521e-20
56234132.51903479546309 52.10526 9.60294225691633e-20
56234132.51903479546309 56.84211 1.07053105442309e-19
56234132.51903479546309 61.57895 1.21862875013605e-19
56234132.51903479546309 66.31579 1.42454412976081e-19
56234132.51903479546309 71.05263 1.72340356007192e-19
56234132.51903479546309 75.78947 2.18243751789591e-19
56234132.51903479546309 80.52632 2.91998314540363e-19
56234132.51903479546309 85.26316 3.98569338533668e-19
56234132.51903479546309 90.00000 3.89034921239667e-19
70794578.43841359019279 0.00000 2.60560775314480e-20
70794578.43841359019279 4.73684 2.61379955527701e-20
70794578.43841359019279 9.47368 2.63863074013111e-20
70794578.43841359019279 14.21053 2.68075317316307e-20
70794578.43841359019279 18.94737 2.74198737860346e-20
70794578.43841359019279 23.68421 2.82447799243059e-20
70794578.43841359019279 28.42105 2.93153311425832e-20
70794578.43841359019279 33.15789 3.06818851200309e-20
70794578.43841359019279 37.89474 3.24071492431564e-20
70794578.43841359019279 42.63158 3.45887863610034e-20
70794578.43841359019279 47.36842 3.73573013642704e-20
70794578.43841359019279 52.10526 4.09301966170846e-20
70794578.43841359019279 56.84211 4.55974587491012e-20
70794578.43841359019279 61.57895 5.18708124343192e-20
70794578.43841359019279 66.31579 6.05963285139908e-20
70794578.43841359019279 71.05263 7.32683391933867e-20
70794578.43841359019279 75.78947 9.27479756749175e-20
70794578.43841359019279 80.52632 1.24078773704917e-19
70794578.43841359019279 85.26316 1.69382808104228e-19
70794578.43841359019279 90.00000 1.65121296581426e-19
89125093.81337440013885 0.00000 1.11419393696968e-20
89125093.81337440013885 4.73684 1.11766636449914e-20
89125093.81337440013885 9.47368 1.12812611578673e-20
89125093.81337440013885 14.21053 1.14585782577024e-20
89125093.81337440013885 18.94737 1.17162675042227e-20
89125093.81337440013885 23.68421 1.20642781697933e-20
89125093.81337440013885 28.42105 1.25151815666988e-20
89125093.81337440013885 33.15789 1.30910170450072e-20
89125093.81337440013885 37.89474 1.38179136638988e-20
89125093.81337440013885 42.63158 1.47373561754796e-20
89125093.81337440013885 47.36842 1.59042749077322e-20
89125093.81337440013885 52.10526 1.74101474809222e-20
89125093.81337440013885 56.84211 1.93778060883029e-20
89125093.81337440013885 61.57895 2.20236020418714e-20
89125093.81337440013885 66.31579 2.57043266756190e-20
89125093.81337440013885 71.05263 3.10520003633416e-20
89125093.81337440013885 75.78947 3.92769604000074e-20
89125093.81337440013885 80.52632 5.25138603344573e-20
89125093.81337440013885 85.26316 7.16493964494220e-20
89125093.81337440013885 90.00000 6.96804311599611e-20
112201845.43019630014896 0.00000 4.75994002726738e-21
112201845.43019630014896 4.73684 4.77454726897229e-21
112201845.43019630014896 9.47368 4.81834833658795e-21
112201845.43019630014896 14.21053 4.89290282467504e-21
112201845.43019630014896 18.94737 5.00081096176092e-21
112201845.43019630014896 23.68421 5.14667890269016e-21
112201845.43019630014896 28.42105 5.33596573561528e-21
112201845.43019630014896 33.15789 5.57737337225093e-21
112201845.43019630014896 37.89474 5.88245249872273e-21
112201845.43019630014896 42.63158 6.26818593248568e-21
112201845.43019630014896 47.36842 6.75773375205985e-21
112201845.43019630014896 52.10526 7.38959612306133e-21
112201845.43019630014896 56.84211 8.21539077036114e-21
112201845.43019630014896 61.57895 9.32558645781858e-21
112201845.43019630014896 66.31579 1.08706739554933e-20
112201845.43019630014896 71.05263 1.31160260650945e-20
112201845.43019630014896 75.78947 1.65710813704091e-20
112201845.43019630014896 80.52632 2.21324143807796e-20
112201845.43019630014896 85.26316 3.01664388727085e-20
112201845.43019630014896 90.00000 2.92598241363251e-20
141253754.46227526664734 0.00000 2.03190674415333e-21
141253754.46227526664734 4.73684 2.03798693841056e-21
141253754.46227526664734 9.47368 2.05630453956272e-21
141253754.46227526664734 14.21053 2.08732671238674e-21
141253754.46227526664734 18.94737 2.13253555389369e-21
141253754.46227526664734 23.68421 2.19327379200435e-21
141253754.46227526664734 28.42105 2.27226628284745e-21
141253754.46227526664734 33.15789 2.37313063481194e-21
141253754.46227526664734 37.89474 2.50051710902611e-21
141253754.46227526664734 42.63158 2.66154636924465e-21
141253754.46227526664734 47.36842 2.86575711615276e-21
141253754.46227526664734 52.10526 3.12971270351043e-21
141253754.46227526664734 56.84211 3.47441493410605e-21
141253754.46227526664734 61.57895 3.93795844153281e-21
141253754.46227526664734 66.31579 4.58316643323435e-21
141253754.46227526664734 71.05263 5.52108440046625e-21
141253754.46227526664734 75.78947 6.96490331523449e-21
141253754.46227526664734 80.52632 9.28884404427070e-21
141253754.46227526664734 85.26316 1.26434274424981e-20
141253754.46227526664734 90.00000 1.22367085045327e-20
177827941.00389194488525 0.00000 8.66489221571577e-22
177827941.00389194488525 4.73684 8.69026411648658e-22
177827941.00389194488525 9.47368 8.76609648458475e-22
177827941.00389194488525 14.21053 8.89455431339754e-22
177827941.00389194488525 18.94737 9.08262996461344e-22
177827941.00389194488525 23.68421 9.33463584487540e-22
177827941.00389194488525 28.42105 9.66211803894591e-22
177827941.00389194488525 33.15789 1.00811418938447e-21
177827941.00389194488525 37.89474 1.06100242300243e-21
177827941.00389194488525 42.63158 1.12784401443728e-21
177827941.00389194488525 47.36842 1.21259112127366e-21
177827941.00389194488525 52.10526 1.32212137685686e-21
177827941.00389194488525 56.84211 1.46518571075951e-21
177827941.00389194488525 61.57895 1.65765090706249e-21
177827941.00389194488525 66.31579 1.92552819704466e-21
177827941.00389194488525 71.05263 2.31495546827329e-21
177827941.00389194488525 75.78947 2.91441913160582e-21
177827941.00389194488525 80.52632 3.87967528271879e-21
177827941.00389194488525 85.26316 5.27075152575749e-21
177827941.00389194488525 90.00000 5.08864204961123e-21
223872113.85683333873749 0.00000 3.68970118709104e-22
223872113.85683333873749 4.73684 3.70011384646923e-22
223872113.85683333873749 9.47368 3.73148441384789e-22
223872113.85683333873749 14.21053 3.78439243669789e-22
223872113.85683333873749 18.94737 3.86202095009615e-22
223872113.85683333873749 23.68421 3.96589699660710e-22
223872113.85683333873749 28.42105 4.10114657246723e-22
223872113.85683333873749 33.15789 4.27383475393505e-22
223872113.85683333873749 37.89474 4.49173784701844e-22
223872113.85683333873749 42.63158 4.76738030285862e-22
223872113.85683333873749 47.36842 5.11712073326933e-22
223872113.85683333873749 52.10526 5.56850298702147e-22
223872113.85683333873749 56.84211 6.15883327339011e-22
223872113.85683333873749 61.57895 6.95239611965960e-22
223872113.85683333873749 66.31579 8.05677194980699e-22
223872113.85683333873749 71.05263 9.66272593216124e-22
223872113.85683333873749 75.78947 1.21348298548444e-21
223872113.85683333873749 80.52632 1.61136256688302e-21
223872113.85683333873749 85.26316 2.18381675330184e-21
223872113.85683333873749 90.00000 2.10177327666709e-21
281838293.12644493579865 0.00000 1.56953850992722e-22
281838293.12644493579865 4.73684 1.57383842341516e-22
281838293.12644493579865 9.47368 1.58663735861776e-22
281838293.12644493579865 14.21053 1.60840418557417e-22
281838293.12644493579865 18.94737 1.64005328497748e-22
281838293.12644493579865 23.68421 1.68264398908294e-22
281838293.12644493579865 28.42105 1.73805011000011e-22
281838293.12644493579865 33.15789 1.80874748082449e-22
281838293.12644493579865 37.89474 1.89793340778525e-22
281838293.12644493579865 42.63158 2.01080327243451e-22
281838293.12644493579865 47.36842 2.15409697443754e-22
281838293.12644493579865 52.10526 2.33900327080851e-22
281838293.12644493579865 56.84211 2.58061026841695e-22
281838293.12644493579865 61.57895 2.90541952969129e-22
281838293.12644493579865 66.31579 3.35768682371490e-22
281838293.12644493579865 71.05263 4.01497266925234e-22
281838293.12644493579865 75.78947 5.02679002374588e-22
281838293.12644493579865 80.52632 6.65424823736105e-22
281838293.12644493579865 85.26316 8.99178687542791e-22
281838293.12644493579865 90.00000 8.62204611927158e-22
354813389.23357540369034 0.00000 6.67419098327341e-23
354813389.23357540369034 4.73684 6.69125347379353e-23
354813389.23357540369034 9.47368 6.74348150864853e-23
354813389.23357540369034 14.21053 6.83260129566043e-23
354813389.23357540369034 18.94737 6.96037389178176e-23
354813389.23357540369034 23.68421 7.13430268562353e-23
354813389.23357540369034 28.42105 7.35911143765693e-23
354813389.23357540369034 33.15789 7.64663234766506e-23
354813389.23357540369034 37.89474 8.00893791309449e-23
354813389.23357540369034 42.63158 8.46812890639508e-23
354813389.23357540369034 47.36842 9.04985577691515e-23
354813389.23357540369034 52.10526 9.80121771151652e-23
354813389.23357540369034 56.84211 1.07828900136655e-22
354813389.23357540369034 61.57895 1.21023464856202e-22
354813389.23357540369034 66.31579 1.39393593660474e-22
354813389.23357540369034 71.05263 1.66093682111468e-22
354813389.23357540369034 75.78947 2.07180230422790e-22
354813389.23357540369034 80.52632 2.73222276591611e-22
354813389.23357540369034 85.26316 3.67837518746748e-22
354813389.23357540369034 90.00000 3.51343248637065e-22
446683592.15096259117126 0.00000 2.83828029680307e-23
446683592.15096259117126 4.73684 2.84527978795689e-23
446683592.15096259117126 9.47368 2.86636824250805e-23
446683592.15096259117126 14.21053 2.90201794486486e-23
446683592.15096259117126 18.94737 2.95388012782423e-23
446683592.15096259117126 23.68421 3.02386903823963e-23
446683592.15096259117126 28.42105 3.11461233376598e-23
446683592.15096259117126 33.15789 3.23052265815442e-23
446683592.15096259117126 37.89474 3.37687308010960e-23
446683592.15096259117126 42.63158 3.56184867854066e-23
446683592.15096259117126 47.36842 3.79671240006675e-23
446683592.15096259117126 52.10526 4.09952271352251e-23
446683592.15096259117126 56.84211 4.49534820707202e-23
446683592.15096259117126 61.57895 5.02727474154561e-23
446683592.15096259117126 66.31579 5.76740335531247e-23
446683592.15096259117126 71.05263 6.84348525789986e-23
446683592.15096259117126 75.78947 8.49882795228576e-23
446683592.15096259117126 80.52632 1.11580234350522e-22
446683592.15096259117126 85.26316 1.49555591395164e-22
446683592.15096259117126 90.00000 1.42260116883194e-22
562341325.19034790992737 0.00000 1.20883977478736e-23
562341325.19034790992737 4.73684 1.21174125337529e-23
562341325.19034790992737 9.47368 1.22014351787004e-23
562341325.19034790992737 14.21053 1.23428471047637e-23
562341325.19034790992737 18.94737 1.25525050389487e-23
562341325.19034790992737 23.68421 1.28311023032637e-23
562341325.19034790992737 28.42105 1.31950036375544e-23
562341325.19034790992737 33.15789 1.36596229206990e-23
562341325.19034790992737 37.89474 1.42451601045044e-23
562341325.19034790992737 42.63158 1.49853119207288e-23
562341325.19034790992737 47.36842 1.59257113589324e-23
562341325.19034790992737 52.10526 1.71393135662041e-23
562341325.19034790992737 56.84211 1.87220168489703e-23
562341325.19034790992737 61.57895 2.08505048533452e-23
562341325.19034790992737 66.31579 2.38132352731749e-23
562341325.19034790992737 71.05263 2.81155715582134e-23
562341325.19034790992737 75.78947 3.47336278406209e-23
562341325.19034790992737 80.52632 4.53592615847875e-23
562341325.19034790992737 85.26316 6.04782057662279e-23
562341325.19034790992737 90.00000 5.72808017292101e-23
707945784.38413584232330 0.00000 5.16421801173723e-24
707945784.38413584232330 4.73684 5.17557074473385e-24
707945784.38413584232330 9.47368 5.20893715631947e-24
707945784.38413584232330 14.21053 5.26580896026347e-24
707945784.38413584232330 18.94737 5.34858953187865e-24
707945784.38413584232330 23.68421 5.45962631101917e-24
707945784.38413584232330 28.42105 5.60487026765299e-24
707945784.38413584232330 33.15789 5.78908723186948e-24
707945784.38413584232330 37.89474 6.02210629943491e-24
707945784.38413584232330 42.63158 6.31666663905344e-24
707945784.38413584232330 47.36842 6.68954830859420e-24
707945784.38413584232330 52.10526 7.17241007768293e-24
707945784.38413584232330 56.84211 7.80143851686371e-24
707945784.38413584232330 61.57895 8.64630557468023e-24
707945784.38413584232330 66.31579 9.82278993770846e-24
707945784.38413584232330 71.05263 1.15311949054947e-23
707945784.38413584232330 75.78947 1.41572964795014e-23
707945784.38413584232330 80.52632 1.83672022891809e-23
707945784.38413584232330 85.26316 2.43430836610769e-23
707945784.38413584232330 90.00000 2.29531073580060e-23
891250938.13374412059784 0.00000 2.21720335662321e-24
891250938.13374412059784 4.73684 2.22151218795148e-24
891250938.13374412059784 9.47368 2.23479273430418e-24
891250938.13374412059784 14.21053 2.25738469186161e-24
891250938.13374412059784 18.94737 2.29004468563443e-24
891250938.13374412059784 23.68421 2.33414817943013e-24
891250938.13374412059784 28.42105 2.39125432640223e-24
891250938.13374412059784 33.15789 2.46408376049130e-24
891250938.13374412059784 37.89474 2.55620770725385e-24
891250938.13374412059784 42.63158 2.67274589596707e-24
891250938.13374412059784 47.36842 2.81973457567720e-24
891250938.13374412059784 52.10526 3.01014912051941e-24
891250938.13374412059784 56.84211 3.25843076138491e-24
891250938.13374412059784 61.57895 3.59169704980603e-24
891250938.13374412059784 66.31579 4.05517579575880e-24
891250938.13374412059784 71.05263 4.72876542587359e-24
891250938.13374412059784 75.78947 5.76288908002721e-24
891250938.13374412059784 80.52632 7.41841591221108e-24
891250938.13374412059784 85.26316 9.76244701274976e-24
891250938.13374412059784 90.00000 9.16034873846447e-24
1122018454.30196285247803 0.00000 9.57757859140455e-25
1122018454.30196285247803 4.73684 9.59496631366673e-25
1122018454.30196285247803 9.47368 9.64736545958457e-25
1122018454.30196285247803 14.21053 9.73573004085831e-25
1122018454.30196285247803 18.94737 9.86470639784100e-25
1122018454.30196285247803 23.68421 1.00384535534583e-24
1122018454.30196285247803 28.42105 1.02622534133029e-24
1122018454.30196285247803 33.15789 1.05494967227780e-24
1122018454.30196285247803 37.89474 1.09103158127789e-24
1122018454.30196285247803 42.63158 1.13679044269961e-24
1122018454.30196285247803 47.36842 1.19461714134025e-24
1122018454.30196285247803 52.10526 1.26932348949693e-24
1122018454.30196285247803 56.84211 1.36684732515180e-24
1122018454.30196285247803 61.57895 1.49730154425660e-24
1122018454.30196285247803 66.31579 1.67879273521741e-24
1122018454.30196285247803 71.05263 1.94246827752668e-24
1122018454.30196285247803 75.78947 2.34747274717753e-24
1122018454.30196285247803 80.52632 2.99408526373227e-24
1122018454.30196285247803 85.26316 3.90520624357113e-24
1122018454.30196285247803 90.00000 3.64708403781970e-24
1412537544.62275242805481 0.00000 4.16962687430772e-25
1412537544.62275242805481 4.73684 4.17682397851632e-25
1412537544.62275242805481 9.47368 4.19723262586855e-25
1412537544.62275242805481 14.21053 4.23179680350920e-25
1412537544.62275242805481 18.94737 4.28199148087236e-25
1412537544.62275242805481 23.68421 4.35060030770509e-25
1412537544.62275242805481 28.42105 4.43845997263933e-25
1412537544.62275242805481 33.15789 4.55117142742124e-25
1412537544.62275242805481 37.89474 4.69222299972162e-25
1412537544.62275242805481 42.63158 4.87145587770601e-25
1412537544.62275242805481 47.36842 5.09788876181912e-25
1412537544.62275242805481 52.10526 5.38973187038712e-25
1412537544.62275242805481 56.84211 5.77007968717467e-25
1412537544.62275242805481 61.57895 6.27903470491397e-25
1412537544.62275242805481 66.31579 6.98569704888193e-25
1412537544.62275242805481 71.05263 8.01230749661000e-25
1412537544.62275242805481 75.78947 9.58743264669644e-25
1412537544.62275242805481 80.52632 1.20968068406326e-24
1412537544.62275242805481 85.26316 1.56172760348989e-24
1412537544.62275242805481 90.00000 1.45151255912156e-24
1778279410.03891897201538 0.00000 1.83622318489724e-25
1778279410.03891897201538 4.73684 1.83906329259432e-25
1778279410.03891897201538 9.47368 1.84707686520320e-25
1778279410.03891897201538 14.21053 1.86050501880869e-25
1778279410.03891897201538 18.94737 1.88043632177418e-25
1778279410.03891897201538 23.68421 1.90713863318833e-25
1778279410.03891897201538 28.42105 1.94151159686554e-25
1778279410.03891897201538 33.15789 1.98569910898052e-25
1778279410.03891897201538 37.89474 2.04111086472271e-25
1778279410.03891897201538 42.63158 2.11094976505243e-25
1778279410.03891897201538 47.36842 2.19930661392129e-25
1778279410.03891897201538 52.10526 2.31282971144239e-25
1778279410.03891897201538 56.84211 2.46085251401756e-25
1778279410.03891897201538 61.57895 2.65870682138939e-25
1778279410.03891897201538 66.31579 2.93304749502800e-25
1778279410.03891897201538 71.05263 3.33073232402435e-25
1778279410.03891897201538 75.78947 3.93984054533913e-25
1778279410.03891897201538 80.52632 4.91012339184703e-25
1778279410.03891897201538 85.26316 6.26420422171936e-25
1778279410.03891897201538 90.00000 5.79288473381334e-25
2238721138.56833314895630 0.00000 8.19148444690053e-26
2238721138.56833314895630 4.73684 8.20245053552107e-26
2238721138.56833314895630 9.47368 8.23397001616545e-26
2238721138.56833314895630 14.21053 8.28779764465317e-26
2238721138.56833314895630 18.94737 8.36629974330414e-26
2238721138.56833314895630 23.68421 8.47068457299884e-26
2238721138.56833314895630 28.42105 8.60631749479189e-26
2238721138.56833314895630 33.15789 8.77953352601826e-26
2238721138.56833314895630 37.89474 8.99769474651017e-26
2238721138.56833314895630 42.63158 9.27074967601066e-26
2238721138.56833314895630 47.36842 9.61552328833252e-26
2238721138.56833314895630 52.10526 1.00584628412488e-25
2238721138.56833314895630 56.84211 1.06334265422712e-25
2238721138.56833314895630 61.57895 1.14016041949140e-25
2238721138.56833314895630 66.31579 1.24658718092748e-25
2238721138.56833314895630 71.05263 1.40024386528863e-25
2238721138.56833314895630 75.78947 1.63515953075428e-25
2238721138.56833314895630 80.52632 2.00908439971982e-25
2238721138.56833314895630 85.26316 2.52692959661881e-25
2238721138.56833314895630 90.00000 2.32559865244845e-25
2818382931.26445007324219 0.00000 3.70305250794382e-26
2818382931.26445007324219 4.73684 3.70719029803697e-26
2818382931.26445007324219 9.47368 3.71992139531280e-26
2818382931.26445007324219 14.21053 3.74177657073764e-26
2818382931.26445007324219 18.94737 3.77260925630534e-26
2818382931.26445007324219 23.68421 3.81467536377965e-26
2818382931.26445007324219 28.42105 3.86859297735624e-26
2818382931.26445007324219 33.15789 3.93734253406469e-26
2818382931.26445007324219 37.89474 4.02324451744788e-26
2818382931.26445007324219 42.63158 4.13114576213443e-26
2818382931.26445007324219 47.36842 4.26644299515537e-26
2818382931.26445007324219 52.10526 4.44073366931866e-26
2818382931.26445007324219 56.84211 4.66579796272377e-26
2818382931.26445007324219 61.57895 4.96441376561372e-26
2818382931.26445007324219 66.31579 5.37649175608220e-26
2818382931.26445007324219 71.05263 5.97172982119382e-26
2818382931.26445007324219 75.78947 6.87825671775555e-26
2818382931.26445007324219 80.52632 8.31324454359710e-26
2818382931.26445007324219 85.26316 1.02926144810343e-25
2818382931.26445007324219 90.00000 9.42702555923254e-26
3548133892.33575296401978 0.00000 1.69785392323438e-26
3548133892.33575296401978 4.73684 1.69954565867324e-26
3548133892.33575296401978 9.47368 1.70473168214868e-26
3548133892.33575296401978 14.21053 1.71362040271173e-26
3548133892.33575296401978 18.94737 1.72616428986346e-26
3548133892.33575296401978 23.68421 1.74328368994673e-26
3548133892.33575296401978 28.42105 1.76513141384039e-26
3548133892.33575296401978 33.15789 1.79278937658800e-26
3548133892.33575296401978 37.89474 1.82723407614485e-26
3548133892.33575296401978 42.63158 1.87037815903379e-26
3548133892.33575296401978 47.36842 1.92424277334215e-26
3548133892.33575296401978 52.10526 1.99309838227144e-26
3548133892.33575296401978 56.84211 2.08183507508554e-26
3548133892.33575296401978 61.57895 2.19901927370013e-26
3548133892.33575296401978 66.31579 2.36013612104349e-26
3548133892.33575296401978 71.05263 2.59081382106931e-26
3548133892.33575296401978 75.78947 2.94102611865633e-26
3548133892.33575296401978 80.52632 3.49364336166960e-26
3548133892.33575296401978 85.26316 4.24814979863970e-26
3548133892.33575296401978 90.00000 3.87216342055677e-26
4466835921.50962543487549 0.00000 7.89146120762781e-27
4466835921.50962543487549 4.73684 7.89866532771628e-27
4466835921.50962543487549 9.47368 7.92033994867520e-27
4466835921.50962543487549 14.21053 7.95689273281171e-27
4466835921.50962543487549 18.94737 8.00945827842063e-27
4466835921.50962543487549 23.68421 8.07990046384593e-27
4466835921.50962543487549 28.42105 8.17012801953200e-27
4466835921.50962543487549 33.15789 8.28380293766378e-27
4466835921.50962543487549 37.89474 8.42500830180278e-27
4466835921.50962543487549 42.63158 8.60058761016700e-27
4466835921.50962543487549 47.36842 8.81903189138611e-27
4466835921.50962543487549 52.10526 9.09544281213634e-27
4466835921.50962543487549 56.84211 9.44887799991519e-27
4466835921.50962543487549 61.57895 9.91421129753423e-27
4466835921.50962543487549 66.31579 1.05483948883700e-26
4466835921.50962543487549 71.05263 1.14510055820933e-26
4466835921.50962543487549 75.78947 1.28149070516857e-26
4466835921.50962543487549 80.52632 1.49460853407954e-26
4466835921.50962543487549 85.26316 1.78226659281937e-26
4466835921.50962543487549 90.00000 1.61632123716320e-26
5623413251.90347957611084 0.00000 3.71235110409993e-27
5623413251.90347957611084 4.73684 3.71552452559950e-27
5623413251.90347957611084 9.47368 3.72472410383811e-27
5623413251.90347957611084 14.21053 3.74026322025292e-27
5623413251.90347957611084 18.94737 3.76295667740978e-27
5623413251.90347957611084 23.68421 3.79271017467815e-27
5623413251.90347957611084 28.42105 3.83096552786916e-27
5623413251.90347957611084 33.15789 3.87901370232096e-27
5623413251.90347957611084 37.89474 3.93826465035731e-27
5623413251.90347957611084 42.63158 4.01144959814823e-27
5623413251.90347957611084 47.36842 4.10169331221569e-27
5623413251.90347957611084 52.10526 4.21547410773863e-27
5623413251.90347957611084 56.84211 4.35947472033090e-27
5623413251.90347957611084 61.57895 4.54659602057841e-27
5623413251.90347957611084 66.31579 4.79975593577211e-27
5623413251.90347957611084 71.05263 5.15674219634590e-27
5623413251.90347957611084 75.78947 5.69018486177115e-27
5623413251.90347957611084 80.52632 6.51666754526152e-27
5623413251.90347957611084 85.26316 7.61914706706162e-27
5623413251.90347957611084 90.00000 6.87177673656972e-27
7079457843.84135913848877 0.00000 1.75983760673139e-27
7079457843.84135913848877 4.73684 1.76119578433975e-27
7079457843.84135913848877 9.47368 1.76530006874688e-27
7079457843.84135913848877 14.21053 1.77222368717766e-27
7079457843.84135913848877 18.94737 1.78218013319881e-27
7079457843.84135913848877 23.68421 1.79533597959384e-27
7079457843.84135913848877 28.42105 1.81210010382125e-27
7079457843.84135913848877 33.15789 1.83302905592628e-27
7079457843.84135913848877 37.89474 1.85869996783808e-27
7079457843.84135913848877 42.63158 1.89016857037016e-27
7079457843.84135913848877 47.36842 1.92867567955902e-27
7079457843.84135913848877 52.10526 1.97662545767585e-27
7079457843.84135913848877 56.84211 2.03662528599262e-27
7079457843.84135913848877 61.57895 2.11396077694622e-27
7079457843.84135913848877 66.31579 2.21693293334415e-27
7079457843.84135913848877 71.05263 2.36059241657127e-27
7079457843.84135913848877 75.78947 2.57206103504567e-27
7079457843.84135913848877 80.52632 2.89549309515118e-27
7079457843.84135913848877 85.26316 3.31815432638771e-27
7079457843.84135913848877 90.00000 2.97753701679121e-27
8912509381.33744239807129 0.00000 8.40636469192981e-28
8912509381.33744239807129 4.73684 8.41263568636833e-28
8912509381.33744239807129 9.47368 8.43145280300962e-28
8912509381.33744239807129 14.21053 8.46314448325775e-28
8912509381.33744239807129 18.94737 8.50841037358494e-28
8912509381.33744239807129 23.68421 8.56845605630332e-28
8912509381.33744239807129 28.42105 8.64432952177765e-28
8912509381.33744239807129 33.15789 8.73871206566136e-28
8912509381.33744239807129 37.89474 8.85376803433679e-28
8912509381.33744239807129 42.63158 8.99372583217805e-28
8912509381.33744239807129 47.36842 9.16363961141780e-28
8912509381.33744239807129 52.10526 9.37262983215133e-28
8912509381.33744239807129 56.84211 9.63219018973118e-28
8912509381.33744239807129 61.57895 9.96038597936847e-28
8912509381.33744239807129 66.31579 1.03920349203704e-27
8912509381.33744239807129 71.05263 1.09817787469040e-27
8912509381.33744239807129 75.78947 1.18385979370492e-27
8912509381.33744239807129 80.52632 1.31206515351295e-27
8912509381.33744239807129 85.26316 1.47484120577661e-27
8912509381.33744239807129 90.00000 1.31662094056506e-27
11220184543.01963043212891 0.00000 4.03510656038360e-28
11220184543.01963043212891 4.73684 4.03808602526704e-28
11220184543.01963043212891 9.47368 4.04695407820166e-28
11220184543.01963043212891 14.21053 4.06186073550303e-28
11220184543.01963043212891 18.94737 4.08321290126786e-28
11220184543.01963043212891 23.68421 4.11135357582041e-28
11220184543.01963043212891 28.42105 4.14690468893081e-28
11220184543.01963043212891 33.15789 4.19080412121981e-28
11220184543.01963043212891 37.89474 4.24410036559783e-28
11220184543.01963043212891 42.63158 4.30848023198274e-28
11220184543.01963043212891 47.36842 4.38597156605295e-28
11220184543.01963043212891 52.10526 4.48035719454479e-28
11220184543.01963043212891 56.84211 4.59598545663758e-28
11220184543.01963043212891 61.57895 4.74023414513965e-28
11220184543.01963043212891 66.31579 4.92647123688705e-28
11220184543.01963043212891 71.05263 5.17609362696543e-28
11220184543.01963043212891 75.78947 5.52978825840196e-28
11220184543.01963043212891 80.52632 6.04722343192298e-28
11220184543.01963043212891 85.26316 6.67828738991877e-28
11220184543.01963043212891 90.00000 5.93084299184046e-28
14125375446.22752571105957 0.00000 1.94286473835500e-28
14125375446.22752571105957 4.73684 1.94429371847845e-28
14125375446.22752571105957 9.47368 1.94857654643491e-28
14125375446.22752571105957 14.21053 1.95577607207453e-28
14125375446.22752571105957 18.94737 1.96604452547463e-28
14125375446.22752571105957 23.68421 1.97958689081930e-28
14125375446.22752571105957 28.42105 1.99663241483205e-28
14125375446.22752571105957 33.15789 2.01763263287519e-28
14125375446.22752571105957 37.89474 2.04301207684787e-28
14125375446.22752571105957 42.63158 2.07350142974221e-28
14125375446.22752571105957 47.36842 2.10997935724073e-28
14125375446.22752571105957 52.10526 2.15395682262899e-28
14125375446.22752571105957 56.84211 2.20717390784389e-28
14125375446.22752571105957 61.57895 2.27283213584244e-28
14125375446.22752571105957 66.31579 2.35590089372533e-28
14125375446.22752571105957 71.05263 2.46482449994572e-28
14125375446.22752571105957 75.78947 2.61490061693353e-28
14125375446.22752571105957 80.52632 2.82810237168429e-28
14125375446.22752571105957 85.26316 3.07569285612927e-28
14125375446.22752571105957 90.00000 2.71871898651657e-28
17782794100.38919067382812 0.00000 9.37908216362013e-29
17782794100.38919067382812 4.73684 9.38605917457081e-29
17782794100.38919067382812 9.47368 9.40704369966014e-29
17782794100.38919067382812 14.21053 9.44223352838564e-29
17782794100.38919067382812 18.94737 9.49243707163790e-29
17782794100.38919067382812 23.68421 9.55859563025774e-29
17782794100.38919067382812 28.42105 9.64175350316542e-29
17782794100.38919067382812 33.15789 9.74395612618372e-29
17782794100.38919067382812 37.89474 9.86721195214951e-29
17782794100.38919067382812 42.63158 1.00147475524883e-28
17782794100.38919067382812 47.36842 1.01904379204531e-28
17782794100.38919067382812 52.10526 1.04008251578713e-28
17782794100.38919067382812 56.84211 1.06533205630851e-28
17782794100.38919067382812 61.57895 1.09607981341742e-28
17782794100.38919067382812 66.31579 1.13432505959540e-28
17782794100.38919067382812 71.05263 1.18344728029152e-28
17782794100.38919067382812 75.78947 1.24912752314296e-28
17782794100.38919067382812 80.52632 1.33908431890445e-28
17782794100.38919067382812 85.26316 1.43795301988132e-28
17782794100.38919067382812 90.00000 1.26584709337093e-28
22387211385.68337631225586 0.00000 4.52815842269073e-29
22387211385.68337631225586 4.73684 4.53158233022848e-29
22387211385.68337631225586 9.47368 4.54184177793217e-29
22387211385.68337631225586 14.21053 4.55906351562320e-29
22387211385.68337631225586 18.94737 4.58362500126771e-29
22387211385.68337631225586 23.68421 4.61595245725332e-29
22387211385.68337631225586 28.42105 4.65653517593536e-29
22387211385.68337631225586 33.15789 4.70631351180957e-29
22387211385.68337631225586 37.89474 4.76621204663600e-29
22387211385.68337631225586 42.63158 4.83766890926932e-29
22387211385.68337631225586 47.36842 4.92236843950955e-29
22387211385.68337631225586 52.10526 5.02309522282586e-29
22387211385.68337631225586 56.84211 5.14286812264503e-29
22387211385.68337631225586 61.57895 5.28700913328822e-29
22387211385.68337631225586 66.31579 5.46315641469214e-29
22387211385.68337631225586 71.05263 5.68404650647392e-29
22387211385.68337631225586 75.78947 5.96977361314703e-29
22387211385.68337631225586 80.52632 6.34330995480150e-29
22387211385.68337631225586 85.26316 6.72392418140859e-29
22387211385.68337631225586 90.00000 5.89649121777737e-29
28183829312.64455032348633 0.00000 2.18622189992875e-29
28183829312.64455032348633 4.73684 2.18789116983972e-29
28183829312.64455032348633 9.47368 2.19291616791123e-29
28183829312.64455032348633 14.21053 2.20134833775533e-29
28183829312.64455032348633 18.94737 2.21335684086806e-29
28183829312.64455032348633 23.68421 2.22915236093982e-29
28183829312.64455032348633 28.42105 2.24896321491443e-29
28183829312.64455032348633 33.15789 2.27322163056081e-29
28183829312.64455032348633 37.89474 2.30233143059041e-29
28183829312.64455032348633 42.63158 2.33694750096652e-29
28183829312.64455032348633 47.36842 2.37778809753914e-29
28183829312.64455032348633 52.10526 2.42603132987148e-29
28183829312.64455032348633 56.84211 2.48287246187499e-29
28183829312.64455032348633 61.57895 2.55038263427961e-29
28183829312.64455032348633 66.31579 2.63142218677891e-29
28183829312.64455032348633 71.05263 2.73012173756592e-29
28183829312.64455032348633 75.78947 2.85304200997603e-29
28183829312.64455032348633 80.52632 3.00559449818808e-29
28183829312.64455032348633 85.26316 3.14469464422926e-29
28183829312.64455032348633 90.00000 2.74670676841591e-29
35481338923.35752868652344 0.00000 1.05555526021040e-29
35481338923.35752868652344 4.73684 1.05637379749264e-29
35481338923.35752868652344 9.47368 1.05883454080169e-29
35481338923.35752868652344 14.21053 1.06295659354915e-29
35481338923.35752868652344 18.94737 1.06883570423583e-29
35481338923.35752868652344 23.68421 1.07655100023666e-29
35481338923.35752868652344 28.42105 1.08622515459903e-29
35481338923.35752868652344 33.15789 1.09804723456480e-29
35481338923.35752868652344 37.89474 1.11220081957744e-29
35481338923.35752868652344 42.63158 1.12897485404514e-29
35481338923.35752868652344 47.36842 1.14867490089683e-29
35481338923.35752868652344 52.10526 1.17179151827960e-29
35481338923.35752868652344 56.84211 1.19877149185937e-29
35481338923.35752868652344 61.57895 1.23038111128324e-29
35481338923.35752868652344 66.31579 1.26755554127704e-29
35481338923.35752868652344 71.05263 1.31153229792010e-29
35481338923.35752868652344 75.78947 1.36386325247851e-29
35481338923.35752868652344 80.52632 1.42426779870274e-29
35481338923.35752868652344 85.26316 1.47102879906042e-29
35481338923.35752868652344 90.00000 1.27959231291712e-29
44668359215.09626007080078 0.00000 5.09665637610694e-30
44668359215.09626007080078 4.73684 5.10067262331863e-30
44668359215.09626007080078 9.47368 5.11270839729143e-30
44668359215.09626007080078 14.21053 5.13289882878843e-30
44668359215.09626007080078 18.94737 5.16165230178418e-30
44668359215.09626007080078 23.68421 5.19936966438369e-30
44668359215.09626007080078 28.42105 5.24660819652970e-30
44668359215.09626007080078 33.15789 5.30424143650799e-30
44668359215.09626007080078 37.89474 5.37310143802310e-30
44668359215.09626007080078 42.63158 5.45442894412242e-30
44668359215.09626007080078 47.36842 5.54952391268250e-30
44668359215.09626007080078 52.10526 5.66033767601146e-30
44668359215.09626007080078 56.84211 5.78849723026710e-30
44668359215.09626007080078 61.57895 5.93651443827091e-30
44668359215.09626007080078 66.31579 6.10668789122155e-30
44668359215.09626007080078 71.05263 6.30154634805475e-30
44668359215.09626007080078 75.78947 6.52094091443900e-30
44668359215.09626007080078 80.52632 6.75074113989471e-30
44668359215.09626007080078 85.26316 6.88166805712523e-30
44668359215.09626007080078 90.00000 5.96265331813758e-30
56234132519.03479766845703 0.00000 2.46100132307417e-30
56234132519.03479766845703 4.73684 2.46296179933851e-30
56234132519.03479766845703 9.47368 2.46885944252689e-30
56234132519.03479766845703 14.21053 2.47875428289193e-30
56234132519.03479766845703 18.94737 2.49281869854092e-30
56234132519.03479766845703 23.68421 2.51127297387052e-30
56234132519.03479766845703 28.42105 2.53435028665844e-30
56234132519.03479766845703 33.15789 2.56246354844474e-30
56234132519.03479766845703 37.89474 2.59597904552691e-30
56234132519.03479766845703 42.63158 2.63544691915206e-30
56234132519.03479766845703 47.36842 2.68139711505792e-30
56234132519.03479766845703 52.10526 2.73458437974559e-30
56234132519.03479766845703 56.84211 2.79552770261231e-30
56234132519.03479766845703 61.57895 2.86490331310127e-30
56234132519.03479766845703 66.31579 2.94286449565173e-30
56234132519.03479766845703 71.05263 3.02887813448529e-30
56234132519.03479766845703 75.78947 3.11923821349284e-30
56234132519.03479766845703 80.52632 3.20134688422757e-30
56234132519.03479766845703 85.26316 3.22147282213035e-30
56234132519.03479766845703 90.00000 2.78010020668875e-30
70794578438.41374206542969 0.00000 1.18840954849381e-30
70794578438.41374206542969 4.73684 1.18937148651972e-30
70794578438.41374206542969 9.47368 1.19226230017472e-30
70794578438.41374206542969 14.21053 1.19710549770505e-30
70794578438.41374206542969 18.94737 1.20399323622348e-30
70794578438.41374206542969 23.68421 1.21302496587056e-30
70794578438.41374206542969 28.42105 1.22430644558825e-30
70794578438.41374206542969 33.15789 1.23803382585924e-30
70794578438.41374206542969 37.89474 1.25436486649278e-30
70794578438.41374206542969 42.63158 1.27354308300889e-30
70794578438.41374206542969 47.36842 1.29577722333829e-30
70794578438.41374206542969 52.10526 1.32135390111671e-30
70794578438.41374206542969 56.84211 1.35039628440992e-30
70794578438.41374206542969 61.57895 1.38298900233094e-30
70794578438.41374206542969 66.31579 1.41878885544690e-30
70794578438.41374206542969 71.05263 1.45662972392693e-30
70794578438.41374206542969 75.78947 1.49327987829704e-30
70794578438.41374206542969 80.52632 1.52013311938324e-30
70794578438.41374206542969 85.26316 1.51047155624342e-30
70794578438.41374206542969 90.00000 1.29797589835462e-30
89125093813.37458801269531 0.00000 5.73925415656466e-31
89125093813.37458801269531 4.73684 5.74397934243202e-31
89125093813.37458801269531 9.47368 5.75814142593883e-31
89125093813.37458801269531 14.21053 5.78188833520473e-31
89125093813.37458801269531 18.94737 5.81565308049427e-31
89125093813.37458801269531 23.68421 5.85987746863445e-31
89125093813.37458801269531 28.42105 5.91510156996980e-31
89125093813.37458801269531 33.15789 5.98220889551556e-31
89125093813.37458801269531 37.89474 6.06190775642042e-31
89125093813.37458801269531 42.63158 6.15525456496377e-31
89125093813.37458801269531 47.36842 6.26308664774136e-31
89125093813.37458801269531 52.10526 6.38642475039187e-31
89125093813.37458801269531 56.84211 6.52536587502349e-31
89125093813.37458801269531 61.57895 6.67917542563646e-31
89125093813.37458801269531 66.31579 6.84434146542242e-31
89125093813.37458801269531 71.05263 7.01209160716401e-31
89125093813.37458801269531 75.78947 7.15965565374005e-31
89125093813.37458801269531 80.52632 7.23501285401309e-31
89125093813.37458801269531 85.26316 7.10370467005722e-31
89125093813.37458801269531 90.00000 6.07850495769862e-31
