89.12509381337455 0.00000 2.14182724028762e-06
89.12509381337455 4.73684 2.10739367559011e-06
89.12509381337455 9.47368 2.00760133958917e-06
89.12509381337455 14.21053 1.85196833960913e-06
89.12509381337455 18.94737 1.65311465392470e-06
89.12509381337455 23.68421 1.42241558091067e-06
89.12509381337455 28.42105 1.18120377715864e-06
89.12509381337455 33.15789 9.42204180850069e-07
89.12509381337455 37.89474 7.21100071109378e-07
89.12509381337455 42.63158 5.28482105122074e-07
89.12509381337455 47.36842 3.69302143304370e-07
89.12509381337455 52.10526 2.43986257418501e-07
89.12509381337455 56.84211 1.51051693064605e-07
89.12509381337455 61.57895 8.59191384250423e-08
89.12509381337455 66.31579 4.35334341213444e-08
89.12509381337455 71.05263 1.87726127874333e-08
89.12509381337455 75.78947 6.44260449079186e-09
89.12509381337455 80.52632 1.56954950630172e-09
89.12509381337455 85.26316 2.05539224852810e-10
89.12509381337455 90.00000 7.61320155582398e-12
112.20184543019636 0.00000 2.27261268824220e-06
112.20184543019636 4.73684 2.23700997631290e-06
112.20184543019636 9.47368 2.13374918499809e-06
112.20184543019636 14.21053 1.97240121732690e-06
112.20184543019636 18.94737 1.76562764137220e-06
112.20184543019636 23.68421 1.52481386718859e-06
112.20184543019636 28.42105 1.27176742096210e-06
112.20184543019636 33.15789 1.01950791938916e-06
112.20184543019636 37.89474 7.84491511095454e-07
112.20184543019636 42.63158 5.78137623225502e-07
112.20184543019636 47.36842 4.06202359859794e-07
112.20184543019636 52.10526 2.69728415184466e-07
112.20184543019636 56.84211 1.67775179854726e-07
112.20184543019636 61.57895 9.58593252994992e-08
112.20184543019636 66.31579 4.87847455023374e-08
112.20184543019636 71.05263 2.11299953324098e-08
112.20184543019636 75.78947 7.27945997783211e-09
112.20184543019636 80.52632 1.77712718691347e-09
112.20184543019636 85.26316 2.32876277254801e-10
112.20184543019636 90.00000 8.62146873242651e-12
141.25375446227540 0.00000 2.41107557473600e-06
141.25375446227540 4.73684 2.37428168973013e-06
141.25375446227540 9.47368 2.26750557282540e-06
141.25375446227540 14.21053 2.10039215820952e-06
141.25375446227540 18.94737 1.88559111425838e-06
141.25375446227540 23.68421 1.63436118559683e-06
141.25375446227540 28.42105 1.36909740154628e-06
141.25375446227540 33.15789 1.10302898069135e-06
141.25375446227540 37.89474 8.53356818176714e-07
141.25375446227540 42.63158 6.32395778024986e-07
141.25375446227540 47.36842 4.46742350126527e-07
141.25375446227540 52.10526 2.98161118969153e-07
141.25375446227540 56.84211 1.86337115753585e-07
141.25375446227540 61.57895 1.06943453207865e-07
141.25375446227540 66.31579 5.46678494241582e-08
141.25375446227540 71.05263 2.37826451862475e-08
141.25375446227540 75.78947 8.22483489080089e-09
141.25375446227540 80.52632 2.01212673242750e-09
141.25375446227540 85.26316 2.63844946970820e-10
141.25375446227540 90.00000 9.76311058350009e-12
177.82794100389222 0.00000 2.52707197479577e-06
177.82794100389222 4.73684 2.48968410111433e-06
177.82794100389222 9.47368 2.38110804736009e-06
177.82794100389222 14.21053 2.21085210117380e-06
177.82794100389222 18.94737 1.99118430929282e-06
177.82794100389222 23.68421 1.73314036016318e-06
177.82794100389222 28.42105 1.45903994626491e-06
177.82794100389222 33.15789 1.18217858480843e-06
177.82794100389222 37.89474 9.20260166901363e-07
177.82794100389222 42.63158 6.86322935465057e-07
177.82794100389222 47.36842 4.87852862725035e-07
177.82794100389222 52.10526 3.27496737651674e-07
177.82794100389222 56.84211 2.05753436039357e-07
177.82794100389222 61.57895 1.18662299043398e-07
177.82794100389222 66.31579 6.09307758393872e-08
177.82794100389222 71.05263 2.66208052803141e-08
177.82794100389222 75.78947 9.24251113325093e-09
177.82794100389222 80.52632 2.26669057245906e-09
177.82794100389222 85.26316 2.97512644268585e-10
177.82794100389222 90.00000 1.10031436244807e-11
223.87211385683389 0.00000 2.61750489888477e-06
223.87211385683389 4.73684 2.58024037073710e-06
223.87211385683389 9.47368 2.47156122000572e-06
223.87211385683389 14.21053 2.30078319043964e-06
223.87211385683389 18.94737 2.07972661658559e-06
223.87211385683389 23.68421 1.81857146808977e-06
223.87211385683389 28.42105 1.53944701208682e-06
223.87211385683389 33.15789 1.25518677646640e-06
223.87211385683389 37.89474 9.83792049685088e-07
223.87211385683389 42.63158 7.38927693711392e-07
223.87211385683389 47.36842 5.28970339956320e-07
223.87211385683389 52.10526 3.57435086695026e-07
223.87211385683389 56.84211 2.25933848417240e-07
223.87211385683389 61.57895 1.31011449132036e-07
223.87211385683389 66.31579 6.75991877513808e-08
223.87211385683389 71.05263 2.96710584618892e-08
223.87211385683389 75.78947 1.03469277600458e-08
223.87211385683389 80.52632 2.54541924549316e-09
223.87211385683389 85.26316 3.34567688456023e-10
223.87211385683389 90.00000 1.23674597319311e-11
281.83829312644536 0.00000 2.67679116565868e-06
281.83829312644536 4.73684 2.64010768504645e-06
281.83829312644536 9.47368 2.53333264046203e-06
281.83829312644536 14.21053 2.36494893134063e-06
281.83829312644536 18.94737 2.14599726648201e-06
281.83829312644536 23.68421 1.88595480857072e-06
281.83829312644536 28.42105 1.60609845920790e-06
281.83829312644536 33.15789 1.31853603411298e-06
281.83829312644536 37.89474 1.04121028540174e-06
281.83829312644536 42.63158 7.88148310027114e-07
281.83829312644536 47.36842 5.68677817640254e-07
281.83829312644536 52.10526 3.87156811998116e-07
281.83829312644536 56.84211 2.46449212772849e-07
281.83829312644536 61.57895 1.43820537283921e-07
281.83829312644536 66.31579 7.46331925149525e-08
281.83829312644536 71.05263 3.29353116967056e-08
281.83829312644536 75.78947 1.15470025697201e-08
281.83829312644536 80.52632 2.85205795400352e-09
281.83829312644536 85.26316 3.75631282169371e-10
281.83829312644536 90.00000 1.38800803968877e-11
354.81338923357532 0.00000 2.69660957195549e-06
354.81338923357532 4.73684 2.66138045057418e-06
354.81338923357532 9.47368 2.55818689664044e-06
354.81338923357532 14.21053 2.39525889316069e-06
354.81338923357532 18.94737 2.18258171169541e-06
354.81338923357532 23.68421 1.92823100413611e-06
354.81338923357532 28.42105 1.65241976236800e-06
354.81338923357532 33.15789 1.36655404603533e-06
354.81338923357532 37.89474 1.08790310587207e-06
354.81338923357532 42.63158 8.30573312486219e-07
354.81338923357532 47.36842 6.04525540874011e-07
354.81338923357532 52.10526 4.15108407894897e-07
354.81338923357532 56.84211 2.66406901282786e-07
354.81338923357532 61.57895 1.56653894784878e-07
354.81338923357532 66.31579 8.18526282840983e-08
354.81338923357532 71.05263 3.63646603329796e-08
354.81338923357532 75.78947 1.28369529696454e-08
354.81338923357532 80.52632 3.18735356992562e-09
354.81338923357532 85.26316 4.20981666094877e-10
354.81338923357532 90.00000 1.55535080866736e-11
446.68359215096280 0.00000 2.66274541047656e-06
446.68359215096280 4.73684 2.62972628957439e-06
446.68359215096280 9.47368 2.53261069209800e-06
446.68359215096280 14.21053 2.37848656668604e-06
446.68359215096280 18.94737 2.17694349411750e-06
446.68359215096280 23.68421 1.93383761994216e-06
446.68359215096280 28.42105 1.66858703080700e-06
446.68359215096280 33.15789 1.39066608007352e-06
446.68359215096280 37.89474 1.11674820543173e-06
446.68359215096280 42.63158 8.60671224052245e-07
446.68359215096280 47.36842 6.32508694848284e-07
446.68359215096280 52.10526 4.38580163029585e-07
446.68359215096280 56.84211 2.84183686459130e-07
446.68359215096280 61.57895 1.68630831713764e-07
446.68359215096280 66.31579 8.88619210810927e-08
446.68359215096280 71.05263 3.98161002045031e-08
446.68359215096280 75.78947 1.41782492596136e-08
446.68359215096280 80.52632 3.54455490883459e-09
446.68359215096280 85.26316 4.69994441120975e-10
446.68359215096280 90.00000 1.73686688143078e-11
562.34132519034881 0.00000 2.57408863726654e-06
562.34132519034881 4.73684 2.54362234352160e-06
562.34132519034881 9.47368 2.45465565831912e-06
562.34132519034881 14.21053 2.31311432363725e-06
562.34132519034881 18.94737 2.12644108367746e-06
562.34132519034881 23.68421 1.90039969526547e-06
562.34132519034881 28.42105 1.65127131228623e-06
562.34132519034881 33.15789 1.38781195516326e-06
562.34132519034881 37.89474 1.12486675123577e-06
562.34132519034881 42.63158 8.75806778598730e-07
562.34132519034881 47.36842 6.50501015791283e-07
562.34132519034881 52.10526 4.56107906207310e-07
562.34132519034881 56.84211 2.98856803889789e-07
562.34132519034881 61.57895 1.79265158247911e-07
562.34132519034881 66.31579 9.54570760314572e-08
562.34132519034881 71.05263 4.32294003980581e-08
562.34132519034881 75.78947 1.55628607080169e-08
562.34132519034881 80.52632 3.92489197580700e-09
562.34132519034881 85.26316 5.23247412340703e-10
562.34132519034881 90.00000 1.93527978636142e-11
707.94578438413771 0.00000 2.42759013253372e-06
707.94578438413771 4.73684 2.40070970401279e-06
707.94578438413771 9.47368 2.32130208881237e-06
707.94578438413771 14.21053 2.19517512300238e-06
707.94578438413771 18.94737 2.02741425137585e-06
707.94578438413771 23.68421 1.82341596838046e-06
707.94578438413771 28.42105 1.59624804630822e-06
707.94578438413771 33.15789 1.35334412893541e-06
707.94578438413771 37.89474 1.10801002323152e-06
707.94578438413771 42.63158 8.72180331588686e-07
707.94578438413771 47.36842 6.55630981841047e-07
707.94578438413771 52.10526 4.65375789969809e-07
707.94578438413771 56.84211 3.08831058106735e-07
707.94578438413771 61.57895 1.87629993492667e-07
707.94578438413771 66.31579 1.01157751660965e-07
707.94578438413771 71.05263 4.64251149138594e-08
707.94578438413771 75.78947 1.69445179362188e-08
707.94578438413771 80.52632 4.32186679362258e-09
707.94578438413771 85.26316 5.80348121860530e-10
707.94578438413771 90.00000 2.15018280124069e-11
891.25093813374542 0.00000 2.22776758237449e-06
891.25093813374542 4.73684 2.20450014513504e-06
891.25093813374542 9.47368 2.13639332014432e-06
891.25093813374542 14.21053 2.02746294235247e-06
891.25093813374542 18.94737 1.88178837531808e-06
891.25093813374542 23.68421 1.70329251710158e-06
891.25093813374542 28.42105 1.50304217829674e-06
891.25093813374542 33.15789 1.28625524458417e-06
891.25093813374542 37.89474 1.06412233380704e-06
891.25093813374542 42.63158 8.47698502714905e-07
891.25093813374542 47.36842 6.45477824500147e-07
891.25093813374542 52.10526 4.64624865217052e-07
891.25093813374542 56.84211 3.12771403011597e-07
891.25093813374542 61.57895 1.92834677182672e-07
891.25093813374542 66.31579 1.05549972840267e-07
891.25093813374542 71.05263 4.92385256782556e-08
891.25093813374542 75.78947 1.82790566990675e-08
891.25093813374542 80.52632 4.72797505197784e-09
891.25093813374542 85.26316 6.40958536753847e-10
891.25093813374542 90.00000 2.38185191167804e-11
1122.01845430196295 0.00000 1.98289334898368e-06
1122.01845430196295 4.73684 1.96382131572539e-06
1122.01845430196295 9.47368 1.90709447582428e-06
1122.01845430196295 14.21053 1.81633791097212e-06
1122.01845430196295 18.94737 1.69490362604788e-06
1122.01845430196295 23.68421 1.54411698587766e-06
1122.01845430196295 28.42105 1.37356484591120e-06
1122.01845430196295 33.15789 1.18700755216511e-06
1122.01845430196295 37.89474 9.93154732235305e-07
1122.01845430196295 42.63158 8.01270292108285e-07
1122.01845430196295 47.36842 6.18773557894131e-07
1122.01845430196295 52.10526 4.52153304699741e-07
1122.01845430196295 56.84211 3.09274551875730e-07
1122.01845430196295 61.57895 1.93890675154624e-07
1122.01845430196295 66.31579 1.08019120496772e-07
1122.01845430196295 71.05263 5.14183541923582e-08
1122.01845430196295 75.78947 1.94886819428695e-08
1122.01845430196295 80.52632 5.12965074305676e-09
1122.01845430196295 85.26316 7.04163303789803e-10
1122.01845430196295 90.00000 2.62890033420882e-11
1412.53754462275333 0.00000 1.70845388402510e-06
1412.53754462275333 4.73684 1.69311550311070e-06
1412.53754462275333 9.47368 1.64811005619776e-06
1412.53754462275333 14.21053 1.57549471869614e-06
1412.53754462275333 18.94737 1.47791011907256e-06
1412.53754462275333 23.68421 1.35554719522224e-06
1412.53754462275333 28.42105 1.21599241262295e-06
1412.53754462275333 33.15789 1.06120926652342e-06
1412.53754462275333 37.89474 8.98530039026001e-07
1412.53754462275333 42.63158 7.34537886209603e-07
1412.53754462275333 47.36842 5.75774708146259e-07
1412.53754462275333 52.10526 4.27567910335391e-07
1412.53754462275333 56.84211 2.97683688433440e-07
1412.53754462275333 61.57895 1.90208111482303e-07
1412.53754462275333 66.31579 1.08208005868173e-07
1412.53754462275333 71.05263 5.27564140667157e-08
1412.53754462275333 75.78947 2.04976284308876e-08
1412.53754462275333 80.52632 5.51514975016538e-09
1412.53754462275333 85.26316 7.69350831386628e-10
1412.53754462275333 90.00000 2.89183076799566e-11
1778.27941003892192 0.00000 1.41977941465654e-06
1778.27941003892192 4.73684 1.40824088775645e-06
1778.27941003892192 9.47368 1.37366924946705e-06
1778.27941003892192 14.21053 1.31805351872288e-06
1778.27941003892192 18.94737 1.24269004342926e-06
1778.27941003892192 23.68421 1.14783622067418e-06
1778.27941003892192 28.42105 1.03836894673420e-06
1778.27941003892192 33.15789 9.15575079872626e-07
1778.27941003892192 37.89474 7.84685677631877e-07
1778.27941003892192 42.63158 6.50347007319311e-07
1778.27941003892192 47.36842 5.17542019057348e-07
1778.27941003892192 52.10526 3.91158330485713e-07
1778.27941003892192 56.84211 2.77662185211635e-07
1778.27941003892192 61.57895 1.81206355143839e-07
1778.27941003892192 66.31579 1.05659982609779e-07
1778.27941003892192 71.05263 5.30047493007107e-08
1778.27941003892192 75.78947 2.12024946610195e-08
1778.27941003892192 80.52632 5.85845785363331e-09
1778.27941003892192 85.26316 8.34312422016997e-10
1778.27941003892192 90.00000 3.16642888738608e-11
2238.72113856833766 0.00000 1.13621120102756e-06
2238.72113856833766 4.73684 1.12768027786477e-06
2238.72113856833766 9.47368 1.10258927454395e-06
2238.72113856833766 14.21053 1.06179942333392e-06
2238.72113856833766 18.94737 1.00632786085762e-06
2238.72113856833766 23.68421 9.35892906924642e-07
2238.72113856833766 28.42105 8.53539972641485e-07
2238.72113856833766 33.15789 7.60381776709793e-07
2238.72113856833766 37.89474 6.59557666276078e-07
2238.72113856833766 42.63158 5.54294440992533e-07
2238.72113856833766 47.36842 4.48157276582929e-07
2238.72113856833766 52.10526 3.44978880551459e-07
2238.72113856833766 56.84211 2.49966078679616e-07
2238.72113856833766 61.57895 1.67178459041462e-07
2238.72113856833766 66.31579 1.00386830848885e-07
2238.72113856833766 71.05263 5.20352890708969e-08
2238.72113856833766 75.78947 2.15358282451584e-08
2238.72113856833766 80.52632 6.14047585282830e-09
2238.72113856833766 85.26316 8.97439184714842e-10
2238.72113856833766 90.00000 3.45228222541089e-11
2818.38293126445205 0.00000 8.71946137923400e-07
2818.38293126445205 4.73684 8.66107027270434e-07
2818.38293126445205 9.47368 8.48491121508031e-07
2818.38293126445205 14.21053 8.20000053586883e-07
2818.38293126445205 18.94737 7.80964929841316e-07
2818.38293126445205 23.68421 7.31084173826480e-07
2818.38293126445205 28.42105 6.72428003140749e-07
2818.38293126445205 33.15789 6.04994915364727e-07
2818.38293126445205 37.89474 5.30948858918127e-07
2818.38293126445205 42.63158 4.52517039957967e-07
2818.38293126445205 47.36842 3.72076980795043e-07
2818.38293126445205 52.10526 2.91967090271268e-07
2818.38293126445205 56.84211 2.16481292625112e-07
2818.38293126445205 61.57895 1.48863616112163e-07
2818.38293126445205 66.31579 9.23381531114921e-08
2818.38293126445205 71.05263 4.97055740696988e-08
2818.38293126445205 75.78947 2.13704630320016e-08
2818.38293126445205 80.52632 6.32862627610183e-09
2818.38293126445205 85.26316 9.55246982741109e-10
2818.38293126445205 90.00000 3.74337494445183e-11
3548.13389233575390 0.00000 6.39071722334002e-07
3548.13389233575390 4.73684 6.35148283722615e-07
3548.13389233575390 9.47368 6.23582168145950e-07
3548.13389233575390 14.21053 6.04668223498711e-07
3548.13389233575390 18.94737 5.78552827266749e-07
3548.13389233575390 23.68421 5.45037353664132e-07
3548.13389233575390 28.42105 5.05491683178035e-07
3548.13389233575390 33.15789 4.59380377796463e-07
3548.13389233575390 37.89474 4.07989250904668e-07
3548.13389233575390 42.63158 3.52850967413345e-07
3548.13389233575390 47.36842 2.95240637988200e-07
3548.13389233575390 52.10526 2.36798374167503e-07
3548.13389233575390 56.84211 1.80115075592096e-07
3548.13389233575390 61.57895 1.27760110876274e-07
3548.13389233575390 66.31579 8.21770333746404e-08
3548.13389233575390 71.05263 4.60638185217347e-08
3548.13389233575390 75.78947 2.06822444638542e-08
3548.13389233575390 80.52632 6.40035135004194e-09
3548.13389233575390 85.26316 1.00504706955298e-09
3548.13389233575390 90.00000 4.03555192684658e-11
4466.83592150962795 0.00000 4.44893756137160e-07
4466.83592150962795 4.73684 4.42429480374549e-07
4466.83592150962795 9.47368 4.35257726866978e-07
4466.83592150962795 14.21053 4.23590309232490e-07
4466.83592150962795 18.94737 4.07460833555868e-07
4466.83592150962795 23.68421 3.86417459188241e-07
4466.83592150962795 28.42105 3.61421953571048e-07
4466.83592150962795 33.15789 3.32010539961277e-07
4466.83592150962795 37.89474 2.98861129742959e-07
4466.83592150962795 42.63158 2.62677929802958e-07
4466.83592150962795 47.36842 2.24029661393998e-07
4466.83592150962795 52.10526 1.84013360873671e-07
4466.83592150962795 56.84211 1.43961925228497e-07
4466.83592150962795 61.57895 1.05589716571088e-07
4466.83592150962795 66.31579 7.06176371548424e-08
4466.83592150962795 71.05263 4.12891894277431e-08
4466.83592150962795 75.78947 1.94194217553537e-08
4466.83592150962795 80.52632 6.33234530253302e-09
4466.83592150962795 85.26316 1.04236951714804e-09
4466.83592150962795 90.00000 4.32072669537676e-11
5623.41325190348834 0.00000 2.95694867462050e-07
5623.41325190348834 4.73684 2.94362410133616e-07
5623.41325190348834 9.47368 2.90230578358673e-07
5623.41325190348834 14.21053 2.83473303072455e-07
5623.41325190348834 18.94737 2.74288749788306e-07
5623.41325190348834 23.68421 2.62092326132198e-07
5623.41325190348834 28.42105 2.47346652534205e-07
5623.41325190348834 33.15789 2.29937909246602e-07
5623.41325190348834 37.89474 2.09967718953679e-07
5623.41325190348834 42.63158 1.87757867882723e-07
5623.41325190348834 47.36842 1.63548034044889e-07
5623.41325190348834 52.10526 1.37594692219172e-07
5623.41325190348834 56.84211 1.10880144557969e-07
5623.41325190348834 61.57895 8.40359558752451e-08
5623.41325190348834 66.31579 5.83862418157558e-08
5623.41325190348834 71.05263 3.56998453014336e-08
5623.41325190348834 75.78947 1.76488897001052e-08
5623.41325190348834 80.52632 6.10256972978731e-09
5623.41325190348834 85.26316 1.06366917171981e-09
5623.41325190348834 90.00000 4.59260164776615e-11
7079.45784384137460 0.00000 1.90644204107995e-07
7079.45784384137460 4.73684 1.89905855078296e-07
7079.45784384137460 9.47368 1.87726051657338e-07
7079.45784384137460 14.21053 1.84068735652476e-07
7079.45784384137460 18.94737 1.79104225952731e-07
7079.45784384137460 23.68421 1.72400716547509e-07
7079.45784384137460 28.42105 1.64277848710583e-07
7079.45784384137460 33.15789 1.54446017017876e-07
7079.45784384137460 37.89474 1.43040494226938e-07
7079.45784384137460 42.63158 1.30036122258437e-07
7079.45784384137460 47.36842 1.15532059685579e-07
7079.45784384137460 52.10526 9.94716299237426e-08
7079.45784384137460 56.84211 8.24076710787215e-08
7079.45784384137460 61.57895 6.44740968086880e-08
7079.45784384137460 66.31579 4.65216354880643e-08
7079.45784384137460 71.05263 2.97249099130866e-08
7079.45784384137460 75.78947 1.55347243395972e-08
7079.45784384137460 80.52632 5.72662932761592e-09
7079.45784384137460 85.26316 1.06701841157017e-09
7079.45784384137460 90.00000 4.85133736701784e-11
8912.50938133744603 0.00000 1.20156285263546e-07
8912.50938133744603 4.73684 1.19786049710648e-07
8912.50938133744603 9.47368 1.18639739833320e-07
8912.50938133744603 14.21053 1.16748370391721e-07
8912.50938133744603 18.94737 1.14129720396114e-07
8912.50938133744603 23.68421 1.10608132715492e-07
8912.50938133744603 28.42105 1.06270309726677e-07
8912.50938133744603 33.15789 1.00952734401234e-07
8912.50938133744603 37.89474 9.46494345300992e-08
8912.50938133744603 42.63158 8.73056123433506e-08
8912.50938133744603 47.36842 7.89162690690619e-08
8912.50938133744603 52.10526 6.93741796286724e-08
8912.50938133744603 56.84211 5.88698689223174e-08
8912.50938133744603 61.57895 4.74607713496402e-08
8912.50938133744603 66.31579 3.54997362571293e-08
8912.50938133744603 71.05263 2.37514601777438e-08
8912.50938133744603 75.78947 1.31649098737249e-08
8912.50938133744603 80.52632 5.20887578535792e-09
8912.50938133744603 85.26316 1.04675830506602e-09
8912.50938133744603 90.00000 5.08039818013899e-11
11220.18454301962447 0.00000 7.39214377954644e-08
11220.18454301962447 4.73684 7.37272412026812e-08
11220.18454301962447 9.47368 7.31528724120075e-08
11220.18454301962447 14.21053 7.21940390418511e-08
11220.18454301962447 18.94737 7.08440457504916e-08
11220.18454301962447 23.68421 6.90160805803397e-08
11220.18454301962447 28.42105 6.67476762120129e-08
11220.18454301962447 33.15789 6.39355315611832e-08
11220.18454301962447 37.89474 6.05461498045229e-08
11220.18454301962447 42.63158 5.65547261267226e-08
11220.18454301962447 47.36842 5.18808547050725e-08
11220.18454301962447 52.10526 4.64592932383468e-08
11220.18454301962447 56.84211 4.03421332357145e-08
11220.18454301962447 61.57895 3.34541895113482e-08
11220.18454301962447 66.31579 2.59396510680654e-08
11220.18454301962447 71.05263 1.81815239916291e-08
11220.18454301962447 75.78947 1.06938437545074e-08
11220.18454301962447 80.52632 4.55928113915845e-09
11220.18454301962447 85.26316 1.00274243764312e-09
11220.18454301962447 90.00000 5.26147536472008e-11
14125.37544622752648 0.00000 4.36184605675887e-08
14125.37544622752648 4.73684 4.35315663325537e-08
14125.37544622752648 9.47368 4.32546741155529e-08
14125.37544622752648 14.21053 4.28098989832069e-08
14125.37544622752648 18.94737 4.21587052362852e-08
14125.37544622752648 23.68421 4.12842205150973e-08
14125.37544622752648 28.42105 4.01946525547236e-08
14125.37544622752648 33.15789 3.88084061290798e-08
14125.37544622752648 37.89474 3.71321497218655e-08
14125.37544622752648 42.63158 3.51085305628992e-08
14125.37544622752648 47.36842 3.27013339811299e-08
14125.37544622752648 52.10526 2.98299891855612e-08
14125.37544622752648 56.84211 2.65006566561978e-08
14125.37544622752648 61.57895 2.26114434099133e-08
14125.37544622752648 66.31579 1.81886752334956e-08
14125.37544622752648 71.05263 1.33447156346585e-08
14125.37544622752648 75.78947 8.31940807707057e-09
14125.37544622752648 80.52632 3.83167991046789e-09
14125.37544622752648 85.26316 9.31411339353259e-10
14125.37544622752648 90.00000 5.37463763156855e-11
17782.79410038921196 0.00000 2.51504561055312e-08
17782.79410038921196 4.73684 2.51101644820118e-08
17782.79410038921196 9.47368 2.49911252076785e-08
17782.79410038921196 14.21053 2.47896481582332e-08
17782.79410038921196 18.94737 2.45046347269044e-08
17782.79410038921196 23.68421 2.41094263165235e-08
17782.79410038921196 28.42105 2.36075965536952e-08
17782.79410038921196 33.15789 2.29710495103235e-08
17782.79410038921196 37.89474 2.21774564850455e-08
17782.79410038921196 42.63158 2.12032585713705e-08
17782.79410038921196 47.36842 2.00260687706495e-08
17782.79410038921196 52.10526 1.85766985012433e-08
17782.79410038921196 56.84211 1.68357096810615e-08
17782.79410038921196 61.57895 1.47430109412234e-08
17782.79410038921196 66.31579 1.22568358563153e-08
17782.79410038921196 71.05263 9.37653553294599e-09
17782.79410038921196 75.78947 6.19614811907768e-09
17782.79410038921196 80.52632 3.08899603087929e-09
17782.79410038921196 85.26316 8.35812114409275e-10
17782.79410038921196 90.00000 5.40486128512511e-11
22387.21138568340029 0.00000 1.40675563463095e-08
22387.21138568340029 4.73684 1.40524663017363e-08
22387.21138568340029 9.47368 1.40024006115780e-08
22387.21138568340029 14.21053 1.39189362423657e-08
22387.21138568340029 18.94737 1.38058276353248e-08
22387.21138568340029 23.68421 1.36368660780656e-08
22387.21138568340029 28.42105 1.34248398179931e-08
22387.21138568340029 33.15789 1.31501621795840e-08
22387.21138568340029 37.89474 1.28005068654911e-08
22387.21138568340029 42.63158 1.23655336036237e-08
22387.21138568340029 47.36842 1.18185825511876e-08
22387.21138568340029 52.10526 1.11292608519670e-08
22387.21138568340029 56.84211 1.02768305612262e-08
22387.21138568340029 61.57895 9.21686290535639e-09
22387.21138568340029 66.31579 7.89890631248903e-09
22387.21138568340029 71.05263 6.29238290409866e-09
22387.21138568340029 75.78947 4.40343171482222e-09
22387.21138568340029 80.52632 2.38056995647183e-09
22387.21138568340029 85.26316 7.24107299625757e-10
22387.21138568340029 90.00000 5.33419044103618e-11
28183.82931264454965 0.00000 7.64526650546114e-09
28183.82931264454965 4.73684 7.63950597886279e-09
28183.82931264454965 9.47368 7.62260119907899e-09
28183.82931264454965 14.21053 7.59357293830520e-09
28183.82931264454965 18.94737 7.55267052063997e-09
28183.82931264454965 23.68421 7.48960023179392e-09
28183.82931264454965 28.42105 7.40970307386026e-09
28183.82931264454965 33.15789 7.30399131888203e-09
28183.82931264454965 37.89474 7.16427991429556e-09
28183.82931264454965 42.63158 6.98493279654483e-09
28183.82931264454965 47.36842 6.75252679363237e-09
28183.82931264454965 52.10526 6.44894750312810e-09
28183.82931264454965 56.84211 6.06095761337612e-09
28183.82931264454965 61.57895 5.55392374120087e-09
28183.82931264454965 66.31579 4.89654248907844e-09
28183.82931264454965 71.05263 4.05602885787964e-09
28183.82931264454965 75.78947 2.99352819089597e-09
28183.82931264454965 80.52632 1.75517184445631e-09
28183.82931264454965 85.26316 6.04189085238720e-10
28183.82931264454965 90.00000 5.14933317411938e-11
35481.33892335752898 0.00000 4.05203570550536e-09
35481.33892335752898 4.73684 4.05086872832492e-09
35481.33892335752898 9.47368 4.04606727329067e-09
35481.33892335752898 14.21053 4.03851780872475e-09
35481.33892335752898 18.94737 4.02704025488475e-09
35481.33892335752898 23.68421 4.00937798264082e-09
35481.33892335752898 28.42105 3.98529600993772e-09
35481.33892335752898 33.15789 3.95075922686857e-09
35481.33892335752898 37.89474 3.90334759032033e-09
35481.33892335752898 42.63158 3.83793582504603e-09
35481.33892335752898 47.36842 3.74952419474366e-09
35481.33892335752898 52.10526 3.62926994275972e-09
35481.33892335752898 56.84211 3.46500817289424e-09
35481.33892335752898 61.57895 3.24211979315606e-09
35481.33892335752898 66.31579 2.93539937783020e-09
35481.33892335752898 71.05263 2.52140607248087e-09
35481.33892335752898 75.78947 1.95785644549039e-09
35481.33892335752898 80.52632 1.24177094259187e-09
35481.33892335752898 85.26316 4.84017965142224e-10
35481.33892335752898 90.00000 4.84748313242128e-11
44668.35921509625769 0.00000 2.10970832537818e-09
44668.35921509625769 4.73684 2.10968589948155e-09
44668.35921509625769 9.47368 2.10969340907450e-09
44668.35921509625769 14.21053 2.10947347608226e-09
44668.35921509625769 18.94737 2.10899288539309e-09
44668.35921509625769 23.68421 2.10685272974258e-09
44668.35921509625769 28.42105 2.10344744530835e-09
44668.35921509625769 33.15789 2.09593237556815e-09
44668.35921509625769 37.89474 2.08454270049151e-09
44668.35921509625769 42.63158 2.06647206430890e-09
44668.35921509625769 47.36842 2.03874000456738e-09
44668.35921509625769 52.10526 1.99669912325754e-09
44668.35921509625769 56.84211 1.93548298025958e-09
44668.35921509625769 61.57895 1.84491419323402e-09
44668.35921509625769 66.31579 1.71203344690396e-09
44668.35921509625769 71.05263 1.52013559576257e-09
44668.35921509625769 75.78947 1.23906378658314e-09
44668.35921509625769 80.52632 8.44477851337653e-10
44668.35921509625769 85.26316 3.70888964337425e-10
44668.35921509625769 90.00000 4.43197107004635e-11
56234.13251903485070 0.00000 1.08208855228375e-09
56234.13251903485070 4.73684 1.08251529316409e-09
56234.13251903485070 9.47368 1.08347708368405e-09
56234.13251903485070 14.21053 1.08519407219431e-09
56234.13251903485070 18.94737 1.08763774159067e-09
56234.13251903485070 23.68421 1.08971121952748e-09
56234.13251903485070 28.42105 1.09224936235932e-09
56234.13251903485070 33.15789 1.09405863545476e-09
56234.13251903485070 37.89474 1.09458665383520e-09
56234.13251903485070 42.63158 1.09298843916555e-09
56234.13251903485070 47.36842 1.08808822165833e-09
56234.13251903485070 52.10526 1.07729206942798e-09
56234.13251903485070 56.84211 1.05855945029950e-09
56234.13251903485070 61.57895 1.02648678247324e-09
56234.13251903485070 66.31579 9.74378292741415e-10
56234.13251903485070 71.05263 8.91133993971035e-10
56234.13251903485070 75.78947 7.58142425857427e-10
56234.13251903485070 80.52632 5.52843196356018e-10
56234.13251903485070 85.26316 2.72232737595696e-10
56234.13251903485070 90.00000 3.92385706980017e-11
70794.57843841373688 0.00000 5.46874717155275e-10
70794.57843841373688 4.73684 5.47222465856347e-10
70794.57843841373688 9.47368 5.48278571228441e-10
70794.57843841373688 14.21053 5.49995998322936e-10
70794.57843841373688 18.94737 5.52368768994469e-10
70794.57843841373688 23.68421 5.55230996712280e-10
70794.57843841373688 28.42105 5.58580863682291e-10
70794.57843841373688 33.15789 5.62122470241527e-10
70794.57843841373688 37.89474 5.65670671176933e-10
70794.57843841373688 42.63158 5.68743770386675e-10
70794.57843841373688 47.36842 5.70923998108135e-10
70794.57843841373688 52.10526 5.71034625562602e-10
70794.57843841373688 56.84211 5.68094251925519e-10
70794.57843841373688 61.57895 5.59738234215981e-10
70794.57843841373688 66.31579 5.42167613342154e-10
70794.57843841373688 71.05263 5.09678506797205e-10
70794.57843841373688 75.78947 4.51252924281986e-10
70794.57843841373688 80.52632 3.50210834575583e-10
70794.57843841373688 85.26316 1.91935319529804e-10
70794.57843841373688 90.00000 3.35006025264478e-11
89125.09381337449304 0.00000 2.72947702230919e-10
89125.09381337449304 4.73684 2.73179898220866e-10
89125.09381337449304 9.47368 2.73944885764667e-10
89125.09381337449304 14.21053 2.75272514532780e-10
89125.09381337449304 18.94737 2.77027826254801e-10
89125.09381337449304 23.68421 2.79239270500418e-10
89125.09381337449304 28.42105 2.81907544023070e-10
89125.09381337449304 33.15789 2.84949431072385e-10
89125.09381337449304 37.89474 2.88304407141867e-10
89125.09381337449304 42.63158 2.91777201393309e-10
89125.09381337449304 47.36842 2.95168439057730e-10
89125.09381337449304 52.10526 2.98149547016644e-10
89125.09381337449304 56.84211 3.00168857942479e-10
89125.09381337449304 61.57895 3.00085631733139e-10
89125.09381337449304 66.31579 2.96146259012768e-10
89125.09381337449304 71.05263 2.85537637956628e-10
89125.09381337449304 75.78947 2.62060799906436e-10
89125.09381337449304 80.52632 2.15276064198984e-10
89125.09381337449304 85.26316 1.31017258587232e-10
89125.09381337449304 90.00000 2.75059915927976e-11
112201.84543019630655 0.00000 1.35038591470812e-10
112201.84543019630655 4.73684 1.35209465172667e-10
112201.84543019630655 9.47368 1.35689404865946e-10
112201.84543019630655 14.21053 1.36505686443336e-10
112201.84543019630655 18.94737 1.37654336372203e-10
112201.84543019630655 23.68421 1.39119364129330e-10
112201.84543019630655 28.42105 1.40918080071108e-10
112201.84543019630655 33.15789 1.43034444539633e-10
112201.84543019630655 37.89474 1.45426432667195e-10
112201.84543019630655 42.63158 1.48066722057026e-10
112201.84543019630655 47.36842 1.50908439565025e-10
112201.84543019630655 52.10526 1.53819082953534e-10
112201.84543019630655 56.84211 1.56524564932077e-10
112201.84543019630655 61.57895 1.58649352803239e-10
112201.84543019630655 66.31579 1.59395771983662e-10
112201.84543019630655 71.05263 1.57264464771946e-10
112201.84543019630655 75.78947 1.49233313098231e-10
112201.84543019630655 80.52632 1.29218711411050e-10
112201.84543019630655 85.26316 8.62720960237661e-11
112201.84543019630655 90.00000 2.16498490425856e-11
141253.75446227524662 0.00000 6.62011929877396e-11
141253.75446227524662 4.73684 6.62978182182525e-11
141253.75446227524662 9.47368 6.65894178589949e-11
141253.75446227524662 14.21053 6.70740920598324e-11
141253.75446227524662 18.94737 6.77553734222721e-11
141253.75446227524662 23.68421 6.86576697694749e-11
141253.75446227524662 28.42105 6.97600446075894e-11
141253.75446227524662 33.15789 7.10661195839395e-11
141253.75446227524662 37.89474 7.26004668758067e-11
141253.75446227524662 42.63158 7.43439904505758e-11
141253.75446227524662 47.36842 7.62875791787726e-11
141253.75446227524662 52.10526 7.84137129202515e-11
141253.75446227524662 56.84211 8.06388817252800e-11
141253.75446227524662 61.57895 8.27862121500828e-11
141253.75446227524662 66.31579 8.45493748966604e-11
141253.75446227524662 71.05263 8.52771216682778e-11
141253.75446227524662 75.78947 8.34071294033520e-11
141253.75446227524662 80.52632 7.56547235540798e-11
141253.75446227524662 85.26316 5.49337262791365e-11
141253.75446227524662 90.00000 1.63112439792217e-11
177827.94100389210507 0.00000 3.21569981931493e-11
177827.94100389210507 4.73684 3.22129734652058e-11
177827.94100389210507 9.47368 3.23750419438131e-11
177827.94100389210507 14.21053 3.26499499625518e-11
177827.94100389210507 18.94737 3.30416846426189e-11
177827.94100389210507 23.68421 3.35494650017681e-11
177827.94100389210507 28.42105 3.41838242401771e-11
177827.94100389210507 33.15789 3.49492450217273e-11
177827.94100389210507 37.89474 3.58601204126493e-11
177827.94100389210507 42.63158 3.69184848780047e-11
177827.94100389210507 47.36842 3.81314415647727e-11
177827.94100389210507 52.10526 3.95010872145716e-11
177827.94100389210507 56.84211 4.10241238465839e-11
177827.94100389210507 61.57895 4.26234434689807e-11
177827.94100389210507 66.31579 4.42084581338610e-11
177827.94100389210507 71.05263 4.54929915949068e-11
177827.94100389210507 75.78947 4.57677353341615e-11
177827.94100389210507 80.52632 4.32735359243086e-11
177827.94100389210507 85.26316 3.39298049479699e-11
177827.94100389210507 90.00000 1.17469103301202e-11
223872.11385683377739 0.00000 1.54576419869660e-11
223872.11385683377739 4.73684 1.54871054227714e-11
223872.11385683377739 9.47368 1.55758970906654e-11
223872.11385683377739 14.21053 1.57243336016560e-11
223872.11385683377739 18.94737 1.59366250069018e-11
223872.11385683377739 23.68421 1.62147309784904e-11
223872.11385683377739 28.42105 1.65644941548566e-11
223872.11385683377739 33.15789 1.69908782054634e-11
223872.11385683377739 37.89474 1.75009644668758e-11
223872.11385683377739 42.63158 1.81055155526261e-11
223872.11385683377739 47.36842 1.88093581002041e-11
223872.11385683377739 52.10526 1.96269606984252e-11
223872.11385683377739 56.84211 2.05593429053372e-11
223872.11385683377739 61.57895 2.16049572765679e-11
223872.11385683377739 66.31579 2.27291042601683e-11
223872.11385683377739 71.05263 2.38257970730731e-11
223872.11385683377739 75.78947 2.45908267157588e-11
223872.11385683377739 80.52632 2.41799101533128e-11
223872.11385683377739 85.26316 2.02379165961207e-11
223872.11385683377739 90.00000 8.09492618337282e-12
281838.29312644520542 0.00000 7.34481787516907e-12
281838.29312644520542 4.73684 7.36045790287884e-12
281838.29312644520542 9.47368 7.40641161031573e-12
281838.29312644520542 14.21053 7.48427782976598e-12
281838.29312644520542 18.94737 7.59577959660481e-12
281838.29312644520542 23.68421 7.74231946324800e-12
281838.29312644520542 28.42105 7.92735703441921e-12
281838.29312644520542 33.15789 8.15523068990059e-12
281838.29312644520542 37.89474 8.43065557056247e-12
281838.29312644520542 42.63158 8.75879983088956e-12
281838.29312644520542 47.36842 9.14736168781598e-12
281838.29312644520542 52.10526 9.60819198611683e-12
281838.29312644520542 56.84211 1.01473093304771e-11
281838.29312644520542 61.57895 1.07710213092288e-11
281838.29312644520542 66.31579 1.14788665962781e-11
281838.29312644520542 71.05263 1.22433431098134e-11
281838.29312644520542 75.78947 1.29355188606001e-11
281838.29312644520542 80.52632 1.31950955129017e-11
281838.29312644520542 85.26316 1.17042395123599e-11
281838.29312644520542 90.00000 5.34997590576380e-12
354813.38923357531894 0.00000 3.45412445053650e-12
354813.38923357531894 4.73684 3.46193876660902e-12
354813.38923357531894 9.47368 3.48547604825490e-12
354813.38923357531894 14.21053 3.52498533818368e-12
354813.38923357531894 18.94737 3.58210545107280e-12
354813.38923357531894 23.68421 3.65657767517853e-12
354813.38923357531894 28.42105 3.75164181841427e-12
354813.38923357531894 33.15789 3.86970257187053e-12
354813.38923357531894 37.89474 4.01294055500429e-12
354813.38923357531894 42.63158 4.18584859053039e-12
354813.38923357531894 47.36842 4.39289035576582e-12
354813.38923357531894 52.10526 4.64119900405596e-12
354813.38923357531894 56.84211 4.93813979706266e-12
354813.38923357531894 61.57895 5.28997797677445e-12
354813.38923357531894 66.31579 5.70501677444095e-12
354813.38923357531894 71.05263 6.18297875011051e-12
354813.38923357531894 75.78947 6.68274251712055e-12
354813.38923357531894 80.52632 7.03592757920221e-12
354813.38923357531894 85.26316 6.58540464708538e-12
354813.38923357531894 90.00000 3.38850192485353e-12
446683.59215096256230 0.00000 1.60869571512727e-12
446683.59215096256230 4.73684 1.61261104897607e-12
446683.59215096256230 9.47368 1.62422288490165e-12
446683.59215096256230 14.21053 1.64389333751770e-12
446683.59215096256230 18.94737 1.67227077631093e-12
446683.59215096256230 23.68421 1.70950800814529e-12
446683.59215096256230 28.42105 1.75713682912707e-12
446683.59215096256230 33.15789 1.81658494161870e-12
446683.59215096256230 37.89474 1.88895559444023e-12
446683.59215096256230 42.63158 1.97714786198556e-12
446683.59215096256230 47.36842 2.08388995842484e-12
446683.59215096256230 52.10526 2.21314108296853e-12
446683.59215096256230 56.84211 2.37013533015879e-12
446683.59215096256230 61.57895 2.56062006708127e-12
446683.59215096256230 66.31579 2.79208424410204e-12
446683.59215096256230 71.05263 3.06946368318374e-12
446683.59215096256230 75.78947 3.38522494492672e-12
446683.59215096256230 80.52632 3.67243346370481e-12
446683.59215096256230 85.26316 3.61458233572208e-12
446683.59215096256230 90.00000 2.05772458664033e-12
562341.32519034796860 0.00000 7.42351136004071e-13
562341.32519034796860 4.73684 7.44287215651206e-13
562341.32519034796860 9.47368 7.49937593786613e-13
562341.32519034796860 14.21053 7.59420731287801e-13
562341.32519034796860 18.94737 7.73302456829542e-13
562341.32519034796860 23.68421 7.91524175347184e-13
562341.32519034796860 28.42105 8.14937980221252e-13
562341.32519034796860 33.15789 8.44076946064468e-13
562341.32519034796860 37.89474 8.79942191793213e-13
562341.32519034796860 42.63158 9.23834588445072e-13
562341.32519034796860 47.36842 9.77301377115947e-13
562341.32519034796860 52.10526 1.04292423866138e-12
562341.32519034796860 56.84211 1.12319889867633e-12
562341.32519034796860 61.57895 1.22259466188263e-12
562341.32519034796860 66.31579 1.34609412335916e-12
562341.32519034796860 71.05263 1.49925880940151e-12
562341.32519034796860 75.78947 1.68337328700350e-12
562341.32519034796860 80.52632 1.87861825994472e-12
562341.32519034796860 85.26316 1.93151224111255e-12
562341.32519034796860 90.00000 1.20224317130931e-12
707945.78438413667027 0.00000 3.39592862715504e-13
707945.78438413667027 4.73684 3.40493474486883e-13
707945.78438413667027 9.47368 3.43206579603792e-13
707945.78438413667027 14.21053 3.47779839444572e-13
707945.78438413667027 18.94737 3.54378203050901e-13
707945.78438413667027 23.68421 3.63173102129207e-13
707945.78438413667027 28.42105 3.74420972333716e-13
707945.78438413667027 33.15789 3.88496161205678e-13
707945.78438413667027 37.89474 4.05906081032129e-13
707945.78438413667027 42.63158 4.27298511174694e-13
707945.78438413667027 47.36842 4.53534161410461e-13
707945.78438413667027 52.10526 4.85947913492644e-13
707945.78438413667027 56.84211 5.26102836386979e-13
707945.78438413667027 61.57895 5.76367373978649e-13
707945.78438413667027 66.31579 6.40023232237798e-13
707945.78438413667027 71.05263 7.21254369483528e-13
707945.78438413667027 75.78947 8.23340533375127e-13
707945.78438413667027 80.52632 9.41402958133436e-13
707945.78438413667027 85.26316 1.00718762329962e-12
707945.78438413667027 90.00000 6.77372447476503e-13
891250.93813374498859 0.00000 1.54021870540103e-13
891250.93813374498859 4.73684 1.54448113685095e-13
891250.93813374498859 9.47368 1.55721281590502e-13
891250.93813374498859 14.21053 1.57886536746244e-13
891250.93813374498859 18.94737 1.60980671384058e-13
891250.93813374498859 23.68421 1.65151210079063e-13
891250.93813374498859 28.42105 1.70467793640077e-13
891250.93813374498859 33.15789 1.77157052363667e-13
891250.93813374498859 37.89474 1.85445181534033e-13
891250.93813374498859 42.63158 1.95678358275290e-13
891250.93813374498859 47.36842 2.08288210554380e-13
891250.93813374498859 52.10526 2.23979739483493e-13
891250.93813374498859 56.84211 2.43584449156533e-13
891250.93813374498859 61.57895 2.68404624561973e-13
891250.93813374498859 66.31579 3.00348187684830e-13
891250.93813374498859 71.05263 3.41943056363367e-13
891250.93813374498859 75.78947 3.96278780060942e-13
891250.93813374498859 80.52632 4.62993816710884e-13
891250.93813374498859 85.26316 5.13571164737349e-13
891250.93813374498859 90.00000 3.68352823996958e-13
1122018.45430196286179 0.00000 6.92542538960764e-14
1122018.45430196286179 4.73684 6.94542114387694e-14
1122018.45430196286179 9.47368 7.00450249415506e-14
1122018.45430196286179 14.21053 7.10443467278056e-14
1122018.45430196286179 18.94737 7.24905066077953e-14
1122018.45430196286179 23.68421 7.44268702424615e-14
1122018.45430196286179 28.42105 7.69063776926696e-14
1122018.45430196286179 33.15789 8.00334266068650e-14
1122018.45430196286179 37.89474 8.39134718548570e-14
1122018.45430196286179 42.63158 8.87261477320277e-14
1122018.45430196286179 47.36842 9.46845954299365e-14
1122018.45430196286179 52.10526 1.02151343176401e-13
1122018.45430196286179 56.84211 1.11513396688604e-13
1122018.45430196286179 61.57895 1.23510920042414e-13
1122018.45430196286179 66.31579 1.39127008258125e-13
1122018.45430196286179 71.05263 1.59834376965381e-13
1122018.45430196286179 75.78947 1.87644908109678e-13
1122018.45430196286179 80.52632 2.23599504305105e-13
1122018.45430196286179 85.26316 2.55605051945199e-13
1122018.45430196286179 90.00000 1.93925923824517e-13
1412537.54462275258265 0.00000 3.08738998190102e-14
1412537.54462275258265 4.73684 3.09639494726020e-14
1412537.54462275258265 9.47368 3.12351950222013e-14
1412537.54462275258265 14.21053 3.16923656917592e-14
1412537.54462275258265 18.94737 3.23581664869281e-14
1412537.54462275258265 23.68421 3.32448306287088e-14
1412537.54462275258265 28.42105 3.43860160051298e-14
1412537.54462275258265 33.15789 3.58265909028634e-14
1412537.54462275258265 37.89474 3.76205454906247e-14
1412537.54462275258265 42.63158 3.98488468765941e-14
1412537.54462275258265 47.36842 4.26198793548565e-14
1412537.54462275258265 52.10526 4.61049491119264e-14
1412537.54462275258265 56.84211 5.05119766332206e-14
1412537.54462275258265 61.57895 5.61912173635437e-14
1412537.54462275258265 66.31579 6.36589794686642e-14
1412537.54462275258265 71.05263 7.37177029277595e-14
1412537.54462275258265 75.78947 8.75342672615977e-14
1412537.54462275258265 80.52632 1.06114202073137e-13
1412537.54462275258265 85.26316 1.24572815171736e-13
1412537.54462275258265 90.00000 9.91219068583651e-14
1778279.41003891918808 0.00000 1.36490852556509e-14
1778279.41003891918808 4.73684 1.36898840698046e-14
1778279.41003891918808 9.47368 1.38124069361865e-14
1778279.41003891918808 14.21053 1.40199477321105e-14
1778279.41003891918808 18.94737 1.43201327694832e-14
1778279.41003891918808 23.68421 1.47226931372857e-14
1778279.41003891918808 28.42105 1.52414382171455e-14
1778279.41003891918808 33.15789 1.58958887693435e-14
1778279.41003891918808 37.89474 1.67138207128118e-14
1778279.41003891918808 42.63158 1.77318066017088e-14
1778279.41003891918808 47.36842 1.90012088306757e-14
1778279.41003891918808 52.10526 2.06043480502716e-14
1778279.41003891918808 56.84211 2.26438710695945e-14
1778279.41003891918808 61.57895 2.52861948295486e-14
1778279.41003891918808 66.31579 2.87938654863874e-14
1778279.41003891918808 71.05263 3.35723279941055e-14
1778279.41003891918808 75.78947 4.02713115995827e-14
1778279.41003891918808 80.52632 4.95615947085488e-14
1778279.41003891918808 85.26316 5.95885938958762e-14
1778279.41003891918808 90.00000 4.92488762654885e-14
2238721.13856833800673 0.00000 5.98598679713615e-15
2238721.13856833800673 4.73684 6.00436806099844e-15
2238721.13856833800673 9.47368 6.05913684979164e-15
2238721.13856833800673 14.21053 6.15187370014988e-15
2238721.13856833800673 18.94737 6.28621755405657e-15
2238721.13856833800673 23.68421 6.46658293603452e-15
2238721.13856833800673 28.42105 6.69892376280143e-15
2238721.13856833800673 33.15789 6.99313658713629e-15
2238721.13856833800673 37.89474 7.36102452481881e-15
2238721.13856833800673 42.63158 7.82041849843441e-15
2238721.13856833800673 47.36842 8.39473475678064e-15
2238721.13856833800673 52.10526 9.12236435829368e-15
2238721.13856833800673 56.84211 1.00506353790638e-14
2238721.13856833800673 61.57895 1.12621658232432e-14
2238721.13856833800673 66.31579 1.28818543444820e-14
2238721.13856833800673 71.05263 1.51094827501884e-14
2238721.13856833800673 75.78947 1.82760294340324e-14
2238721.13856833800673 80.52632 2.27871648671449e-14
2238721.13856833800673 85.26316 2.79790089914079e-14
2238721.13856833800673 90.00000 2.38555791829929e-14
2818382.93126445543021 0.00000 2.60705926182886e-15
2818382.93126445543021 4.73684 2.61511886002153e-15
2818382.93126445543021 9.47368 2.63939701939188e-15
2818382.93126445543021 14.21053 2.68049859557822e-15
2818382.93126445543021 18.94737 2.74003296010638e-15
2818382.93126445543021 23.68421 2.82001634532908e-15
2818382.93126445543021 28.42105 2.92315622972075e-15
2818382.93126445543021 33.15789 3.05396097820816e-15
2818382.93126445543021 37.89474 3.21771479869424e-15
2818382.93126445543021 42.63158 3.42262913069478e-15
2818382.93126445543021 47.36842 3.67943796648669e-15
2818382.93126445543021 52.10526 4.00560089472296e-15
2818382.93126445543021 56.84211 4.42334831672028e-15
2818382.93126445543021 61.57895 4.97133240089176e-15
2818382.93126445543021 66.31579 5.70851404184458e-15
2818382.93126445543021 71.05263 6.73109705697774e-15
2818382.93126445543021 75.78947 8.20157383595343e-15
2818382.93126445543021 80.52632 1.03426614265074e-14
2818382.93126445543021 85.26316 1.29219602669656e-14
2818382.93126445543021 90.00000 1.13300945876556e-14
3548133.89233575342223 0.00000 1.12918797729539e-15
3548133.89233575342223 4.73684 1.13272772066293e-15
3548133.89233575342223 9.47368 1.14338480569373e-15
3548133.89233575342223 14.21053 1.16144886327934e-15
3548133.89233575342223 18.94737 1.18760763213422e-15
3548133.89233575342223 23.68421 1.22279065043294e-15
3548133.89233575342223 28.42105 1.26819227856646e-15
3548133.89233575342223 33.15789 1.32582660475986e-15
3548133.89233575342223 37.89474 1.39813394465261e-15
3548133.89233575342223 42.63158 1.48869149690000e-15
3548133.89233575342223 47.36842 1.60244753682982e-15
3548133.89233575342223 52.10526 1.74724280089163e-15
3548133.89233575342223 56.84211 1.93344888622850e-15
3548133.89233575342223 61.57895 2.17855512216896e-15
3548133.89233575342223 66.31579 2.51018453536962e-15
3548133.89233575342223 71.05263 2.97357032826876e-15
3548133.89233575342223 75.78947 3.64792286371971e-15
3548133.89233575342223 80.52632 4.64624882007582e-15
3548133.89233575342223 85.26316 5.89100378324493e-15
3548133.89233575342223 90.00000 5.28865694111162e-15
4466835.92150962632149 0.00000 4.87099247584190e-16
4466835.92150962632149 4.73684 4.88643778929993e-16
4466835.92150962632149 9.47368 4.93295780686501e-16
4466835.92150962632149 14.21053 5.01177090946314e-16
4466835.92150962632149 18.94737 5.12602506075231e-16
4466835.92150962632149 23.68421 5.27974057588831e-16
4466835.92150962632149 28.42105 5.47814349633650e-16
4466835.92150962632149 33.15789 5.73059765373484e-16
4466835.92150962632149 37.89474 6.04734457043636e-16
4466835.92150962632149 42.63158 6.44477468443894e-16
4466835.92150962632149 47.36842 6.94526823630781e-16
4466835.92150962632149 52.10526 7.58344621107229e-16
4466835.92150962632149 56.84211 8.40647529945278e-16
4466835.92150962632149 61.57895 9.49333574078723e-16
4466835.92150962632149 66.31579 1.09703284251275e-15
4466835.92150962632149 71.05263 1.30484156914775e-15
4466835.92150962632149 75.78947 1.61029147720222e-15
4466835.92150962632149 80.52632 2.06849445564022e-15
4466835.92150962632149 85.26316 2.65793399524009e-15
4466835.92150962632149 90.00000 2.43006065431129e-15
5623413.25190347898751 0.00000 2.09616649111579e-16
5623413.25190347898751 4.73684 2.10284537375480e-16
5623413.25190347898751 9.47368 2.12306456016746e-16
5623413.25190347898751 14.21053 2.15737811414924e-16
5623413.25190347898751 18.94737 2.20696489020586e-16
5623413.25190347898751 23.68421 2.27387357736735e-16
5623413.25190347898751 28.42105 2.36027398244535e-16
5623413.25190347898751 33.15789 2.47015866921612e-16
5623413.25190347898751 37.89474 2.60827890677181e-16
5623413.25190347898751 42.63158 2.78186914042833e-16
5623413.25190347898751 47.36842 3.00073563021969e-16
5623413.25190347898751 52.10526 3.28046638894234e-16
5623413.25190347898751 56.84211 3.64190039570030e-16
5623413.25190347898751 61.57895 4.12076283151117e-16
5623413.25190347898751 66.31579 4.77417672109568e-16
5623413.25190347898751 71.05263 5.69851365834694e-16
5623413.25190347898751 75.78947 7.06701085732262e-16
5623413.25190347898751 80.52632 9.14756251007489e-16
5623413.25190347898751 85.26316 1.18909311315261e-15
5623413.25190347898751 90.00000 1.10381309701386e-15
7079457.84384137298912 0.00000 9.01204583841302e-17
7079457.84384137298912 4.73684 9.04108430269391e-17
7079457.84384137298912 9.47368 9.12863720472546e-17
7079457.84384137298912 14.21053 9.27708502571497e-17
7079457.84384137298912 18.94737 9.49228237986401e-17
7079457.84384137298912 23.68421 9.78222889881548e-17
7079457.84384137298912 28.42105 1.01571522719288e-16
7079457.84384137298912 33.15789 1.06343419464129e-16
7079457.84384137298912 37.89474 1.12346091122651e-16
7079457.84384137298912 42.63158 1.19898476646003e-16
7079457.84384137298912 47.36842 1.29429082908281e-16
7079457.84384137298912 52.10526 1.41635143186857e-16
7079457.84384137298912 56.84211 1.57438534718178e-16
7079457.84384137298912 61.57895 1.78439897915696e-16
7079457.84384137298912 66.31579 2.07192221455982e-16
7079457.84384137298912 71.05263 2.48058528033605e-16
7079457.84384137298912 75.78947 3.08973157814614e-16
7079457.84384137298912 80.52632 4.02621551694624e-16
7079457.84384137298912 85.26316 5.28281063749666e-16
7079457.84384137298912 90.00000 4.96909151005729e-16
8912509.38133745826781 0.00000 3.87516494425225e-17
8912509.38133745826781 4.73684 3.88775239824688e-17
8912509.38133745826781 9.47368 3.92559583603571e-17
8912509.38133745826781 14.21053 3.98971733532243e-17
8912509.38133745826781 18.94737 4.08285476761702e-17
8912509.38133745826781 23.68421 4.20834349409782e-17
8912509.38133745826781 28.42105 4.37059399308812e-17
8912509.38133745826781 33.15789 4.57734591362206e-17
8912509.38133745826781 37.89474 4.83758355936238e-17
8912509.38133745826781 42.63158 5.16536349536325e-17
8912509.38133745826781 47.36842 5.57933247665887e-17
8912509.38133745826781 52.10526 6.11037875954552e-17
8912509.38133745826781 56.84211 6.79923573981731e-17
8912509.38133745826781 61.57895 7.71669562938640e-17
8912509.38133745826781 66.31579 8.97633915138158e-17
8912509.38133745826781 71.05263 1.07747168490801e-16
8912509.38133745826781 75.78947 1.34710276522820e-16
8912509.38133745826781 80.52632 1.76527035656656e-16
8912509.38133745826781 85.26316 2.33556979508436e-16
8912509.38133745826781 90.00000 2.22017845818301e-16
11220184.54301963001490 0.00000 1.66678485454699e-17
11220184.54301963001490 4.73684 1.67220820162232e-17
11220184.54301963001490 9.47368 1.68854629360769e-17
11220184.54301963001490 14.21053 1.71624848928163e-17
11220184.54301963001490 18.94737 1.75643921498720e-17
11220184.54301963001490 23.68421 1.81065505444735e-17
11220184.54301963001490 28.42105 1.88079311093138e-17
11220184.54301963001490 33.15789 1.97015691909461e-17
11220184.54301963001490 37.89474 2.08274721515572e-17
11220184.54301963001490 42.63158 2.22467266823266e-17
11220184.54301963001490 47.36842 2.40412542228457e-17
11220184.54301963001490 52.10526 2.63458111448797e-17
11220184.54301963001490 56.84211 2.93401444552987e-17
11220184.54301963001490 61.57895 3.33345794275998e-17
11220184.54301963001490 66.31579 3.88349774478739e-17
11220184.54301963001490 71.05263 4.67135661615724e-17
11220184.54301963001490 75.78947 5.85852662924642e-17
11220184.54301963001490 80.52632 7.71324367150457e-17
11220184.54301963001490 85.26316 1.02780533127035e-16
11220184.54301963001490 90.00000 9.84854918744924e-17
14125375.44622752629220 0.00000 7.17128770810733e-18
14125375.44622752629220 4.73684 7.19464223697297e-18
14125375.44622752629220 9.47368 7.26507347944501e-18
14125375.44622752629220 14.21053 7.38453032317295e-18
14125375.44622752629220 18.94737 7.55783129475087e-18
14125375.44622752629220 23.68421 7.79160353619156e-18
14125375.44622752629220 28.42105 8.09419324221714e-18
14125375.44622752629220 33.15789 8.48000281134237e-18
14125375.44622752629220 37.89474 8.96626695292711e-18
14125375.44622752629220 42.63158 9.57954680049784e-18
14125375.44622752629220 47.36842 1.03557499396581e-17
14125375.44622752629220 52.10526 1.13534834248013e-17
14125375.44622752629220 56.84211 1.26519029095228e-17
14125375.44622752629220 61.57895 1.43862196138139e-17
14125375.44622752629220 66.31579 1.67801828571613e-17
14125375.44622752629220 71.05263 2.02187934126252e-17
14125375.44622752629220 75.78947 2.54249235109298e-17
14125375.44622752629220 80.52632 3.36031227520841e-17
14125375.44622752629220 85.26316 4.50434717273012e-17
14125375.44622752629220 90.00000 4.34417834910016e-17
17782794.10038919001818 0.00000 3.08605827247855e-18
17782794.10038919001818 4.73684 3.09611877427928e-18
17782794.10038919001818 9.47368 3.12642565814098e-18
17782794.10038919001818 14.21053 3.17781883247892e-18
17782794.10038919001818 18.94737 3.25244282822334e-18
17782794.10038919001818 23.68421 3.35307735301953e-18
17782794.10038919001818 28.42105 3.48339633219449e-18
17782794.10038919001818 33.15789 3.64965162656549e-18
17782794.10038919001818 37.89474 3.85926136726624e-18
17782794.10038919001818 42.63158 4.12377243005347e-18
17782794.10038919001818 47.36842 4.45878898544438e-18
17782794.10038919001818 52.10526 4.88978249415169e-18
17782794.10038919001818 56.84211 5.45114412073175e-18
17782794.10038919001818 61.57895 6.20218262996036e-18
17782794.10038919001818 66.31579 7.24062012028391e-18
17782794.10038919001818 71.05263 8.73615049928543e-18
17782794.10038919001818 75.78947 1.10078280777038e-17
17782794.10038919001818 80.52632 1.45984099748201e-17
17782794.10038919001818 85.26316 1.96630518377722e-17
17782794.10038919001818 90.00000 1.90557474150133e-17
22387211.38568333163857 0.00000 1.32793816686087e-18
22387211.38568333163857 4.73684 1.33225583801535e-18
22387211.38568333163857 9.47368 1.34527315823265e-18
22387211.38568333163857 14.21053 1.36735632559036e-18
22387211.38568333163857 18.94737 1.39940507297099e-18
22387211.38568333163857 23.68421 1.44265534685151e-18
22387211.38568333163857 28.42105 1.49866728369015e-18
22387211.38568333163857 33.15789 1.57013870113026e-18
22387211.38568333163857 37.89474 1.66029094818410e-18
22387211.38568333163857 42.63158 1.77410941686322e-18
22387211.38568333163857 47.36842 1.91833883019077e-18
22387211.38568333163857 52.10526 2.10403590814302e-18
22387211.38568333163857 56.84211 2.34607774234296e-18
22387211.38568333163857 61.57895 2.67030989411400e-18
22387211.38568333163857 66.31579 3.11924449005996e-18
22387211.38568333163857 71.05263 3.76718620068359e-18
22387211.38568333163857 75.78947 4.75421804125173e-18
22387211.38568333163857 80.52632 6.32144667716618e-18
22387211.38568333163857 85.26316 8.54683067589953e-18
22387211.38568333163857 90.00000 8.30844363198423e-18
28183829.31264449656010 0.00000 5.71084496779261e-19
28183829.31264449656010 4.73684 5.72935625165871e-19
28183829.31264449656010 9.47368 5.78512073275626e-19
28183829.31264449656010 14.21053 5.87967901361886e-19
28183829.31264449656010 18.94737 6.01703915975612e-19
28183829.31264449656010 23.68421 6.20233657361071e-19
28183829.31264449656010 28.42105 6.44247130490418e-19
28183829.31264449656010 33.15789 6.74886785463312e-19
28183829.31264449656010 37.89474 7.13549351312214e-19
28183829.31264449656010 42.63158 7.62380024795472e-19
28183829.31264449656010 47.36842 8.24283506439838e-19
28183829.31264449656010 52.10526 9.04028350935111e-19
28183829.31264449656010 56.84211 1.00805562901003e-18
28183829.31264449656010 61.57895 1.14751618644932e-18
28183829.31264449656010 66.31579 1.34087237706653e-18
28183829.31264449656010 71.05263 1.62039175327452e-18
28183829.31264449656010 75.78947 2.04728244407632e-18
28183829.31264449656010 80.52632 2.72740552510573e-18
28183829.31264449656010 85.26316 3.69842671819235e-18
28183829.31264449656010 90.00000 3.60201018005427e-18
35481338.92335753142834 0.00000 2.45374707286919e-19
35481338.92335753142834 4.73684 2.46164967687465e-19
35481338.92335753142834 9.47368 2.48545585256302e-19
35481338.92335753142834 14.21053 2.52585258273453e-19
35481338.92335753142834 18.94737 2.58449840726797e-19
35481338.92335753142834 23.68421 2.66365816018705e-19
35481338.92335753142834 28.42105 2.76624621724655e-19
35481338.92335753142834 33.15789 2.89717325360478e-19
35481338.92335753142834 37.89474 3.06241659165827e-19
35481338.92335753142834 42.63158 3.27118316486158e-19
35481338.92335753142834 47.36842 3.53592543376955e-19
35481338.92335753142834 52.10526 3.87715028446448e-19
35481338.92335753142834 56.84211 4.32251496714049e-19
35481338.92335753142834 61.57895 4.92000980349681e-19
35481338.92335753142834 66.31579 5.74924184329149e-19
35481338.92335753142834 71.05263 6.94970863834486e-19
35481338.92335753142834 75.78947 8.78645321123776e-19
35481338.92335753142834 80.52632 1.17217519558349e-18
35481338.92335753142834 85.26316 1.59282824299649e-18
35481338.92335753142834 90.00000 1.55274153390492e-18
44668359.21509625762701 0.00000 1.05307306004583e-19
44668359.21509625762701 4.73684 1.05643611531642e-19
44668359.21509625762701 9.47368 1.06656703154821e-19
44668359.21509625762701 14.21053 1.08374113819513e-19
44668359.21509625762701 18.94737 1.10870051971691e-19
44668359.21509625762701 23.68421 1.14237702801111e-19
44668359.21509625762701 28.42105 1.18602086816378e-19
44668359.21509625762701 33.15789 1.24175559895218e-19
44668359.21509625762701 37.89474 1.31210261383848e-19
44668359.21509625762701 42.63158 1.40102148057310e-19
44668359.21509625762701 47.36842 1.51378822122830e-19
44668359.21509625762701 52.10526 1.65917721520750e-19
44668359.21509625762701 56.84211 1.84903293811893e-19
44668359.21509625762701 61.57895 2.10390678657136e-19
44668359.21509625762701 66.31579 2.45790660479061e-19
44668359.21509625762701 71.05263 2.97095623327706e-19
44668359.21509625762701 75.78947 3.75721652872395e-19
44668359.21509625762701 80.52632 5.01626954201056e-19
44668359.21509625762701 85.26316 6.82599193633572e-19
44668359.21509625762701 90.00000 6.65302490249877e-19
56234132.51903479546309 0.00000 4.51365949864213e-20
56234132.51903479546309 4.73684 4.52791846248720e-20
56234132.51903479546309 9.47368 4.57079592645238e-20
56234132.51903479546309 14.21053 4.64358254664711e-20
56234132.51903479546309 18.94737 4.74939496903871e-20
56234132.51903479546309 23.68421 4.89186749513713e-20
56234132.51903479546309 28.42105 5.07686836291183e-20
56234132.51903479546309 33.15789 5.31304366613448e-20
56234132.51903479546309 37.89474 5.61107296765372e-20
56234132.51903479546309 42.63158 5.98797853053954e-20
56234132.51903479546309 47.36842 6.46619596497703e-20
56234132.51903479546309 52.10526 7.08280661323859e-20
56234132.51903479546309 56.84211 7.88826881405591e-20
56234132.51903479546309 61.57895 8.97005664157524e-20
56234132.51903479546309 66.31579 1.04735953107263e-19
56234132.51903479546309 71.05263 1.26544729444725e-19
56234132.51903479546309 75.78947 1.60009042215679e-19
56234132.51903479546309 80.52632 2.13683743582105e-19
56234132.51903479546309 85.26316 2.90950046179491e-19
56234132.51903479546309 90.00000 2.83276782551846e-19
70794578.43841359019279 0.00000 1.93155723812243e-20
70794578.43841359019279 4.73684 1.93751503120034e-20
70794578.43841359019279 9.47368 1.95560756512530e-20
70794578.43841359019279 14.21053 1.98629550649108e-20
70794578.43841359019279 18.94737 2.03092090798294e-20
70794578.43841359019279 23.68421 2.09099841507762e-20
70794578.43841359019279 28.42105 2.16899760596711e-20
70794578.43841359019279 33.15789 2.26853972188320e-20
70794578.43841359019279 37.89474 2.39420183390851e-20
70794578.43841359019279 42.63158 2.55311059225200e-20
70794578.43841359019279 47.36842 2.75474198961955e-20
70794578.43841359019279 52.10526 3.01495037954305e-20
70794578.43841359019279 56.84211 3.35476310581682e-20
70794578.43841359019279 61.57895 3.81143113529012e-20
70794578.43841359019279 66.31579 4.44638542282835e-20
70794578.43841359019279 71.05263 5.36806221049414e-20
70794578.43841359019279 75.78947 6.78365662189796e-20
70794578.43841359019279 80.52632 9.05672262921248e-20
70794578.43841359019279 85.26316 1.23310608529493e-19
70794578.43841359019279 90.00000 1.19829817378461e-19
89125093.81337440013885 0.00000 8.25289399408344e-21
89125093.81337440013885 4.73684 8.27805983361934e-21
89125093.81337440013885 9.47368 8.35385816403028e-21
89125093.81337440013885 14.21053 8.48231250056510e-21
89125093.81337440013885 18.94737 8.66902908051013e-21
89125093.81337440013885 23.68421 8.92122092060506e-21
89125093.81337440013885 28.42105 9.24793745467648e-21
89125093.81337440013885 33.15789 9.66512946124546e-21
89125093.81337440013885 37.89474 1.01917008016429e-20
89125093.81337440013885 42.63158 1.08578317262485e-20
89125093.81337440013885 47.36842 1.17031705396411e-20
89125093.81337440013885 52.10526 1.27939913016630e-20
89125093.81337440013885 56.84211 1.42190096480157e-20
89125093.81337440013885 61.57895 1.61350049746975e-20
89125093.81337440013885 66.31579 1.87995875364501e-20
89125093.81337440013885 71.05263 2.26692297239574e-20
89125093.81337440013885 75.78947 2.86162427238994e-20
89125093.81337440013885 80.52632 3.81719278529690e-20
89125093.81337440013885 85.26316 5.19313182916970e-20
89125093.81337440013885 90.00000 5.03110342207200e-20
112201845.43019630014896 0.00000 3.52067973125483e-21
112201845.43019630014896 4.73684 3.53119969987353e-21
112201845.43019630014896 9.47368 3.56269667968543e-21
112201845.43019630014896 14.21053 3.61635996667965e-21
112201845.43019630014896 18.94737 3.69394486550080e-21
112201845.43019630014896 23.68421 3.79886593237924e-21
112201845.43019630014896 28.42105 3.93506884213195e-21
112201845.43019630014896 33.15789 4.10867665304487e-21
112201845.43019630014896 37.89474 4.32812631375192e-21
112201845.43019630014896 42.63158 4.60558621051537e-21
112201845.43019630014896 47.36842 4.95767845722321e-21
112201845.43019630014896 52.10526 5.41212572098151e-21
112201845.43019630014896 56.84211 6.00595817559565e-21
112201845.43019630014896 61.57895 6.80418360621422e-21
112201845.43019630014896 66.31579 7.91485266945870e-21
112201845.43019630014896 71.05263 9.52824272605050e-21
112201845.43019630014896 75.78947 1.20091433170314e-20
112201845.43019630014896 80.52632 1.59961101225213e-20
112201845.43019630014896 85.26316 2.17321129623736e-20
112201845.43019630014896 90.00000 2.09827182551038e-20
141253754.46227526664734 0.00000 1.50016713348565e-21
141253754.46227526664734 4.73684 1.50450255956694e-21
141253754.46227526664734 9.47368 1.51756335096732e-21
141253754.46227526664734 14.21053 1.53966796771830e-21
141253754.46227526664734 18.94737 1.57191735523056e-21
141253754.46227526664734 23.68421 1.61517421041166e-21
141253754.46227526664734 28.42105 1.67149477900004e-21
141253754.46227526664734 33.15789 1.74339563891355e-21
141253754.46227526664734 37.89474 1.83420568421421e-21
141253754.46227526664734 42.63158 1.94898760438596e-21
141253754.46227526664734 47.36842 2.09449294799414e-21
141253754.46227526664734 52.10526 2.28266072525078e-21
141253754.46227526664734 56.84211 2.52828501151707e-21
141253754.46227526664734 61.57895 2.85857113344406e-21
141253754.46227526664734 66.31579 3.31820962582821e-21
141253754.46227526664734 71.05263 3.98614619737914e-21
141253754.46227526664734 75.78947 5.01374553171707e-21
141253754.46227526664734 80.52632 6.66501505766794e-21
141253754.46227526664734 85.26316 9.03820276730779e-21
141253754.46227526664734 90.00000 8.70036147996894e-21
177827941.00389194488525 0.00000 6.38448224580330e-22
177827941.00389194488525 4.73684 6.40240607911748e-22
177827941.00389194488525 9.47368 6.45583097507784e-22
177827941.00389194488525 14.21053 6.54627667020276e-22
177827941.00389194488525 18.94737 6.67906370770843e-22
177827941.00389194488525 23.68421 6.85652297095107e-22
177827941.00389194488525 28.42105 7.08733812390455e-22
177827941.00389194488525 33.15789 7.38282186199262e-22
177827941.00389194488525 37.89474 7.75571216701211e-22
177827941.00389194488525 42.63158 8.22689751286579e-22
177827941.00389194488525 47.36842 8.82401815167636e-22
177827941.00389194488525 52.10526 9.59612961291869e-22
177827941.00389194488525 56.84211 1.06042632369759e-21
177827941.00389194488525 61.57895 1.19606248726387e-21
177827941.00389194488525 66.31579 1.38480162960924e-21
177827941.00389194488525 71.05263 1.65908977168020e-21
177827941.00389194488525 75.78947 2.08104212203368e-21
177827941.00389194488525 80.52632 2.75943575348654e-21
177827941.00389194488525 85.26316 3.73231134641199e-21
177827941.00389194488525 90.00000 3.58066236564028e-21
223872113.85683333873749 0.00000 2.71278252903284e-22
223872113.85683333873749 4.73684 2.72002870611085e-22
223872113.85683333873749 9.47368 2.74185988787006e-22
223872113.85683333873749 14.21053 2.77859876131337e-22
223872113.85683333873749 18.94737 2.83269933931675e-22
223872113.85683333873749 23.68421 2.90485965389824e-22
223872113.85683333873749 28.42105 2.99896940667501e-22
223872113.85683333873749 33.15789 3.11909876062381e-22
223872113.85683333873749 37.89474 3.27063968501708e-22
223872113.85683333873749 42.63158 3.46236545791629e-22
223872113.85683333873749 47.36842 3.70558024213637e-22
223872113.85683333873749 52.10526 4.01947216320704e-22
223872113.85683333873749 56.84211 4.43003971797548e-22
223872113.85683333873749 61.57895 4.98184519895567e-22
223872113.85683333873749 66.31579 5.74957500898280e-22
223872113.85683333873749 71.05263 6.86573107815037e-22
223872113.85683333873749 75.78947 8.58275902961134e-22
223872113.85683333873749 80.52632 1.13416745668355e-21
223872113.85683333873749 85.26316 1.52898673813739e-21
223872113.85683333873749 90.00000 1.46068078978298e-21
281838293.12644493579865 0.00000 1.15160237338310e-22
281838293.12644493579865 4.73684 1.15455650999538e-22
281838293.12644493579865 9.47368 1.16331010615110e-22
281838293.12644493579865 14.21053 1.17821016360033e-22
281838293.12644493579865 18.94737 1.19988330807601e-22
281838293.12644493579865 23.68421 1.22901269477101e-22
281838293.12644493579865 28.42105 1.26696048863544e-22
281838293.12644493579865 33.15789 1.31535577902344e-22
281838293.12644493579865 37.89474 1.37638448494973e-22
281838293.12644493579865 42.63158 1.45364659964011e-22
281838293.12644493579865 47.36842 1.55173667742468e-22
281838293.12644493579865 52.10526 1.67830456637595e-22
281838293.12644493579865 56.84211 1.84364801695207e-22
281838293.12644493579865 61.57895 2.06589905662412e-22
281838293.12644493579865 66.31579 2.37535302083392e-22
281838293.12644493579865 71.05263 2.82488237587345e-22
281838293.12644493579865 75.78947 3.51645368283488e-22
281838293.12644493579865 80.52632 4.62676866204032e-22
281838293.12644493579865 85.26316 6.21230453030609e-22
281838293.12644493579865 90.00000 5.90499034282670e-22
354813389.23357540369034 0.00000 4.88899748666625e-23
354813389.23357540369034 4.73684 4.90039118986168e-23
354813389.23357540369034 9.47368 4.93549174394592e-23
354813389.23357540369034 14.21053 4.99552225368628e-23
354813389.23357540369034 18.94737 5.08114181304101e-23
354813389.23357540369034 23.68421 5.19807212475620e-23
354813389.23357540369034 28.42105 5.34904441080994e-23
354813389.23357540369034 33.15789 5.54220403895622e-23
354813389.23357540369034 37.89474 5.78540026918006e-23
354813389.23357540369034 42.63158 6.09393513988192e-23
354813389.23357540369034 47.36842 6.48447324720820e-23
354813389.23357540369034 52.10526 6.98906032606018e-23
354813389.23357540369034 56.84211 7.64817590269780e-23
354813389.23357540369034 61.57895 8.53388518701762e-23
354813389.23357540369034 66.31579 9.76694727555835e-23
354813389.23357540369034 71.05263 1.15584528038760e-22
354813389.23357540369034 75.78947 1.43132354514535e-22
354813389.23357540369034 80.52632 1.87322006487206e-22
354813389.23357540369034 85.26316 2.50212764342488e-22
354813389.23357540369034 90.00000 2.36543795841818e-22
446683592.15096259117126 0.00000 2.07686499954045e-23
446683592.15096259117126 4.73684 2.08146528414121e-23
446683592.15096259117126 9.47368 2.09532787659490e-23
446683592.15096259117126 14.21053 2.11873028092786e-23
446683592.15096259117126 18.94737 2.15279273943165e-23
446683592.15096259117126 23.68421 2.19875329444889e-23
446683592.15096259117126 28.42105 2.25835219107792e-23
446683592.15096259117126 33.15789 2.33446845349454e-23
446683592.15096259117126 37.89474 2.43057366672961e-23
446683592.15096259117126 42.63158 2.55202540142137e-23
446683592.15096259117126 47.36842 2.70625197494232e-23
446683592.15096259117126 52.10526 2.90501068965294e-23
446683592.15096259117126 56.84211 3.16482936762252e-23
446683592.15096259117126 61.57895 3.51388497055665e-23
446683592.15096259117126 66.31579 3.99941805508640e-23
446683592.15096259117126 71.05263 4.70519339516877e-23
446683592.15096259117126 75.78947 5.78997328022161e-23
446683592.15096259117126 80.52632 7.52882404491842e-23
446683592.15096259117126 85.26316 9.99262320421877e-23
446683592.15096259117126 90.00000 9.39067556436497e-23
562341325.19034790992737 0.00000 8.84475104121233e-24
562341325.19034790992737 4.73684 8.86360352955680e-24
562341325.19034790992737 9.47368 8.91727144662809e-24
562341325.19034790992737 14.21053 9.00729817918540e-24
562341325.19034790992737 18.94737 9.14197461232099e-24
562341325.19034790992737 23.68421 9.31966439079377e-24
562341325.19034790992737 28.42105 9.55257723076393e-24
562341325.19034790992737 33.15789 9.84985629218367e-24
562341325.19034790992737 37.89474 1.02241906471760e-23
562341325.19034790992737 42.63158 1.06973020099676e-23
562341325.19034790992737 47.36842 1.12987055685552e-23
562341325.19034790992737 52.10526 1.20748333496053e-23
562341325.19034790992737 56.84211 1.30859427066493e-23
562341325.19034790992737 61.57895 1.44458444548329e-23
562341325.19034790992737 66.31579 1.63386029112448e-23
562341325.19034790992737 71.05263 1.90850577698367e-23
562341325.19034790992737 75.78947 2.33064691830962e-23
562341325.19034790992737 80.52632 3.00685537246568e-23
562341325.19034790992737 85.26316 3.95998069857033e-23
562341325.19034790992737 90.00000 3.69815697267707e-23
707945784.38413584232330 0.00000 3.78504408422595e-24
707945784.38413584232330 4.73684 3.79215771745799e-24
707945784.38413584232330 9.47368 3.81281580906700e-24
707945784.38413584232330 14.21053 3.84811018484400e-24
707945784.38413584232330 18.94737 3.89954519262908e-24
707945784.38413584232330 23.68421 3.96830448289863e-24
707945784.38413584232330 28.42105 4.05864347566982e-24
707945784.38413584232330 33.15789 4.17282927560213e-24
707945784.38413584232330 37.89474 4.31738048416333e-24
707945784.38413584232330 42.63158 4.50009874576710e-24
707945784.38413584232330 47.36842 4.73110068720534e-24
707945784.38413584232330 52.10526 5.03075276899901e-24
707945784.38413584232330 56.84211 5.42048865383857e-24
707945784.38413584232330 61.57895 5.94364560560820e-24
707945784.38413584232330 66.31579 6.67228650153260e-24
707945784.38413584232330 71.05263 7.72958926680826e-24
707945784.38413584232330 75.78947 9.35305655747402e-24
707945784.38413584232330 80.52632 1.19479512477965e-23
707945784.38413584232330 85.26316 1.55934424325684e-23
707945784.38413584232330 90.00000 1.44684759170727e-23
891250938.13374412059784 0.00000 1.63258999690670e-24
891250938.13374412059784 4.73684 1.63515155961575e-24
891250938.13374412059784 9.47368 1.64313000141841e-24
891250938.13374412059784 14.21053 1.65672898118449e-24
891250938.13374412059784 18.94737 1.67632950875329e-24
891250938.13374412059784 23.68421 1.70280553980645e-24
891250938.13374412059784 28.42105 1.73707781967518e-24
891250938.13374412059784 33.15789 1.78073585900009e-24
891250938.13374412059784 37.89474 1.83601451230184e-24
891250938.13374412059784 42.63158 1.90595467716213e-24
891250938.13374412059784 47.36842 1.99389306788503e-24
891250938.13374412059784 52.10526 2.10803864766726e-24
891250938.13374412059784 56.84211 2.25669176133577e-24
891250938.13374412059784 61.57895 2.45605572160709e-24
891250938.13374412059784 66.31579 2.73317084373807e-24
891250938.13374412059784 71.05263 3.13584676214602e-24
891250938.13374412059784 75.78947 3.75298650186057e-24
891250938.13374412059784 80.52632 4.73748375601393e-24
891250938.13374412059784 85.26316 6.11589165466323e-24
891250938.13374412059784 90.00000 5.63714800790413e-24
1122018454.30196285247803 0.00000 7.11109210840266e-25
1122018454.30196285247803 4.73684 7.12119111560636e-25
1122018454.30196285247803 9.47368 7.15164599321510e-25
1122018454.30196285247803 14.21053 7.20290488900514e-25
1122018454.30196285247803 18.94737 7.27790707524201e-25
1122018454.30196285247803 23.68421 7.37873656834186e-25
1122018454.30196285247803 28.42105 7.50824310520201e-25
1122018454.30196285247803 33.15789 7.67484038946244e-25
1122018454.30196285247803 37.89474 7.88358575357691e-25
1122018454.30196285247803 42.63158 8.14866170712416e-25
1122018454.30196285247803 47.36842 8.48284336126171e-25
1122018454.30196285247803 52.10526 8.91483433812476e-25
1122018454.30196285247803 56.84211 9.47853083276442e-25
1122018454.30196285247803 61.57895 1.02303071817369e-24
1122018454.30196285247803 66.31579 1.12759185498512e-24
1122018454.30196285247803 71.05263 1.27945770837044e-24
1122018454.30196285247803 75.78947 1.51244281032024e-24
1122018454.30196285247803 80.52632 1.88258278423150e-24
1122018454.30196285247803 85.26316 2.39726387562731e-24
1122018454.30196285247803 90.00000 2.19709314601378e-24
1412537544.62275242805481 0.00000 3.13578005394644e-25
1412537544.62275242805481 4.73684 3.13992841712755e-25
1412537544.62275242805481 9.47368 3.15138783964004e-25
1412537544.62275242805481 14.21053 3.17082857256489e-25
1412537544.62275242805481 18.94737 3.19900544204189e-25
1412537544.62275242805481 23.68421 3.23770980192720e-25
1412537544.62275242805481 28.42105 3.28703122229085e-25
1412537544.62275242805481 33.15789 3.35036820134744e-25
1412537544.62275242805481 37.89474 3.42931898957234e-25
1412537544.62275242805481 42.63158 3.52979624690024e-25
1412537544.62275242805481 47.36842 3.65646761310116e-25
1412537544.62275242805481 52.10526 3.81956171946601e-25
1412537544.62275242805481 56.84211 4.03181745832218e-25
1412537544.62275242805481 61.57895 4.31502842385019e-25
1412537544.62275242805481 66.31579 4.70766634579751e-25
1412537544.62275242805481 71.05263 5.27791511745049e-25
1412537544.62275242805481 75.78947 6.15133904745047e-25
1412537544.62275242805481 80.52632 7.53480786301832e-25
1412537544.62275242805481 85.26316 9.44746498439109e-25
1412537544.62275242805481 90.00000 8.61849524088635e-25
1778279410.03891897201538 0.00000 1.40616068222018e-25
1778279410.03891897201538 4.73684 1.40775877362875e-25
1778279410.03891897201538 9.47368 1.41216392940550e-25
1778279410.03891897201538 14.21053 1.41953258137623e-25
1778279410.03891897201538 18.94737 1.43052351924927e-25
1778279410.03891897201538 23.68421 1.44521761645059e-25
1778279410.03891897201538 28.42105 1.46405486503920e-25
1778279410.03891897201538 33.15789 1.48831872070888e-25
1778279410.03891897201538 37.89474 1.51862722996262e-25
1778279410.03891897201538 42.63158 1.55676655772278e-25
1778279410.03891897201538 47.36842 1.60489262898431e-25
1778279410.03891897201538 52.10526 1.66658079732140e-25
1778279410.03891897201538 56.84211 1.74686794187274e-25
1778279410.03891897201538 61.57895 1.85379209214236e-25
1778279410.03891897201538 66.31579 2.00168820948398e-25
1778279410.03891897201538 71.05263 2.21574928130367e-25
1778279410.03891897201538 75.78947 2.54276117619468e-25
1778279410.03891897201538 80.52632 3.06085224534072e-25
1778279410.03891897201538 85.26316 3.77239760922128e-25
1778279410.03891897201538 90.00000 3.42831409700373e-25
2238721138.56833314895630 0.00000 6.41577847433224e-26
2238721138.56833314895630 4.73684 6.42187025592627e-26
2238721138.56833314895630 9.47368 6.43911404529994e-26
2238721138.56833314895630 14.21053 6.46859185648462e-26
2238721138.56833314895630 18.94737 6.51165336339296e-26
2238721138.56833314895630 23.68421 6.56855475067931e-26
2238721138.56833314895630 28.42105 6.64240475280110e-26
2238721138.56833314895630 33.15789 6.73656948476123e-26
2238721138.56833314895630 37.89474 6.85481270654908e-26
2238721138.56833314895630 42.63158 7.00208579994247e-26
2238721138.56833314895630 47.36842 7.18742920912519e-26
2238721138.56833314895630 52.10526 7.42457023316912e-26
2238721138.56833314895630 56.84211 7.73114262863055e-26
2238721138.56833314895630 61.57895 8.13897471547307e-26
2238721138.56833314895630 66.31579 8.70211863580189e-26
2238721138.56833314895630 71.05263 9.51174106380105e-26
2238721138.56833314895630 75.78947 1.07447602768326e-25
2238721138.56833314895630 80.52632 1.26976480768338e-25
2238721138.56833314895630 85.26316 1.53525943906222e-25
2238721138.56833314895630 90.00000 1.39155515327678e-25
2818382931.26445007324219 0.00000 2.97383091599649e-26
2818382931.26445007324219 4.73684 2.97614718829663e-26
2818382931.26445007324219 9.47368 2.98325314139162e-26
2818382931.26445007324219 14.21053 2.99544400842209e-26
2818382931.26445007324219 18.94737 3.01259508280248e-26
2818382931.26445007324219 23.68421 3.03591295228185e-26
2818382931.26445007324219 28.42105 3.06568801504402e-26
2818382931.26445007324219 33.15789 3.10351044210358e-26
2818382931.26445007324219 37.89474 3.15053293089246e-26
2818382931.26445007324219 42.63158 3.20924541039272e-26
2818382931.26445007324219 47.36842 3.28237470661294e-26
2818382931.26445007324219 52.10526 3.37610773849783e-26
2818382931.26445007324219 56.84211 3.49634001646305e-26
2818382931.26445007324219 61.57895 3.65462810683153e-26
2818382931.26445007324219 66.31579 3.87166671946488e-26
2818382931.26445007324219 71.05263 4.18363849275499e-26
2818382931.26445007324219 75.78947 4.65595312545596e-26
2818382931.26445007324219 80.52632 5.39766884822430e-26
2818382931.26445007324219 85.26316 6.40133860502647e-26
2818382931.26445007324219 90.00000 5.78863865787063e-26
3548133892.33575296401978 0.00000 1.39879778288328e-26
3548133892.33575296401978 4.73684 1.39978788855858e-26
3548133892.33575296401978 9.47368 1.40280284044215e-26
3548133892.33575296401978 14.21053 1.40794978469747e-26
3548133892.33575296401978 18.94737 1.41522116302933e-26
3548133892.33575296401978 23.68421 1.42506956281676e-26
3548133892.33575296401978 28.42105 1.43758800748840e-26
3548133892.33575296401978 33.15789 1.45333840099465e-26
3548133892.33575296401978 37.89474 1.47281440255812e-26
3548133892.33575296401978 42.63158 1.49700836254074e-26
3548133892.33575296401978 47.36842 1.52695400225993e-26
3548133892.33575296401978 52.10526 1.56488737541217e-26
3548133892.33575296401978 56.84211 1.61329336587493e-26
3548133892.33575296401978 61.57895 1.67654785191543e-26
3548133892.33575296401978 66.31579 1.76269889046802e-26
3548133892.33575296401978 71.05263 1.88486924547636e-26
3548133892.33575296401978 75.78947 2.06871255979485e-26
3548133892.33575296401978 80.52632 2.35601684462675e-26
3548133892.33575296401978 85.26316 2.73938293707482e-26
3548133892.33575296401978 90.00000 2.47016192496972e-26
4466835921.50962543487549 0.00000 6.65808105701511e-27
4466835921.50962543487549 4.73684 6.66251797397088e-27
4466835921.50962543487549 9.47368 6.67584498097273e-27
4466835921.50962543487549 14.21053 6.69831625239980e-27
4466835921.50962543487549 18.94737 6.73048597317536e-27
4466835921.50962543487549 23.68421 6.77337553369373e-27
4466835921.50962543487549 28.42105 6.82793678951784e-27
4466835921.50962543487549 33.15789 6.89615463906914e-27
4466835921.50962543487549 37.89474 6.98013141818511e-27
4466835921.50962543487549 42.63158 7.08345385062793e-27
4466835921.50962543487549 47.36842 7.21055428387920e-27
4466835921.50962543487549 52.10526 7.36935758767692e-27
4466835921.50962543487549 56.84211 7.56976369302638e-27
4466835921.50962543487549 61.57895 7.82997810879294e-27
4466835921.50962543487549 66.31579 8.17966788082438e-27
4466835921.50962543487549 71.05263 8.67065406161764e-27
4466835921.50962543487549 75.78947 9.40320350333499e-27
4466835921.50962543487549 80.52632 1.05316357485382e-26
4466835921.50962543487549 85.26316 1.20110978138046e-26
4466835921.50962543487549 90.00000 1.07875566210855e-26
5623413251.90347957611084 0.00000 3.19699535484654e-27
5623413251.90347957611084 4.73684 3.19905989572227e-27
5623413251.90347957611084 9.47368 3.20512749628190e-27
5623413251.90347957611084 14.21053 3.21534733016724e-27
5623413251.90347957611084 18.94737 3.23009467131811e-27
5623413251.90347957611084 23.68421 3.24948033321739e-27
5623413251.90347957611084 28.42105 3.27412364705037e-27
5623413251.90347957611084 33.15789 3.30479851814179e-27
5623413251.90347957611084 37.89474 3.34226630523337e-27
5623413251.90347957611084 42.63158 3.38798004546833e-27
5623413251.90347957611084 47.36842 3.44363540172312e-27
5623413251.90347957611084 52.10526 3.51264776155168e-27
5623413251.90347957611084 56.84211 3.59862240727098e-27
5623413251.90347957611084 61.57895 3.70839927642562e-27
5623413251.90347957611084 66.31579 3.85414351254818e-27
5623413251.90347957611084 71.05263 4.05585160048336e-27
5623413251.90347957611084 75.78947 4.35179908907179e-27
5623413251.90347957611084 80.52632 4.80139941910440e-27
5623413251.90347957611084 85.26316 5.37909505382728e-27
5623413251.90347957611084 90.00000 4.80550430680714e-27
7079457843.84135913848877 0.00000 1.54076334578652e-27
7079457843.84135913848877 4.73684 1.54172547246253e-27
7079457843.84135913848877 9.47368 1.54460801451151e-27
7079457843.84135913848877 14.21053 1.54945015361139e-27
7079457843.84135913848877 18.94737 1.55638444598233e-27
7079457843.84135913848877 23.68421 1.56551689808217e-27
7079457843.84135913848877 28.42105 1.57705874429316e-27
7079457843.84135913848877 33.15789 1.59132279075330e-27
7079457843.84135913848877 37.89474 1.60864753018061e-27
7079457843.84135913848877 42.63158 1.62960915264130e-27
7079457843.84135913848877 47.36842 1.65490451380571e-27
7079457843.84135913848877 52.10526 1.68583469860629e-27
7079457843.84135913848877 56.84211 1.72384320909305e-27
7079457843.84135913848877 61.57895 1.77179164175156e-27
7079457843.84135913848877 66.31579 1.83418081287565e-27
7079457843.84135913848877 71.05263 1.91910831519982e-27
7079457843.84135913848877 75.78947 2.04105360081270e-27
7079457843.84135913848877 80.52632 2.22263918135016e-27
7079457843.84135913848877 85.26316 2.44827966311415e-27
7079457843.84135913848877 90.00000 2.17553258242852e-27
8912509381.33744239807129 0.00000 7.45502231376668e-28
8912509381.33744239807129 4.73684 7.45970046260633e-28
8912509381.33744239807129 9.47368 7.47371574039129e-28
8912509381.33744239807129 14.21053 7.49729040957156e-28
8912509381.33744239807129 18.94737 7.53085491422602e-28
8912509381.33744239807129 23.68421 7.57510785165279e-28
8912509381.33744239807129 28.42105 7.63068344364391e-28
8912509381.33744239807129 33.15789 7.69912692875220e-28
8912509381.33744239807129 37.89474 7.78174947907744e-28
8912509381.33744239807129 42.63158 7.88096435424595e-28
8912509381.33744239807129 47.36842 7.99968202099569e-28
8912509381.33744239807129 52.10526 8.14307734653672e-28
8912509381.33744239807129 56.84211 8.31741250054580e-28
8912509381.33744239807129 61.57895 8.53313477403547e-28
8912509381.33744239807129 66.31579 8.80908151900817e-28
8912509381.33744239807129 71.05263 9.17526378501628e-28
8912509381.33744239807129 75.78947 9.69027085048699e-28
8912509381.33744239807129 80.52632 1.04339367432245e-27
8912509381.33744239807129 85.26316 1.13163678156558e-27
8912509381.33744239807129 90.00000 1.00008718698352e-27
11220184543.01963043212891 0.00000 3.61303097608254e-28
11220184543.01963043212891 4.73684 3.61534730815434e-28
11220184543.01963043212891 9.47368 3.62232133883212e-28
11220184543.01963043212891 14.21053 3.63399451632959e-28
11220184543.01963043212891 18.94737 3.65063158724034e-28
11220184543.01963043212891 23.68421 3.67249753645205e-28
11220184543.01963043212891 28.42105 3.69993014167141e-28
11220184543.01963043212891 33.15789 3.73353441404752e-28
11220184543.01963043212891 37.89474 3.77395234805914e-28
11220184543.01963043212891 42.63158 3.82219603633129e-28
11220184543.01963043212891 47.36842 3.87950766482086e-28
11220184543.01963043212891 52.10526 3.94802343886046e-28
11220184543.01963043212891 56.84211 4.03026806032454e-28
11220184543.01963043212891 61.57895 4.13053916850434e-28
11220184543.01963043212891 66.31579 4.25617430200388e-28
11220184543.01963043212891 71.05263 4.41901531854856e-28
11220184543.01963043212891 75.78947 4.64086534994854e-28
11220184543.01963043212891 80.52632 4.95088620218712e-28
11220184543.01963043212891 85.26316 5.29663620982185e-28
11220184543.01963043212891 90.00000 4.65631880480806e-28
14125375446.22752571105957 0.00000 1.75210057578948e-28
14125375446.22752571105957 4.73684 1.75326862024757e-28
14125375446.22752571105957 9.47368 1.75676541079539e-28
14125375446.22752571105957 14.21053 1.76263790601587e-28
14125375446.22752571105957 18.94737 1.77099352683091e-28
14125375446.22752571105957 23.68421 1.78195371703480e-28
14125375446.22752571105957 28.42105 1.79570606884080e-28
14125375446.22752571105957 33.15789 1.81250734421250e-28
14125375446.22752571105957 37.89474 1.83265435175219e-28
14125375446.22752571105957 42.63158 1.85659273262860e-28
14125375446.22752571105957 47.36842 1.88490859358556e-28
14125375446.22752571105957 52.10526 1.91849332233702e-28
14125375446.22752571105957 56.84211 1.95836950798152e-28
14125375446.22752571105957 61.57895 2.00641623779749e-28
14125375446.22752571105957 66.31579 2.06544936092862e-28
14125375446.22752571105957 71.05263 2.14011269909875e-28
14125375446.22752571105957 75.78947 2.23849896230506e-28
14125375446.22752571105957 80.52632 2.37061122200071e-28
14125375446.22752571105957 85.26316 2.50743951240907e-28
14125375446.22752571105957 90.00000 2.19512528006353e-28
17782794100.38919067382812 0.00000 8.50448520156953e-29
17782794100.38919067382812 4.73684 8.51034614391505e-29
17782794100.38919067382812 9.47368 8.52808719272153e-29
17782794100.38919067382812 14.21053 8.55775616318481e-29
17782794100.38919067382812 18.94737 8.59995120259565e-29
17782794100.38919067382812 23.68421 8.65543450765777e-29
17782794100.38919067382812 28.42105 8.72483027093676e-29
17782794100.38919067382812 33.15789 8.80963581553770e-29
17782794100.38919067382812 37.89474 8.91127118704735e-29
17782794100.38919067382812 42.63158 9.03175495322873e-29
17782794100.38919067382812 47.36842 9.17382615678176e-29
17782794100.38919067382812 52.10526 9.34147979086210e-29
17782794100.38919067382812 56.84211 9.53931584230947e-29
17782794100.38919067382812 61.57895 9.77533824888683e-29
17782794100.38919067382812 66.31579 1.00609128534785e-28
17782794100.38919067382812 71.05263 1.04143879011031e-28
17782794100.38919067382812 75.78947 1.08653622020137e-28
17782794100.38919067382812 80.52632 1.14444070223645e-28
17782794100.38919067382812 85.26316 1.19976081359845e-28
17782794100.38919067382812 90.00000 1.04703570446945e-28
22387211385.68337631225586 0.00000 4.12794106860249e-29
22387211385.68337631225586 4.73684 4.13092160419733e-29
22387211385.68337631225586 9.47368 4.13984519884116e-29
22387211385.68337631225586 14.21053 4.15481992244094e-29
22387211385.68337631225586 18.94737 4.17613807103607e-29
22387211385.68337631225586 23.68421 4.20413380059799e-29
22387211385.68337631225586 28.42105 4.23913105196112e-29
22387211385.68337631225586 33.15789 4.28184435042356e-29
22387211385.68337631225586 37.89474 4.33300992375503e-29
22387211385.68337631225586 42.63158 4.39361991273677e-29
22387211385.68337631225586 47.36842 4.46478893291870e-29
22387211385.68337631225586 52.10526 4.54851135984776e-29
22387211385.68337631225586 56.84211 4.64666280431372e-29
22387211385.68337631225586 61.57895 4.76257148744098e-29
22387211385.68337631225586 66.31579 4.90077652558179e-29
22387211385.68337631225586 71.05263 5.06809867025346e-29
22387211385.68337631225586 75.78947 5.27439934569184e-29
22387211385.68337631225586 80.52632 5.52535251984823e-29
22387211385.68337631225586 85.26316 5.73986258639564e-29
22387211385.68337631225586 90.00000 4.99463870908381e-29
28183829312.64455032348633 0.00000 2.00354993559332e-29
28183829312.64455032348633 4.73684 2.00503543511080e-29
28183829312.64455032348633 9.47368 2.00953878076697e-29
28183829312.64455032348633 14.21053 2.01709330759390e-29
28183829312.64455032348633 18.94737 2.02782046556596e-29
28183829312.64455032348633 23.68421 2.04191553323868e-29
28183829312.64455032348633 28.42105 2.05954251112461e-29
28183829312.64455032348633 33.15789 2.08105570344745e-29
28183829312.64455032348633 37.89474 2.10675493693534e-29
28183829312.64455032348633 42.63158 2.13716888991655e-29
28183829312.64455032348633 47.36842 2.17281540227125e-29
28183829312.64455032348633 52.10526 2.21454336527513e-29
28183829312.64455032348633 56.84211 2.26317929330536e-29
28183829312.64455032348633 61.57895 2.32006376165198e-29
28183829312.64455032348633 66.31579 2.38689770932247e-29
28183829312.64455032348633 71.05263 2.46589259960738e-29
28183829312.64455032348633 75.78947 2.55970720879422e-29
28183829312.64455032348633 80.52632 2.66725628288415e-29
28183829312.64455032348633 85.26316 2.74549864488734e-29
28183829312.64455032348633 90.00000 2.38182016036408e-29
35481338923.35752868652344 0.00000 9.72400636214852e-30
35481338923.35752868652344 4.73684 9.73151234794713e-30
35481338923.35752868652344 9.47368 9.75417893932126e-30
35481338923.35752868652344 14.21053 9.79205406708105e-30
35481338923.35752868652344 18.94737 9.84613125123959e-30
35481338923.35752868652344 23.68421 9.91687737712944e-30
35481338923.35752868652344 28.42105 1.00055522833467e-29
35481338923.35752868652344 33.15789 1.01136243429116e-29
35481338923.35752868652344 37.89474 1.02426194822954e-29
35481338923.35752868652344 42.63158 1.03949739896111e-29
35481338923.35752868652344 47.36842 1.05731984466543e-29
35481338923.35752868652344 52.10526 1.07808452822214e-29
35481338923.35752868652344 56.84211 1.10215660014636e-29
35481338923.35752868652344 61.57895 1.13004166884978e-29
35481338923.35752868652344 66.31579 1.16230813918054e-29
35481338923.35752868652344 71.05263 1.19954118462063e-29
35481338923.35752868652344 75.78947 1.24198342730382e-29
35481338923.35752868652344 80.52632 1.28709192457996e-29
35481338923.35752868652344 85.26316 1.31279509947447e-29
35481338923.35752868652344 90.00000 1.13538110769228e-29
44668359215.09626007080078 0.00000 4.71916482077310e-30
44668359215.09626007080078 4.73684 4.72295432212834e-30
44668359215.09626007080078 9.47368 4.73430523603577e-30
44668359215.09626007080078 14.21053 4.75334874538556e-30
44668359215.09626007080078 18.94737 4.78046906716998e-30
44668359215.09626007080078 23.68421 4.81598065804399e-30
44668359215.09626007080078 28.42105 4.86045634749383e-30
44668359215.09626007080078 33.15789 4.91464088570039e-30
44668359215.09626007080078 37.89474 4.97931070099888e-30
44668359215.09626007080078 42.63158 5.05549980712636e-30
44668359215.09626007080078 47.36842 5.14443664668167e-30
44668359215.09626007080078 52.10526 5.24767977685836e-30
44668359215.09626007080078 56.84211 5.36660697981741e-30
44668359215.09626007080078 61.57895 5.50308520328996e-30
44668359215.09626007080078 66.31579 5.65851762467693e-30
44668359215.09626007080078 71.05263 5.83331476564533e-30
44668359215.09626007080078 75.78947 6.02353074505462e-30
44668359215.09626007080078 80.52632 6.20755081643097e-30
44668359215.09626007080078 85.26316 6.27279727975130e-30
44668359215.09626007080078 90.00000 5.40922247308812e-30
56234132519.03479766845703 0.00000 2.29010524511543e-30
56234132519.03479766845703 4.73684 2.29199022205619e-30
56234132519.03479766845703 9.47368 2.29768575410827e-30
56234132519.03479766845703 14.21053 2.30724760217537e-30
56234132519.03479766845703 18.94737 2.32081863272551e-30
56234132519.03479766845703 23.68421 2.33863013400326e-30
56234132519.03479766845703 28.42105 2.36090117180977e-30
56234132519.03479766845703 33.15789 2.38802054469188e-30
56234132519.03479766845703 37.89474 2.42034640046573e-30
56234132519.03479766845703 42.63158 2.45839313258413e-30
56234132519.03479766845703 47.36842 2.50268895321712e-30
56234132519.03479766845703 52.10526 2.55391869798608e-30
56234132519.03479766845703 56.84211 2.61256661237367e-30
56234132519.03479766845703 61.57895 2.67921020204200e-30
56234132519.03479766845703 66.31579 2.75387207958183e-30
56234132519.03479766845703 71.05263 2.83552150893618e-30
56234132519.03479766845703 75.78947 2.91961807468063e-30
56234132519.03479766845703 80.52632 2.99130753583224e-30
56234132519.03479766845703 85.26316 2.99460257905403e-30
56234132519.03479766845703 90.00000 2.57480673277865e-30
70794578438.41374206542969 0.00000 1.11124660596381e-30
70794578438.41374206542969 4.73684 1.11219261799755e-30
70794578438.41374206542969 9.47368 1.11504363395427e-30
70794578438.41374206542969 14.21053 1.11981774735764e-30
70794578438.41374206542969 18.94737 1.12660646440176e-30
70794578438.41374206542969 23.68421 1.13551602408683e-30
70794578438.41374206542969 28.42105 1.14664458097603e-30
70794578438.41374206542969 33.15789 1.16019784635945e-30
70794578438.41374206542969 37.89474 1.17632926346570e-30
70794578438.41374206542969 42.63158 1.19529440849828e-30
70794578438.41374206542969 47.36842 1.21730912755943e-30
70794578438.41374206542969 52.10526 1.24265560632511e-30
70794578438.41374206542969 56.84211 1.27149748127755e-30
70794578438.41374206542969 61.57895 1.30392389278148e-30
70794578438.41374206542969 66.31579 1.33960899494363e-30
70794578438.41374206542969 71.05263 1.37735704309028e-30
70794578438.41374206542969 75.78947 1.41372340418824e-30
70794578438.41374206542969 80.52632 1.43956480889310e-30
70794578438.41374206542969 85.26316 1.42735650189444e-30
70794578438.41374206542969 90.00000 1.22359884779336e-30
89125093813.37458801269531 0.00000 5.39166524730127e-31
89125093813.37458801269531 4.73684 5.39640731628642e-31
89125093813.37458801269531 9.47368 5.41061804607073e-31
89125093813.37458801269531 14.21053 5.43445410963638e-31
89125093813.37458801269531 18.94737 5.46836619562541e-31
89125093813.37458801269531 23.68421 5.51279939240639e-31
89125093813.37458801269531 28.42105 5.56833414803278e-31
89125093813.37458801269531 33.15789 5.63589781922224e-31
89125093813.37458801269531 37.89474 5.71623212326818e-31
89125093813.37458801269531 42.63158 5.81047892123601e-31
89125093813.37458801269531 47.36842 5.91954415688415e-31
89125093813.37458801269531 52.10526 6.04459157712429e-31
89125093813.37458801269531 56.84211 6.18582956212453e-31
89125093813.37458801269531 61.57895 6.34271857185944e-31
89125093813.37458801269531 66.31579 6.51167611160149e-31
89125093813.37458801269531 71.05263 6.68346940941777e-31
89125093813.37458801269531 75.78947 6.83417071389203e-31
89125093813.37458801269531 80.52632 6.90990645369733e-31
89125093813.37458801269531 85.26316 6.77965664067459e-31
89125093813.37458801269531 90.00000 5.79534996697625e-31
