89.12509381337455 0.00000 1.22784989057672e-06
89.12509381337455 4.73684 1.20876118053709e-06
89.12509381337455 9.47368 1.16743469350602e-06
89.12509381337455 14.21053 1.09687121411775e-06
89.12509381337455 18.94737 9.96424787224983e-07
89.12509381337455 23.68421 8.84220314130626e-07
89.12509381337455 28.42105 7.57311006395230e-07
89.12509381337455 33.15789 6.29974701307324e-07
89.12509381337455 37.89474 5.09166553752598e-07
89.12509381337455 42.63158 3.94591489947422e-07
89.12509381337455 47.36842 2.89916122239390e-07
89.12509381337455 52.10526 2.00398047549592e-07
89.12509381337455 56.84211 1.29434690897869e-07
89.12509381337455 61.57895 7.61996257136872e-08
89.12509381337455 66.31579 3.99379129126871e-08
89.12509381337455 71.05263 1.79378435686897e-08
89.12509381337455 75.78947 6.45532065503182e-09
89.12509381337455 80.52632 1.64998864592171e-09
89.12509381337455 85.26316 2.27757877570112e-10
89.12509381337455 90.00000 8.85604450398961e-12
112.20184543019636 0.00000 1.34940658559958e-06
112.20184543019636 4.73684 1.32896452895674e-06
112.20184543019636 9.47368 1.28463489278911e-06
112.20184543019636 14.21053 1.20880792340898e-06
112.20184543019636 18.94737 1.10054137626385e-06
112.20184543019636 23.68421 9.79086029395959e-07
112.20184543019636 28.42105 8.40974130712553e-07
112.20184543019636 33.15789 7.01594847942052e-07
112.20184543019636 37.89474 5.68647610045265e-07
112.20184543019636 42.63158 4.41840569854057e-07
112.20184543019636 47.36842 3.25337486280385e-07
112.20184543019636 52.10526 2.25272969139791e-07
112.20184543019636 56.84211 1.45751136171317e-07
112.20184543019636 61.57895 8.59462615530929e-08
112.20184543019636 66.31579 4.51210419567448e-08
112.20184543019636 71.05263 2.02970120097258e-08
112.20184543019636 75.78947 7.31365872181992e-09
112.20184543019636 80.52632 1.87123194566115e-09
112.20184543019636 85.26316 2.58400632089014e-10
112.20184543019636 90.00000 1.00424974455529e-11
141.25375446227540 0.00000 1.47371371484301e-06
141.25375446227540 4.73684 1.45197957604348e-06
141.25375446227540 9.47368 1.40483193264625e-06
141.25375446227540 14.21053 1.32400326763374e-06
141.25375446227540 18.94737 1.20817276369754e-06
141.25375446227540 23.68421 1.07768146741183e-06
141.25375446227540 28.42105 9.28427806071345e-07
141.25375446227540 33.15789 7.76912748139332e-07
141.25375446227540 37.89474 6.31606170097162e-07
141.25375446227540 42.63158 4.92175279496191e-07
141.25375446227540 47.36842 3.63300170376620e-07
141.25375446227540 52.10526 2.52090660208443e-07
141.25375446227540 56.84211 1.63461920766613e-07
141.25375446227540 61.57895 9.66017086663911e-08
141.25375446227540 66.31579 5.08293074749274e-08
141.25375446227540 71.05263 2.29131346369072e-08
141.25375446227540 75.78947 8.27118662416594e-09
141.25375446227540 80.52632 2.11918306253598e-09
141.25375446227540 85.26316 2.92821097396816e-10
141.25375446227540 90.00000 1.13735505152936e-11
177.82794100389219 0.00000 1.59255632948114e-06
177.82794100389219 4.73684 1.56969801419344e-06
177.82794100389219 9.47368 1.52017460378585e-06
177.82794100389219 14.21053 1.43504201725265e-06
177.82794100389219 18.94737 1.31252116298227e-06
177.82794100389219 23.68421 1.17393245263494e-06
177.82794100389219 28.42105 1.01443608290825e-06
177.82794100389219 33.15789 8.51569482950384e-07
177.82794100389219 37.89474 6.94547819529421e-07
177.82794100389219 42.63158 5.42933485685718e-07
177.82794100389219 47.36842 4.01902829378584e-07
177.82794100389219 52.10526 2.79591774176477e-07
177.82794100389219 56.84211 1.81801231347770e-07
177.82794100389219 61.57895 1.07748743036562e-07
177.82794100389219 66.31579 5.68636380901008e-08
177.82794100389219 71.05263 2.57057377476763e-08
177.82794100389219 75.78947 9.30205851834937e-09
177.82794100389219 80.52632 2.38788782473523e-09
177.82794100389219 85.26316 3.30251354990856e-10
177.82794100389219 90.00000 1.28191016492376e-11
223.87211385683389 0.00000 1.70294521390734e-06
223.87211385683389 4.73684 1.67918704790331e-06
223.87211385683389 9.47368 1.62784458539138e-06
223.87211385683389 14.21053 1.53930539009931e-06
223.87211385683389 18.94737 1.41125751725238e-06
223.87211385683389 23.68421 1.26583129352193e-06
223.87211385683389 28.42105 1.09735698204914e-06
223.87211385683389 33.15789 9.24286063364709e-07
223.87211385683389 37.89474 7.56530875716054e-07
223.87211385683389 42.63158 5.93482687265303e-07
223.87211385683389 47.36842 4.40776931356747e-07
223.87211385683389 52.10526 3.07606757500240e-07
223.87211385683389 56.84211 2.00726696520048e-07
223.87211385683389 61.57895 1.19409181800167e-07
223.87211385683389 66.31579 6.32629151440833e-08
223.87211385683389 71.05263 2.87051388813689e-08
223.87211385683389 75.78947 1.04218534370778e-08
223.87211385683389 80.52632 2.68233074085245e-09
223.87211385683389 85.26316 3.71468872646254e-10
223.87211385683389 90.00000 1.44094811610746e-11
281.83829312644536 0.00000 1.80064052294325e-06
281.83829312644536 4.73684 1.77625750196247e-06
281.83829312644536 9.47368 1.72376106953769e-06
281.83829312644536 14.21053 1.63290755141900e-06
281.83829312644536 18.94737 1.50079410863615e-06
281.83829312644536 23.68421 1.35014848134612e-06
281.83829312644536 28.42105 1.17440505682539e-06
281.83829312644536 33.15789 9.92759422537101e-07
281.83829312644536 37.89474 8.15738107558614e-07
281.83829312644536 42.63158 6.42488353047298e-07
281.83829312644536 47.36842 4.79036831052117e-07
281.83829312644536 52.10526 3.35619648363177e-07
281.83829312644536 56.84211 2.19984562930362e-07
281.83829312644536 61.57895 1.31491316624750e-07
281.83829312644536 66.31579 7.00139828548714e-08
281.83829312644536 71.05263 3.19224243286501e-08
281.83829312644536 75.78947 1.16410273180894e-08
281.83829312644536 80.52632 3.00661534249387e-09
281.83829312644536 85.26316 4.17176684427979e-10
281.83829312644536 90.00000 1.61727440080776e-11
354.81338923357532 0.00000 1.87925288262135e-06
354.81338923357532 4.73684 1.85456442849108e-06
354.81338923357532 9.47368 1.80168417326133e-06
354.81338923357532 14.21053 1.70980629758015e-06
354.81338923357532 18.94737 1.57541266837449e-06
354.81338923357532 23.68421 1.42159402272886e-06
354.81338923357532 28.42105 1.24086856218014e-06
354.81338923357532 33.15789 1.05295639969018e-06
354.81338923357532 37.89474 8.68862117438548e-07
354.81338923357532 42.63158 6.87404780196481e-07
354.81338923357532 47.36842 5.14884644382531e-07
354.81338923357532 52.10526 3.62482949214006e-07
354.81338923357532 56.84211 2.38918458518655e-07
354.81338923357532 61.57895 1.43674251044907e-07
354.81338923357532 66.31579 7.69902501455884e-08
354.81338923357532 71.05263 3.53221492487329e-08
354.81338923357532 75.78947 1.29554671132655e-08
354.81338923357532 80.52632 3.36167652543590e-09
354.81338923357532 85.26316 4.67707515571835e-10
354.81338923357532 90.00000 1.81236627653932e-11
446.68359215096280 0.00000 1.92697661875015e-06
446.68359215096280 4.73684 1.90242623284631e-06
446.68359215096280 9.47368 1.85018241163948e-06
446.68359215096280 14.21053 1.75902920981300e-06
446.68359215096280 18.94737 1.62486446656574e-06
446.68359215096280 23.68421 1.47078867745272e-06
446.68359215096280 28.42105 1.28847276690787e-06
446.68359215096280 33.15789 1.09781800383548e-06
446.68359215096280 37.89474 9.10083309906568e-07
446.68359215096280 42.63158 7.23685935186204e-07
446.68359215096280 47.36842 5.45018297302758e-07
446.68359215096280 52.10526 3.85987649394083e-07
446.68359215096280 56.84211 2.56170045797953e-07
446.68359215096280 61.57895 1.55216838154887e-07
446.68359215096280 66.31579 8.38439353238191e-08
446.68359215096280 71.05263 3.87713617415809e-08
446.68359215096280 75.78947 1.43276536224596e-08
446.68359215096280 80.52632 3.74044043783061e-09
446.68359215096280 85.26316 5.22368094332689e-10
446.68359215096280 90.00000 2.02390065184317e-11
562.34132519034881 0.00000 1.93781881212841e-06
562.34132519034881 4.73684 1.91388984539116e-06
562.34132519034881 9.47368 1.86335671896578e-06
562.34132519034881 14.21053 1.77480498735366e-06
562.34132519034881 18.94737 1.64363760197839e-06
562.34132519034881 23.68421 1.49255896415442e-06
562.34132519034881 28.42105 1.31254713897551e-06
562.34132519034881 33.15789 1.12327459768116e-06
562.34132519034881 37.89474 9.35975888247874e-07
562.34132519034881 42.63158 7.48614894295243e-07
562.34132519034881 47.36842 5.67454821714039e-07
562.34132519034881 52.10526 4.04815697374373e-07
562.34132519034881 56.84211 2.70942015052151e-07
562.34132519034881 61.57895 1.65703266557628e-07
562.34132519034881 66.31579 9.03993262540275e-08
562.34132519034881 71.05263 4.22183393146642e-08
562.34132519034881 75.78947 1.57520928883155e-08
562.34132519034881 80.52632 4.14489184383073e-09
562.34132519034881 85.26316 5.81840305849289e-10
562.34132519034881 90.00000 2.25514204537542e-11
707.94578438413771 0.00000 1.90206857785461e-06
707.94578438413771 4.73684 1.87934861160006e-06
707.94578438413771 9.47368 1.83176723122814e-06
707.94578438413771 14.21053 1.74802136154087e-06
707.94578438413771 18.94737 1.62317747245551e-06
707.94578438413771 23.68421 1.47899923021623e-06
707.94578438413771 28.42105 1.30603923097836e-06
707.94578438413771 33.15789 1.12320791518720e-06
707.94578438413771 37.89474 9.41364732733723e-07
707.94578438413771 42.63158 7.58016858910301e-07
707.94578438413771 47.36842 5.79041615069355e-07
707.94578438413771 52.10526 4.16755916789119e-07
707.94578438413771 56.84211 2.81796503192287e-07
707.94578438413771 61.57895 1.74303762060033e-07
707.94578438413771 66.31579 9.62484149722088e-08
707.94578438413771 71.05263 4.55045981115038e-08
707.94578438413771 75.78947 1.71859739363219e-08
707.94578438413771 80.52632 4.56817368821945e-09
707.94578438413771 85.26316 6.45725841896466e-10
707.94578438413771 90.00000 2.50553810305441e-11
891.25093813374542 0.00000 1.81438422134623e-06
891.25093813374542 4.73684 1.79349859989475e-06
891.25093813374542 9.47368 1.75013060467755e-06
891.25093813374542 14.21053 1.67346834394715e-06
891.25093813374542 18.94737 1.55846072256708e-06
891.25093813374542 23.68421 1.42530458172407e-06
891.25093813374542 28.42105 1.26448999754605e-06
891.25093813374542 33.15789 1.09356477356969e-06
891.25093813374542 37.89474 9.22627813606010e-07
891.25093813374542 42.63158 7.48785704632213e-07
891.25093813374542 47.36842 5.77270925897647e-07
891.25093813374542 52.10526 4.19919542039713e-07
891.25093813374542 56.84211 2.87413627257080e-07
891.25093813374542 61.57895 1.80203067403681e-07
891.25093813374542 66.31579 1.00965561176096e-07
891.25093813374542 71.05263 4.84575571413250e-08
891.25093813374542 75.78947 1.85814178247636e-08
891.25093813374542 80.52632 5.00284084729215e-09
891.25093813374542 85.26316 7.13722579381604e-10
891.25093813374542 90.00000 2.77542914382852e-11
1122.01845430196295 0.00000 1.67355489697951e-06
1122.01845430196295 4.73684 1.65510489303968e-06
1122.01845430196295 9.47368 1.61710732653582e-06
1122.01845430196295 14.21053 1.54965300711520e-06
1122.01845430196295 18.94737 1.44783070892591e-06
1122.01845430196295 23.68421 1.32962489096249e-06
1122.01845430196295 28.42105 1.18588770735283e-06
1122.01845430196295 33.15789 1.03220229861683e-06
1122.01845430196295 37.89474 8.77533703473743e-07
1122.01845430196295 42.63158 7.18709780459516e-07
1122.01845430196295 47.36842 5.60096428327591e-07
1122.01845430196295 52.10526 4.12562073483808e-07
1122.01845430196295 56.84211 2.86435944218636e-07
1122.01845430196295 61.57895 1.82477654013205e-07
1122.01845430196295 66.31579 1.04023187615575e-07
1122.01845430196295 71.05263 5.08429037723926e-08
1122.01845430196295 75.78947 1.98645171533319e-08
1122.01845430196295 80.52632 5.43499985227334e-09
1122.01845430196295 85.26316 7.84817089553889e-10
1122.01845430196295 90.00000 3.06309051557048e-11
1412.53754462275333 0.00000 1.48739619262720e-06
1412.53754462275333 4.73684 1.47183427366839e-06
1412.53754462275333 9.47368 1.44001873442018e-06
1412.53754462275333 14.21053 1.38330519998969e-06
1412.53754462275333 18.94737 1.29717204709240e-06
1412.53754462275333 23.68421 1.19686458521001e-06
1412.53754462275333 28.42105 1.07400906683121e-06
1412.53754462275333 33.15789 9.41751257588113e-07
1412.53754462275333 37.89474 8.07641981972923e-07
1412.53754462275333 42.63158 6.68404643515645e-07
1412.53754462275333 47.36842 5.27405690522090e-07
1412.53754462275333 52.10526 3.94136047742224e-07
1412.53754462275333 56.84211 2.78169631328535e-07
1412.53754462275333 61.57895 1.80513844061060e-07
1412.53754462275333 66.31579 1.05008863616466e-07
1412.53754462275333 71.05263 5.24580179332957e-08
1412.53754462275333 75.78947 2.09662403536584e-08
1412.53754462275333 80.52632 5.85200146539522e-09
1412.53754462275333 85.26316 8.58380246436494e-10
1412.53754462275333 90.00000 3.36921243012175e-11
1778.27941003892192 0.00000 1.26822601134453e-06
1778.27941003892192 4.73684 1.25578295911605e-06
1778.27941003892192 9.47368 1.23049725656791e-06
1778.27941003892192 14.21053 1.18523960133734e-06
1778.27941003892192 18.94737 1.11608089313830e-06
1778.27941003892192 23.68421 1.03522182902705e-06
1778.27941003892192 28.42105 9.35401942183675e-07
1778.27941003892192 33.15789 8.27076542006777e-07
1778.27941003892192 37.89474 7.16243686125176e-07
1778.27941003892192 42.63158 5.99724765338146e-07
1778.27941003892192 47.36842 4.79866768273537e-07
1778.27941003892192 52.10526 3.64498630728267e-07
1778.27941003892192 56.84211 2.62060101712264e-07
1778.27941003892192 61.57895 1.73674853805321e-07
1778.27941003892192 66.31579 1.03425670341742e-07
1778.27941003892192 71.05263 5.30220018196885e-08
1778.27941003892192 75.78947 2.17727245774012e-08
1778.27941003892192 80.52632 6.22773758245710e-09
1778.27941003892192 85.26316 9.31988636245125e-10
1778.27941003892192 90.00000 3.68860919909751e-11
2238.72113856833766 0.00000 1.03624806953484e-06
2238.72113856833766 4.73684 1.02683629811537e-06
2238.72113856833766 9.47368 1.00780313554664e-06
2238.72113856833766 14.21053 9.73597392220310e-07
2238.72113856833766 18.94737 9.20996140656843e-07
2238.72113856833766 23.68421 8.59200646096656e-07
2238.72113856833766 28.42105 7.82254767575189e-07
2238.72113856833766 33.15789 6.97985912617696e-07
2238.72113856833766 37.89474 6.10882373069898e-07
2238.72113856833766 42.63158 5.18043846761974e-07
2238.72113856833766 47.36842 4.20895364934722e-07
2238.72113856833766 52.10526 3.25498817848390e-07
2238.72113856833766 56.84211 2.38874433891173e-07
2238.72113856833766 61.57895 1.62090518700571e-07
2238.72113856833766 66.31579 9.91483457011499e-08
2238.72113856833766 71.05263 5.23882957174893e-08
2238.72113856833766 75.78947 2.22018520204111e-08
2238.72113856833766 80.52632 6.54213222324816e-09
2238.72113856833766 85.26316 1.00412451706543e-09
2238.72113856833766 90.00000 4.02097605651533e-11
2818.38293126445205 0.00000 8.09394885870004e-07
2818.38293126445205 4.73684 8.02673464764477e-07
2818.38293126445205 9.47368 7.89140839319275e-07
2818.38293126445205 14.21053 7.64719463583564e-07
2818.38293126445205 18.94737 7.26916562916010e-07
2818.38293126445205 23.68421 6.82272741489145e-07
2818.38293126445205 28.42105 6.26175535186861e-07
2818.38293126445205 33.15789 5.64137188922672e-07
2818.38293126445205 37.89474 4.99313430691996e-07
2818.38293126445205 42.63158 4.29210103043035e-07
2818.38293126445205 47.36842 3.54506265684267e-07
2818.38293126445205 52.10526 2.79559624468725e-07
2818.38293126445205 56.84211 2.09823688601943e-07
2818.38293126445205 61.57895 1.46157695606955e-07
2818.38293126445205 66.31579 9.21537199268545e-08
2818.38293126445205 71.05263 5.04038708390218e-08
2818.38293126445205 75.78947 2.21427833280983e-08
2818.38293126445205 80.52632 6.76211214986250e-09
2818.38293126445205 85.26316 1.07113006406619e-09
2818.38293126445205 90.00000 4.35897309676002e-11
3548.13389233575344 0.00000 6.03656853331283e-07
3548.13389233575344 4.73684 5.99129786835115e-07
3548.13389233575344 9.47368 5.90062458165861e-07
3548.13389233575344 14.21053 5.73629033056596e-07
3548.13389233575344 18.94737 5.48013072004264e-07
3548.13389233575344 23.68421 5.17605749156401e-07
3548.13389233575344 28.42105 4.79040289949152e-07
3548.13389233575344 33.15789 4.35966057952934e-07
3548.13389233575344 37.89474 3.90457676597561e-07
3548.13389233575344 42.63158 3.40488211948363e-07
3548.13389233575344 47.36842 2.86206069031911e-07
3548.13389233575344 52.10526 2.30485104528054e-07
3548.13389233575344 56.84211 1.77251961140383e-07
3548.13389233575344 61.57895 1.27070264026161e-07
3548.13389233575344 66.31579 8.28630375768795e-08
3548.13389233575344 71.05263 4.70901662487283e-08
3548.13389233575344 75.78947 2.15325284012774e-08
3548.13389233575344 80.52632 6.86079231683827e-09
3548.13389233575344 85.26316 1.12967905482955e-09
3548.13389233575344 90.00000 4.69780894518752e-11
4466.83592150962795 0.00000 4.29036879297690e-07
4466.83592150962795 4.73684 4.26185967479591e-07
4466.83592150962795 9.47368 4.20513277474618e-07
4466.83592150962795 14.21053 4.10182943335894e-07
4466.83592150962795 18.94737 3.93951754886040e-07
4466.83592150962795 23.68421 3.74580714747210e-07
4466.83592150962795 28.42105 3.49762433695208e-07
4466.83592150962795 33.15789 3.21744628939880e-07
4466.83592150962795 37.89474 2.91786676419963e-07
4466.83592150962795 42.63158 2.58339629820908e-07
4466.83592150962795 47.36842 2.21239006101020e-07
4466.83592150962795 52.10526 1.82197848755286e-07
4466.83592150962795 56.84211 1.43814342361159e-07
4466.83592150962795 61.57895 1.06342400653785e-07
4466.83592150962795 66.31579 7.19036900971121e-08
4466.83592150962795 71.05263 4.25592026937468e-08
4466.83592150962795 75.78947 2.03353381967804e-08
4466.83592150962795 80.52632 6.80922905492186e-09
4466.83592150962795 85.26316 1.17503943072214e-09
4466.83592150962795 90.00000 5.02769420410673e-11
5623.41325190348834 0.00000 2.91811784106279e-07
5623.41325190348834 4.73684 2.90137256771339e-07
5623.41325190348834 9.47368 2.86830497787258e-07
5623.41325190348834 14.21053 2.80775398359008e-07
5623.41325190348834 18.94737 2.71173601092122e-07
5623.41325190348834 23.68421 2.59643640945605e-07
5623.41325190348834 28.42105 2.44702497089703e-07
5623.41325190348834 33.15789 2.27631880392051e-07
5623.41325190348834 37.89474 2.09132882317202e-07
5623.41325190348834 42.63158 1.88098568059266e-07
5623.41325190348834 47.36842 1.64232902184439e-07
5623.41325190348834 52.10526 1.38433774607210e-07
5623.41325190348834 56.84211 1.12257760934173e-07
5623.41325190348834 61.57895 8.56970908008771e-08
5623.41325190348834 66.31579 6.01176343983924e-08
5623.41325190348834 71.05263 3.70940294611421e-08
5623.41325190348834 75.78947 1.85970280886085e-08
5623.41325190348834 80.52632 6.59202876701801e-09
5623.41325190348834 85.26316 1.20305923170769e-09
5623.41325190348834 90.00000 5.34087430249284e-11
7079.45784384137369 0.00000 1.91926695467336e-07
7079.45784384137369 4.73684 1.91004514543778e-07
7079.45784384137369 9.47368 1.89195791346045e-07
7079.45784384137369 14.21053 1.85864068319054e-07
7079.45784384137369 18.94737 1.80528105293129e-07
7079.45784384137369 23.68421 1.74072634090601e-07
7079.45784384137369 28.42105 1.65600476424433e-07
7079.45784384137369 33.15789 1.55786432032984e-07
7079.45784384137369 37.89474 1.44985061893989e-07
7079.45784384137369 42.63158 1.32451156392124e-07
7079.45784384137369 47.36842 1.17870884614391e-07
7079.45784384137369 52.10526 1.01634492812470e-07
7079.45784384137369 56.84211 8.45854922011809e-08
7079.45784384137369 61.57895 6.65671928308729e-08
7079.45784384137369 66.31579 4.83814932694523e-08
7079.45784384137369 71.05263 3.11372511745206e-08
7079.45784384137369 75.78947 1.64571649811656e-08
7079.45784384137369 80.52632 6.21654933001870e-09
7079.45784384137369 85.26316 1.21178108195193e-09
7079.45784384137369 90.00000 5.63807189631606e-11
8912.50938133744421 0.00000 1.23425810160119e-07
8912.50938133744421 4.73684 1.22935242489637e-07
8912.50938133744421 9.47368 1.21979612545256e-07
8912.50938133744421 14.21053 1.20208229628634e-07
8912.50938133744421 18.94737 1.17341413718363e-07
8912.50938133744421 23.68421 1.13845371520628e-07
8912.50938133744421 28.42105 1.09195792261044e-07
8912.50938133744421 33.15789 1.03732679241292e-07
8912.50938133744421 37.89474 9.76259080730279e-08
8912.50938133744421 42.63158 9.03965333635028e-08
8912.50938133744421 47.36842 8.17823787230229e-08
8912.50938133744421 52.10526 7.19212060131373e-08
8912.50938133744421 56.84211 6.12456784843006e-08
8912.50938133744421 61.57895 4.95590334729829e-08
8912.50938133744421 66.31579 3.72816730757866e-08
8912.50938133744421 71.05263 2.50771941788868e-08
8912.50938133744421 75.78947 1.40365426698531e-08
8912.50938133744421 80.52632 5.68103100131294e-09
8912.50938133744421 85.26316 1.19536200643607e-09
8912.50938133744421 90.00000 5.89902246775588e-11
11220.18454301962265 0.00000 7.70033409029934e-08
11220.18454301962265 4.73684 7.67465516260534e-08
11220.18454301962265 9.47368 7.62521004419687e-08
11220.18454301962265 14.21053 7.53298305501005e-08
11220.18454301962265 18.94737 7.38219611111009e-08
11220.18454301962265 23.68421 7.19743152511919e-08
11220.18454301962265 28.42105 6.94902715615587e-08
11220.18454301962265 33.15789 6.65421996717100e-08
11220.18454301962265 37.89474 6.32125468698767e-08
11220.18454301962265 42.63158 5.92104306651504e-08
11220.18454301962265 47.36842 5.43517343497863e-08
11220.18454301962265 52.10526 4.86692843842676e-08
11220.18454301962265 56.84211 4.23669802116027e-08
11220.18454301962265 61.57895 3.52545287563931e-08
11220.18454301962265 66.31579 2.74907374733927e-08
11220.18454301962265 71.05263 1.93715933974194e-08
11220.18454301962265 75.78947 1.15044503912325e-08
11220.18454301962265 80.52632 5.00885978224566e-09
11220.18454301962265 85.26316 1.14983204633419e-09
11220.18454301962265 90.00000 6.10199387596944e-11
14125.37544622752648 0.00000 4.59936336338228e-08
14125.37544622752648 4.73684 4.58698816207529e-08
14125.37544622752648 9.47368 4.56372713867023e-08
14125.37544622752648 14.21053 4.51991533072623e-08
14125.37544622752648 18.94737 4.44715621275152e-08
14125.37544622752648 23.68421 4.35768105428727e-08
14125.37544622752648 28.42105 4.23575966812115e-08
14125.37544622752648 33.15789 4.08953754120491e-08
14125.37544622752648 37.89474 3.92267217317854e-08
14125.37544622752648 42.63158 3.71850998961928e-08
14125.37544622752648 47.36842 3.46517424278304e-08
14125.37544622752648 52.10526 3.16145929951143e-08
14125.37544622752648 56.84211 2.81496427912410e-08
14125.37544622752648 61.57895 2.40962090233040e-08
14125.37544622752648 66.31579 1.94697394156638e-08
14125.37544622752648 71.05263 1.43517999824784e-08
14125.37544622752648 75.78947 9.03190117287599e-09
14125.37544622752648 80.52632 4.24488025033546e-09
14125.37544622752648 85.26316 1.07378743601985e-09
14125.37544622752648 90.00000 6.22300486654247e-11
17782.79410038921196 0.00000 2.68676528263578e-08
17782.79410038921196 4.73684 2.68113909396912e-08
17782.79410038921196 9.47368 2.67091253990784e-08
17782.79410038921196 14.21053 2.65139125726894e-08
17782.79410038921196 18.94737 2.61829037355793e-08
17782.79410038921196 23.68421 2.57741671063194e-08
17782.79410038921196 28.42105 2.52077254316238e-08
17782.79410038921196 33.15789 2.45198507751486e-08
17782.79410038921196 37.89474 2.37254819105359e-08
17782.79410038921196 42.63158 2.27333740550339e-08
17782.79410038921196 47.36842 2.14717205275789e-08
17782.79410038921196 52.10526 1.99182845548365e-08
17782.79410038921196 56.84211 1.80939135521578e-08
17782.79410038921196 61.57895 1.58825142691905e-08
17782.79410038921196 66.31579 1.32499947376676e-08
17782.79410038921196 71.05263 1.01846102948126e-08
17782.79410038921196 75.78947 6.78544862546757e-09
17782.79410038921196 80.52632 3.45245070801234e-09
17782.79410038921196 85.26316 9.70442284304538e-10
17782.79410038921196 90.00000 6.24447333767930e-11
22387.21138568340029 0.00000 1.52167075662027e-08
22387.21138568340029 4.73684 1.51929104260556e-08
22387.21138568340029 9.47368 1.51524357572290e-08
22387.21138568340029 14.21053 1.50732894299666e-08
22387.21138568340029 18.94737 1.49342481015752e-08
22387.21138568340029 23.68421 1.47622393830541e-08
22387.21138568340029 28.42105 1.45180579647660e-08
22387.21138568340029 33.15789 1.42174271669466e-08
22387.21138568340029 37.89474 1.38664022775895e-08
22387.21138568340029 42.63158 1.34170663225805e-08
22387.21138568340029 47.36842 1.28290604668419e-08
22387.21138568340029 52.10526 1.20840115711584e-08
22387.21138568340029 56.84211 1.11832093474278e-08
22387.21138568340029 61.57895 1.00512857833148e-08
22387.21138568340029 66.31579 8.64610092168392e-09
22387.21138568340029 71.05263 6.92331017410467e-09
22387.21138568340029 75.78947 4.88109294184974e-09
22387.21138568340029 80.52632 2.68968849293200e-09
22387.21138568340029 85.26316 8.45461259231734e-10
22387.21138568340029 90.00000 6.14488592276700e-11
28183.82931264454965 0.00000 8.40266364062084e-09
28183.82931264454965 4.73684 8.39365717382267e-09
28183.82931264454965 9.47368 8.38037217168018e-09
28183.82931264454965 14.21053 8.35299114465205e-09
28183.82931264454965 18.94737 8.30140301717426e-09
28183.82931264454965 23.68421 8.23763491909781e-09
28183.82931264454965 28.42105 8.14331237558793e-09
28183.82931264454965 33.15789 8.02493691094466e-09
28183.82931264454965 37.89474 7.88488862065774e-09
28183.82931264454965 42.63158 7.69910576738319e-09
28183.82931264454965 47.36842 7.44621604103852e-09
28183.82931264454965 52.10526 7.11394852287777e-09
28183.82931264454965 56.84211 6.69824839668377e-09
28183.82931264454965 61.57895 6.15379543162015e-09
28183.82931264454965 66.31579 5.44607284411015e-09
28183.82931264454965 71.05263 4.52995612947481e-09
28183.82931264454965 75.78947 3.36798341676985e-09
28183.82931264454965 80.52632 2.00527938438946e-09
28183.82931264454965 85.26316 7.07783155481771e-10
28183.82931264454965 90.00000 5.90866712141069e-11
35481.33892335752898 0.00000 4.53383135381361e-09
35481.33892335752898 4.73684 4.53101054392812e-09
35481.33892335752898 9.47368 4.52840717405585e-09
35481.33892335752898 14.21053 4.52183652964558e-09
35481.33892335752898 18.94737 4.50663248740658e-09
35481.33892335752898 23.68421 4.48802040200094e-09
35481.33892335752898 28.42105 4.45772447874808e-09
35481.33892335752898 33.15789 4.41834599463036e-09
35481.33892335752898 37.89474 4.37086018842520e-09
35481.33892335752898 42.63158 4.30364189963904e-09
35481.33892335752898 47.36842 4.20595277836776e-09
35481.33892335752898 52.10526 4.07060118279010e-09
35481.33892335752898 56.84211 3.89356575391276e-09
35481.33892335752898 61.57895 3.64940154106244e-09
35481.33892335752898 66.31579 3.31479646861934e-09
35481.33892335752898 71.05263 2.85566328050500e-09
35481.33892335752898 75.78947 2.23172175108271e-09
35481.33892335752898 80.52632 1.43200328669308e-09
35481.33892335752898 85.26316 5.68330228393682e-10
35481.33892335752898 90.00000 5.53368996214396e-11
44668.35921509625769 0.00000 2.39816730999861e-09
44668.35921509625769 4.73684 2.39765966482881e-09
44668.35921509625769 9.47368 2.39853278055604e-09
44668.35921509625769 14.21053 2.39909252251489e-09
44668.35921509625769 18.94737 2.39724988639907e-09
44668.35921509625769 23.68421 2.39522501086568e-09
44668.35921509625769 28.42105 2.38944059110077e-09
44668.35921509625769 33.15789 2.38091783049940e-09
44668.35921509625769 37.89474 2.37010654018321e-09
44668.35921509625769 42.63158 2.35159833684024e-09
44668.35921509625769 47.36842 2.32026453880973e-09
44668.35921509625769 52.10526 2.27227115933736e-09
44668.35921509625769 56.84211 2.20489158538782e-09
44668.35921509625769 61.57895 2.10465599597128e-09
44668.35921509625769 66.31579 1.95754000509257e-09
44668.35921509625769 71.05263 1.74136790445966e-09
44668.35921509625769 75.78947 1.42487126257547e-09
44668.35921509625769 80.52632 9.80790975916897e-10
44668.35921509625769 85.26316 4.36842745328213e-10
44668.35921509625769 90.00000 5.02519118665221e-11
56234.13251903485070 0.00000 1.24553201367599e-09
56234.13251903485070 4.73684 1.24573582916866e-09
56234.13251903485070 9.47368 1.24728409054571e-09
56234.13251903485070 14.21053 1.24953232587092e-09
56234.13251903485070 18.94737 1.25157160621421e-09
56234.13251903485070 23.68421 1.25433321024460e-09
56234.13251903485070 28.42105 1.25633750640035e-09
56234.13251903485070 33.15789 1.25799017012793e-09
56234.13251903485070 37.89474 1.25953793820970e-09
56234.13251903485070 42.63158 1.25855769312680e-09
56234.13251903485070 47.36842 1.25272275400867e-09
56234.13251903485070 52.10526 1.24014865585696e-09
56234.13251903485070 56.84211 1.21929104188436e-09
56234.13251903485070 61.57895 1.18338544295009e-09
56234.13251903485070 66.31579 1.12468338941671e-09
56234.13251903485070 71.05263 1.03014160839070e-09
56234.13251903485070 75.78947 8.79110776455465e-10
56234.13251903485070 80.52632 6.45956507403769e-10
56234.13251903485070 85.26316 3.21580051982858e-10
56234.13251903485070 90.00000 4.41144808295817e-11
70794.57843841373688 0.00000 6.35189892884343e-10
70794.57843841373688 4.73684 6.35516031463464e-10
70794.57843841373688 9.47368 6.36840166152992e-10
70794.57843841373688 14.21053 6.38938997214228e-10
70794.57843841373688 18.94737 6.41429313881208e-10
70794.57843841373688 23.68421 6.44699652710286e-10
70794.57843841373688 28.42105 6.48171531684100e-10
70794.57843841373688 33.15789 6.52014586465732e-10
70794.57843841373688 37.89474 6.56383360328090e-10
70794.57843841373688 42.63158 6.60237948154779e-10
70794.57843841373688 47.36842 6.62583705311641e-10
70794.57843841373688 52.10526 6.62566750290492e-10
70794.57843841373688 56.84211 6.59417711865102e-10
70794.57843841373688 61.57895 6.49906034156461e-10
70794.57843841373688 66.31579 6.30033736883051e-10
70794.57843841373688 71.05263 5.92680801972987e-10
70794.57843841373688 75.78947 5.25534214928575e-10
70794.57843841373688 80.52632 4.09924836498216e-10
70794.57843841373688 85.26316 2.26573532768674e-10
70794.57843841373688 90.00000 3.72731618941488e-11
89125.09381337449304 0.00000 3.18283428437559e-10
89125.09381337449304 4.73684 3.18550460320245e-10
89125.09381337449304 9.47368 3.19469261731935e-10
89125.09381337449304 14.21053 3.20974456062797e-10
89125.09381337449304 18.94737 3.22910629251469e-10
89125.09381337449304 23.68421 3.25440580346043e-10
89125.09381337449304 28.42105 3.28355680504501e-10
89125.09381337449304 33.15789 3.31733990466885e-10
89125.09381337449304 37.89474 3.35677352293465e-10
89125.09381337449304 42.63158 3.39763695341813e-10
89125.09381337449304 47.36842 3.43600309906663e-10
89125.09381337449304 52.10526 3.46837459495152e-10
89125.09381337449304 56.84211 3.49139029511487e-10
89125.09381337449304 61.57895 3.49044108251514e-10
89125.09381337449304 66.31579 3.44618152251756e-10
89125.09381337449304 71.05263 3.32214913832199e-10
89125.09381337449304 75.78947 3.05038189018701e-10
89125.09381337449304 80.52632 2.51249114202882e-10
89125.09381337449304 85.26316 1.53080979451910e-10
89125.09381337449304 90.00000 3.02357929292875e-11
112201.84543019629200 0.00000 1.56955835288475e-10
112201.84543019629200 4.73684 1.57133633739448e-10
112201.84543019629200 9.47368 1.57702833860175e-10
112201.84543019629200 14.21053 1.58651010980621e-10
112201.84543019629200 18.94737 1.59918105734697e-10
112201.84543019629200 23.68421 1.61573943979407e-10
112201.84543019629200 28.42105 1.63552392904107e-10
112201.84543019629200 33.15789 1.65894157750128e-10
112201.84543019629200 37.89474 1.68666123695358e-10
112201.84543019629200 42.63158 1.71710148066494e-10
112201.84543019629200 47.36842 1.74889638115844e-10
112201.84543019629200 52.10526 1.78082997681260e-10
112201.84543019629200 56.84211 1.81169773711668e-10
112201.84543019629200 61.57895 1.83532665697854e-10
112201.84543019629200 66.31579 1.84299370755341e-10
112201.84543019629200 71.05263 1.81714198364700e-10
112201.84543019629200 75.78947 1.72259576414681e-10
112201.84543019629200 80.52632 1.49085274088899e-10
112201.84543019629200 85.26316 9.93032780225815e-11
112201.84543019629200 90.00000 2.34765211434409e-11
141253.75446227524662 0.00000 7.59483080263090e-11
141253.75446227524662 4.73684 7.60549225211067e-11
141253.75446227524662 9.47368 7.63834590021261e-11
141253.75446227524662 14.21053 7.69362119139641e-11
141253.75446227524662 18.94737 7.76914783001893e-11
141253.75446227524662 23.68421 7.86802342718069e-11
141253.75446227524662 28.42105 7.98868557537440e-11
141253.75446227524662 33.15789 8.13345534610351e-11
141253.75446227524662 37.89474 8.30658881708633e-11
141253.75446227524662 42.63158 8.50291560494061e-11
141253.75446227524662 47.36842 8.71882646132311e-11
141253.75446227524662 52.10526 8.95148698372299e-11
141253.75446227524662 56.84211 9.19828877504583e-11
141253.75446227524662 61.57895 9.43560968642213e-11
141253.75446227524662 66.31579 9.62756294421033e-11
141253.75446227524662 71.05263 9.69523939450815e-11
141253.75446227524662 75.78947 9.46739009251798e-11
141253.75446227524662 80.52632 8.57493893009442e-11
141253.75446227524662 85.26316 6.19768717941867e-11
141253.75446227524662 90.00000 1.74254969011835e-11
177827.94100389210507 0.00000 3.61150472918525e-11
177827.94100389210507 4.73684 3.61747512101854e-11
177827.94100389210507 9.47368 3.63546316681267e-11
177827.94100389210507 14.21053 3.66592696384759e-11
177827.94100389210507 18.94737 3.70816417191933e-11
177827.94100389210507 23.68421 3.76358952538615e-11
177827.94100389210507 28.42105 3.83219153087563e-11
177827.94100389210507 33.15789 3.91532887518794e-11
177827.94100389210507 37.89474 4.01558790137700e-11
177827.94100389210507 42.63158 4.13173731557945e-11
177827.94100389210507 47.36842 4.26360722399718e-11
177827.94100389210507 52.10526 4.41157026586700e-11
177827.94100389210507 56.84211 4.57639721194964e-11
177827.94100389210507 61.57895 4.75049867938781e-11
177827.94100389210507 66.31579 4.92105795058920e-11
177827.94100389210507 71.05263 5.05557589331116e-11
177827.94100389210507 75.78947 5.07591886226598e-11
177827.94100389210507 80.52632 4.79498777104864e-11
177827.94100389210507 85.26316 3.73358137307076e-11
177827.94100389210507 90.00000 1.23433590578903e-11
223872.11385683377739 0.00000 1.69476415138507e-11
223872.11385683377739 4.73684 1.69794432786382e-11
223872.11385683377739 9.47368 1.70739275814197e-11
223872.11385683377739 14.21053 1.72346735956905e-11
223872.11385683377739 18.94737 1.74598089995688e-11
223872.11385683377739 23.68421 1.77559627415503e-11
223872.11385683377739 28.42105 1.81262435247741e-11
223872.11385683377739 33.15789 1.85784987480718e-11
223872.11385683377739 37.89474 1.91277274945246e-11
223872.11385683377739 42.63158 1.97739613571708e-11
223872.11385683377739 47.36842 2.05239918196294e-11
223872.11385683377739 52.10526 2.13886179544479e-11
223872.11385683377739 56.84211 2.23828342846894e-11
223872.11385683377739 61.57895 2.34910037222118e-11
223872.11385683377739 66.31579 2.46786924664489e-11
223872.11385683377739 71.05263 2.58276883001634e-11
223872.11385683377739 75.78947 2.66070091477897e-11
223872.11385683377739 80.52632 2.61206737909475e-11
223872.11385683377739 85.26316 2.17449368661174e-11
223872.11385683377739 90.00000 8.35306654358766e-12
281838.29312644520542 0.00000 7.85754902611735e-12
281838.29312644520542 4.73684 7.87384712464322e-12
281838.29312644520542 9.47368 7.92184067566065e-12
281838.29312644520542 14.21053 8.00376042783967e-12
281838.29312644520542 18.94737 8.11933572572145e-12
281838.29312644520542 23.68421 8.27172876539707e-12
281838.29312644520542 28.42105 8.46371211346306e-12
281838.29312644520542 33.15789 8.69968918661793e-12
281838.29312644520542 37.89474 8.98799433958130e-12
281838.29312644520542 42.63158 9.33130157612722e-12
281838.29312644520542 47.36842 9.73634554733662e-12
281838.29312644520542 52.10526 1.02126587190415e-11
281838.29312644520542 56.84211 1.07732163663405e-11
281838.29312644520542 61.57895 1.14212166010590e-11
281838.29312644520542 66.31579 1.21552089663445e-11
281838.29312644520542 71.05263 1.29414825488176e-11
281838.29312644520542 75.78947 1.36536427273979e-11
281838.29312644520542 80.52632 1.38884710575348e-11
281838.29312644520542 85.26316 1.22859574695573e-11
281838.29312644520542 90.00000 5.41698751672038e-12
354813.38923357531894 0.00000 3.60589579010580e-12
354813.38923357531894 4.73684 3.61400331385788e-12
354813.38923357531894 9.47368 3.63773686645417e-12
354813.38923357531894 14.21053 3.67834717114885e-12
354813.38923357531894 18.94737 3.73595719079546e-12
354813.38923357531894 23.68421 3.81208424435801e-12
354813.38923357531894 28.42105 3.90855336934983e-12
354813.38923357531894 33.15789 4.02775103282427e-12
354813.38923357531894 37.89474 4.17413494735077e-12
354813.38923357531894 42.63158 4.35011625904543e-12
354813.38923357531894 47.36842 4.56042394623018e-12
354813.38923357531894 52.10526 4.81159222898115e-12
354813.38923357531894 56.84211 5.11257858757206e-12
354813.38923357531894 61.57895 5.47007344483573e-12
354813.38923357531894 66.31579 5.89111306544817e-12
354813.38923357531894 71.05263 6.37219660563576e-12
354813.38923357531894 75.78947 6.87277105609537e-12
354813.38923357531894 80.52632 7.22398990554649e-12
354813.38923357531894 85.26316 6.75277005576808e-12
354813.38923357531894 90.00000 3.36426090077717e-12
446683.59215096256230 0.00000 1.63975230380745e-12
446683.59215096256230 4.73684 1.64368852468480e-12
446683.59215096256230 9.47368 1.65516642812029e-12
446683.59215096256230 14.21053 1.67484257322958e-12
446683.59215096256230 18.94737 1.70287214078537e-12
446683.59215096256230 23.68421 1.73998306045474e-12
446683.59215096256230 28.42105 1.78722800118543e-12
446683.59215096256230 33.15789 1.84585799831867e-12
446683.59215096256230 37.89474 1.91817861818777e-12
446683.59215096256230 42.63158 2.00579412215905e-12
446683.59215096256230 47.36842 2.11157331426075e-12
446683.59215096256230 52.10526 2.23946927340723e-12
446683.59215096256230 56.84211 2.39497097995732e-12
446683.59215096256230 61.57895 2.58359621258492e-12
446683.59215096256230 66.31579 2.81237786286894e-12
446683.59215096256230 71.05263 3.08600824774218e-12
446683.59215096256230 75.78947 3.39606075992680e-12
446683.59215096256230 80.52632 3.67799069627981e-12
446683.59215096256230 85.26316 3.61212695283877e-12
446683.59215096256230 90.00000 2.00172816037310e-12
562341.32519034796860 0.00000 7.39390057345926e-13
562341.32519034796860 4.73684 7.41262956539406e-13
562341.32519034796860 9.47368 7.46710537746790e-13
562341.32519034796860 14.21053 7.56062228447168e-13
562341.32519034796860 18.94737 7.69427142049827e-13
562341.32519034796860 23.68421 7.87152655339540e-13
562341.32519034796860 28.42105 8.09801455598996e-13
562341.32519034796860 33.15789 8.38009894892095e-13
562341.32519034796860 37.89474 8.72936090335072e-13
562341.32519034796860 42.63158 9.15515177397051e-13
562341.32519034796860 47.36842 9.67345706584889e-13
562341.32519034796860 52.10526 1.03063932386588e-12
562341.32519034796860 56.84211 1.10850859152230e-12
562341.32519034796860 61.57895 1.20456466075952e-12
562341.32519034796860 66.31579 1.32379019708973e-12
562341.32519034796860 71.05263 1.47140878840506e-12
562341.32519034796860 75.78947 1.64893608953784e-12
562341.32519034796860 80.52632 1.83494335679559e-12
562341.32519034796860 85.26316 1.88367814997059e-12
562341.32519034796860 90.00000 1.14608247000168e-12
707945.78438413667027 0.00000 3.30834973883642e-13
707945.78438413667027 4.73684 3.31711524968604e-13
707945.78438413667027 9.47368 3.34256947405938e-13
707945.78438413667027 14.21053 3.38631322601620e-13
707945.78438413667027 18.94737 3.44898879942675e-13
707945.78438413667027 23.68421 3.53223961618288e-13
707945.78438413667027 28.42105 3.63892974416971e-13
707945.78438413667027 33.15789 3.77221299908183e-13
707945.78438413667027 37.89474 3.93776488039310e-13
707945.78438413667027 42.63158 4.14063957620975e-13
707945.78438413667027 47.36842 4.38925939033636e-13
707945.78438413667027 52.10526 4.69534697450357e-13
707945.78438413667027 56.84211 5.07560588837130e-13
707945.78438413667027 61.57895 5.55112923955054e-13
707945.78438413667027 66.31579 6.15243922354677e-13
707945.78438413667027 71.05263 6.91758100949809e-13
707945.78438413667027 75.78947 7.87994411203111e-13
707945.78438413667027 80.52632 8.98691134314145e-13
707945.78438413667027 85.26316 9.60070103374738e-13
707945.78438413667027 90.00000 6.33582154327963e-13
891250.93813374498859 0.00000 1.47075327762691e-13
891250.93813374498859 4.73684 1.47480059187189e-13
891250.93813374498859 9.47368 1.48654208210380e-13
891250.93813374498859 14.21053 1.50673699645178e-13
891250.93813374498859 18.94737 1.53573101386076e-13
891250.93813374498859 23.68421 1.57429470114986e-13
891250.93813374498859 28.42105 1.62383600990334e-13
891250.93813374498859 33.15789 1.68588459951595e-13
891250.93813374498859 37.89474 1.76316533783534e-13
891250.93813374498859 42.63158 1.85827642000621e-13
891250.93813374498859 47.36842 1.97547962739241e-13
891250.93813374498859 52.10526 2.12074398973588e-13
891250.93813374498859 56.84211 2.30266749883411e-13
891250.93813374498859 61.57895 2.53272482435367e-13
891250.93813374498859 66.31579 2.82807480486145e-13
891250.93813374498859 71.05263 3.21223729574659e-13
891250.93813374498859 75.78947 3.71261500607895e-13
891250.93813374498859 80.52632 4.32810081998907e-13
891250.93813374498859 85.26316 4.79034815908273e-13
891250.93813374498859 90.00000 3.38701039378235e-13
1122018.45430196286179 0.00000 6.50225739637133e-14
1122018.45430196286179 4.73684 6.52073745237599e-14
1122018.45430196286179 9.47368 6.57432382476458e-14
1122018.45430196286179 14.21053 6.66654926740930e-14
1122018.45430196286179 18.94737 6.79917605379731e-14
1122018.45430196286179 23.68421 6.97578840815068e-14
1122018.45430196286179 28.42105 7.20313066361496e-14
1122018.45430196286179 33.15789 7.48849393006925e-14
1122018.45430196286179 37.89474 7.84474287507682e-14
1122018.45430196286179 42.63158 8.28477011346735e-14
1122018.45430196286179 47.36842 8.82950066845341e-14
1122018.45430196286179 52.10526 9.50841558617544e-14
1122018.45430196286179 56.84211 1.03643767752796e-13
1122018.45430196286179 61.57895 1.14568154337119e-13
1122018.45430196286179 66.31579 1.28767830926331e-13
1122018.45430196286179 71.05263 1.47569030159299e-13
1122018.45430196286179 75.78947 1.72748293400293e-13
1122018.45430196286179 80.52632 2.05328562794122e-13
1122018.45430196286179 85.26316 2.34446627119554e-13
1122018.45430196286179 90.00000 1.75735372579243e-13
1412537.54462275258265 0.00000 2.85858034767470e-14
1412537.54462275258265 4.73684 2.86693125414971e-14
1412537.54462275258265 9.47368 2.89114309191037e-14
1412537.54462275258265 14.21053 2.93283384400930e-14
1412537.54462275258265 18.94737 2.99286928440529e-14
1412537.54462275258265 23.68421 3.07290164792508e-14
1412537.54462275258265 28.42105 3.17609589382011e-14
1412537.54462275258265 33.15789 3.30587365157118e-14
1412537.54462275258265 37.89474 3.46821885320265e-14
1412537.54462275258265 42.63158 3.66935871848489e-14
1412537.54462275258265 47.36842 3.91932417693969e-14
1412537.54462275258265 52.10526 4.23232298377504e-14
1412537.54462275258265 56.84211 4.62917452333079e-14
1412537.54462275258265 61.57895 5.13955628475586e-14
1412537.54462275258265 66.31579 5.80978569080169e-14
1412537.54462275258265 71.05263 6.71024301392569e-14
1412537.54462275258265 75.78947 7.94355946456709e-14
1412537.54462275258265 80.52632 9.60377654660244e-14
1412537.54462275258265 85.26316 1.12691093820984e-13
1412537.54462275258265 90.00000 8.87689990660256e-14
1778279.41003891918808 0.00000 1.25089304411340e-14
1778279.41003891918808 4.73684 1.25463432210715e-14
1778279.41003891918808 9.47368 1.26548279001079e-14
1778279.41003891918808 14.21053 1.28417014738556e-14
1778279.41003891918808 18.94737 1.31111065690191e-14
1778279.41003891918808 23.68421 1.34705996086755e-14
1778279.41003891918808 28.42105 1.39347970864088e-14
1778279.41003891918808 33.15789 1.45195539782219e-14
1778279.41003891918808 37.89474 1.52523681476867e-14
1778279.41003891918808 42.63158 1.61627099023620e-14
1778279.41003891918808 47.36842 1.72977818270037e-14
1778279.41003891918808 52.10526 1.87247596925538e-14
1778279.41003891918808 56.84211 2.05427397540174e-14
1778279.41003891918808 61.57895 2.28959288938708e-14
1778279.41003891918808 66.31579 2.60126656320899e-14
1778279.41003891918808 71.05263 3.02508005419930e-14
1778279.41003891918808 75.78947 3.61628355328621e-14
1778279.41003891918808 80.52632 4.43752035610759e-14
1778279.41003891918808 85.26316 5.33177943662884e-14
1778279.41003891918808 90.00000 4.37661212260288e-14
2238721.13856833800673 0.00000 5.45274001650082e-15
2238721.13856833800673 4.73684 5.46937717291066e-15
2238721.13856833800673 9.47368 5.51763600912811e-15
2238721.13856833800673 14.21053 5.60078979333783e-15
2238721.13856833800673 18.94737 5.72078040343039e-15
2238721.13856833800673 23.68421 5.88103962550725e-15
2238721.13856833800673 28.42105 6.08822808593256e-15
2238721.13856833800673 33.15789 6.34961391738036e-15
2238721.13856833800673 37.89474 6.67770280875097e-15
2238721.13856833800673 42.63158 7.08621387200998e-15
2238721.13856833800673 47.36842 7.59702450635009e-15
2238721.13856833800673 52.10526 8.24140378079342e-15
2238721.13856833800673 56.84211 9.06574689758551e-15
2238721.13856833800673 61.57895 1.01386352424456e-14
2238721.13856833800673 66.31579 1.15699133488627e-14
2238721.13856833800673 71.05263 1.35357657933125e-14
2238721.13856833800673 75.78947 1.63194439711077e-14
2238721.13856833800673 80.52632 2.02844139290070e-14
2238721.13856833800673 85.26316 2.48704362909842e-14
2238721.13856833800673 90.00000 2.11112163964800e-14
2818382.93126445496455 0.00000 2.36901298787605e-15
2818382.93126445496455 4.73684 2.37636531852153e-15
2818382.93126445496455 9.47368 2.39770211279690e-15
2818382.93126445496455 14.21053 2.43447520050913e-15
2818382.93126445496455 18.94737 2.48758114534453e-15
2818382.93126445496455 23.68421 2.55856816252380e-15
2818382.93126445496455 28.42105 2.65044000834410e-15
2818382.93126445496455 33.15789 2.76649839150732e-15
2818382.93126445496455 37.89474 2.91238184183696e-15
2818382.93126445496455 42.63158 3.09439637603310e-15
2818382.93126445496455 47.36842 3.32256218822085e-15
2818382.93126445496455 52.10526 3.61125750307849e-15
2818382.93126445496455 56.84211 3.98192501880145e-15
2818382.93126445496455 61.57895 4.46665786188327e-15
2818382.93126445496455 66.31579 5.11734276069103e-15
2818382.93126445496455 71.05263 6.01872604904908e-15
2818382.93126445496455 75.78947 7.31124286442742e-15
2818382.93126445496455 80.52632 9.19050485628273e-15
2818382.93126445496455 85.26316 1.14680068854680e-14
2818382.93126445496455 90.00000 1.00179988176254e-14
3548133.89233575342223 0.00000 1.02545290832699e-15
3548133.89233575342223 4.73684 1.02868155557441e-15
3548133.89233575342223 9.47368 1.03805643833122e-15
3548133.89233575342223 14.21053 1.05421632769444e-15
3548133.89233575342223 18.94737 1.07756967154084e-15
3548133.89233575342223 23.68421 1.10880983762965e-15
3548133.89233575342223 28.42105 1.14927834912570e-15
3548133.89233575342223 33.15789 1.20046155297646e-15
3548133.89233575342223 37.89474 1.26488011100873e-15
3548133.89233575342223 42.63158 1.34539901914334e-15
3548133.89233575342223 47.36842 1.44655744948114e-15
3548133.89233575342223 52.10526 1.57489237539283e-15
3548133.89233575342223 56.84211 1.74019723870257e-15
3548133.89233575342223 61.57895 1.95727886452494e-15
3548133.89233575342223 66.31579 2.25026514320075e-15
3548133.89233575342223 71.05263 2.65914261590149e-15
3548133.89233575342223 75.78947 3.25174160452667e-15
3548133.89233575342223 80.52632 4.12818049238386e-15
3548133.89233575342223 85.26316 5.23002170303787e-15
3548133.89233575342223 90.00000 4.67769070603486e-15
4466835.92150962632149 0.00000 4.42443416685638e-16
4466835.92150962632149 4.73684 4.43853290505695e-16
4466835.92150962632149 9.47368 4.47949769820267e-16
4466835.92150962632149 14.21053 4.55011790039558e-16
4466835.92150962632149 18.94737 4.65223281948340e-16
4466835.92150962632149 23.68421 4.78892811629335e-16
4466835.92150962632149 28.42105 4.96614265810220e-16
4466835.92150962632149 33.15789 5.19051448878819e-16
4466835.92150962632149 37.89474 5.47322579467234e-16
4466835.92150962632149 42.63158 5.82715986994466e-16
4466835.92150962632149 47.36842 6.27267852377902e-16
4466835.92150962632149 52.10526 6.83920443781382e-16
4466835.92150962632149 56.84211 7.57100183919060e-16
4466835.92150962632149 61.57895 8.53554850664580e-16
4466835.92150962632149 66.31579 9.84354075067095e-16
4466835.92150962632149 71.05263 1.16806297941551e-15
4466835.92150962632149 75.78947 1.43675768892658e-15
4466835.92150962632149 80.52632 1.83982473400445e-15
4466835.92150962632149 85.26316 2.36129295855945e-15
4466835.92150962632149 90.00000 2.15132198480522e-15
5623413.25190347898751 0.00000 1.90417901726944e-16
5623413.25190347898751 4.73684 1.91030676652540e-16
5623413.25190347898751 9.47368 1.92812445869213e-16
5623413.25190347898751 14.21053 1.95884235986624e-16
5623413.25190347898751 18.94737 2.00328100569114e-16
5623413.25190347898751 23.68421 2.06280574838156e-16
5623413.25190347898751 28.42105 2.14002622584918e-16
5623413.25190347898751 33.15789 2.23788645831638e-16
5623413.25190347898751 37.89474 2.36131375811590e-16
5623413.25190347898751 42.63158 2.51605132097334e-16
5623413.25190347898751 47.36842 2.71115657598774e-16
5623413.25190347898751 52.10526 2.95975829137680e-16
5623413.25190347898751 56.84211 3.28168310124468e-16
5623413.25190347898751 61.57895 3.70736300180129e-16
5623413.25190347898751 66.31579 4.28701310076832e-16
5623413.25190347898751 71.05263 5.10569485268790e-16
5623413.25190347898751 75.78947 6.31257790530657e-16
5623413.25190347898751 80.52632 8.14483928843188e-16
5623413.25190347898751 85.26316 1.05704487662227e-15
5623413.25190347898751 90.00000 9.77566474461753e-16
7079457.84384137298912 0.00000 8.17624200428454e-17
7079457.84384137298912 4.73684 8.20275531083851e-17
7079457.84384137298912 9.47368 8.27990904578195e-17
7079457.84384137298912 14.21053 8.41292343849956e-17
7079457.84384137298912 18.94737 8.60542918675425e-17
7079457.84384137298912 23.68421 8.86343281592983e-17
7079457.84384137298912 28.42105 9.19832399643408e-17
7079457.84384137298912 33.15789 9.62307311740895e-17
7079457.84384137298912 37.89474 1.01592520929565e-16
7079457.84384137298912 42.63158 1.08322612519197e-16
7079457.84384137298912 47.36842 1.16820790337721e-16
7079457.84384137298912 52.10526 1.27668191437453e-16
7079457.84384137298912 56.84211 1.41745474024163e-16
7079457.84384137298912 61.57895 1.60412222136542e-16
7079457.84384137298912 66.31579 1.85923393587978e-16
7079457.84384137298912 71.05263 2.22131653910146e-16
7079457.84384137298912 75.78947 2.75878135683360e-16
7079457.84384137298912 80.52632 3.58322565338317e-16
7079457.84384137298912 85.26316 4.69560521093864e-16
7079457.84384137298912 90.00000 4.39686267424508e-16
8912509.38133745826781 0.00000 3.50733071034288e-17
8912509.38133745826781 4.73684 3.51876544932976e-17
8912509.38133745826781 9.47368 3.55206764921222e-17
8912509.38133745826781 14.21053 3.60947932081336e-17
8912509.38133745826781 18.94737 3.69259691410481e-17
8912509.38133745826781 23.68421 3.80405073975423e-17
8912509.38133745826781 28.42105 3.94878648039760e-17
8912509.38133745826781 33.15789 4.13248875509755e-17
8912509.38133745826781 37.89474 4.36455502178087e-17
8912509.38133745826781 42.63158 4.65614972072079e-17
8912509.38133745826781 47.36842 5.02481234428675e-17
8912509.38133745826781 52.10526 5.49610436941587e-17
8912509.38133745826781 56.84211 6.10888324991182e-17
8912509.38133745826781 61.57895 6.92343550123930e-17
8912509.38133745826781 66.31579 8.04020518158768e-17
8912509.38133745826781 71.05263 9.63208907921810e-17
8912509.38133745826781 75.78947 1.20093890955222e-16
8912509.38133745826781 80.52632 1.56890364067257e-16
8912509.38133745826781 85.26316 2.07336103554339e-16
8912509.38133745826781 90.00000 1.96121220903877e-16
11220184.54301963001490 0.00000 1.50261195892818e-17
11220184.54301963001490 4.73684 1.50752692937514e-17
11220184.54301963001490 9.47368 1.52185349737047e-17
11220184.54301963001490 14.21053 1.54655011064906e-17
11220184.54301963001490 18.94737 1.58231438585514e-17
11220184.54301963001490 23.68421 1.63029310278229e-17
11220184.54301963001490 28.42105 1.69262246779774e-17
11220184.54301963001490 33.15789 1.77178118708807e-17
11220184.54301963001490 37.89474 1.87184259868942e-17
11220184.54301963001490 42.63158 1.99768361534917e-17
11220184.54301963001490 47.36842 2.15695226429371e-17
11220184.54301963001490 52.10526 2.36082033061530e-17
11220184.54301963001490 56.84211 2.62631839423791e-17
11220184.54301963001490 61.57895 2.97997682046176e-17
11220184.54301963001490 66.31579 3.46617285945283e-17
11220184.54301963001490 71.05263 4.16178260481497e-17
11220184.54301963001490 75.78947 5.20602093538646e-17
11220184.54301963001490 80.52632 6.83478579736097e-17
11220184.54301963001490 85.26316 9.09695450221297e-17
11220184.54301963001490 90.00000 8.67021952602640e-17
14125375.44622752629220 0.00000 6.43273146841457e-18
14125375.44622752629220 4.73684 6.45380208841107e-18
14125375.44622752629220 9.47368 6.51527446979514e-18
14125375.44622752629220 14.21053 6.62123177773825e-18
14125375.44622752629220 18.94737 6.77470854196488e-18
14125375.44622752629220 23.68421 6.98068574322665e-18
14125375.44622752629220 28.42105 7.24835375429641e-18
14125375.44622752629220 33.15789 7.58847599782448e-18
14125375.44622752629220 37.89474 8.01863774931419e-18
14125375.44622752629220 42.63158 8.56004099602160e-18
14125375.44622752629220 47.36842 9.24587607204313e-18
14125375.44622752629220 52.10526 1.01247253266039e-17
14125375.44622752629220 56.84211 1.12708343741985e-17
14125375.44622752629220 61.57895 1.28002643083832e-17
14125375.44622752629220 66.31579 1.49078220401067e-17
14125375.44622752629220 71.05263 1.79328619486438e-17
14125375.44622752629220 75.78947 2.24947319168468e-17
14125375.44622752629220 80.52632 2.96582422825635e-17
14125375.44622752629220 85.26316 3.97199775708558e-17
14125375.44622752629220 90.00000 3.81097488467549e-17
17782794.10038919001818 0.00000 2.75494568212081e-18
17782794.10038919001818 4.73684 2.76396367562644e-18
17782794.10038919001818 9.47368 2.79029689938926e-18
17782794.10038919001818 14.21053 2.83568041290226e-18
17782794.10038919001818 18.94737 2.90142991586481e-18
17782794.10038919001818 23.68421 2.98970309364766e-18
17782794.10038919001818 28.42105 3.10444231903506e-18
17782794.10038919001818 33.15789 3.25030747058513e-18
17782794.10038919001818 37.89474 3.43486792660714e-18
17782794.10038919001818 42.63158 3.66730822840524e-18
17782794.10038919001818 47.36842 3.96198001258853e-18
17782794.10038919001818 52.10526 4.33992845463623e-18
17782794.10038919001818 56.84211 4.83338636440444e-18
17782794.10038919001818 61.57895 5.49288589747276e-18
17782794.10038919001818 66.31579 6.40349570077209e-18
17782794.10038919001818 71.05263 7.71411521494432e-18
17782794.10038919001818 75.78947 9.69831054337282e-18
17782794.10038919001818 80.52632 1.28321596492946e-17
17782794.10038919001818 85.26316 1.72757908327387e-17
17782794.10038919001818 90.00000 1.66623083442978e-17
22387211.38568333163857 0.00000 1.18043820591199e-18
22387211.38568333163857 4.73684 1.18429109865502e-18
22387211.38568333163857 9.47368 1.19555234545800e-18
22387211.38568333163857 14.21053 1.21495726693490e-18
22387211.38568333163857 18.94737 1.24307439117260e-18
22387211.38568333163857 23.68421 1.28083612799164e-18
22387211.38568333163857 28.42105 1.32992860241839e-18
22387211.38568333163857 33.15789 1.39236349959814e-18
22387211.38568333163857 37.89474 1.47138976704068e-18
22387211.38568333163857 42.63158 1.57097207807275e-18
22387211.38568333163857 47.36842 1.69729421516523e-18
22387211.38568333163857 52.10526 1.85943859731227e-18
22387211.38568333163857 56.84211 2.07134276030177e-18
22387211.38568333163857 61.57895 2.35490688141604e-18
22387211.38568333163857 66.31579 2.74709051106549e-18
22387211.38568333163857 71.05263 3.31284339157011e-18
22387211.38568333163857 75.78947 4.17214956182526e-18
22387211.38568333163857 80.52632 5.53586268543125e-18
22387211.38568333163857 85.26316 7.48415157738309e-18
22387211.38568333163857 90.00000 7.24315105234235e-18
28183829.31264449283481 0.00000 5.05955489954384e-19
28183829.31264449283481 4.73684 5.07598008754440e-19
28183829.31264449283481 9.47368 5.12403415413449e-19
28183829.31264449283481 14.21053 5.20682375909303e-19
28183829.31264449283481 18.94737 5.32679738215525e-19
28183829.31264449283481 23.68421 5.48797312311282e-19
28183829.31264449283481 28.42105 5.69753924772755e-19
28183829.31264449283481 33.15789 5.96415360612389e-19
28183829.31264449283481 37.89474 6.30171780764414e-19
28183829.31264449283481 42.63158 6.72728485243419e-19
28183829.31264449283481 47.36842 7.26740217225902e-19
28183829.31264449283481 52.10526 7.96111687141167e-19
28183829.31264449283481 56.84211 8.86845116253908e-19
28183829.31264449283481 61.57895 1.00838894251859e-18
28183829.31264449283481 66.31579 1.17672173786580e-18
28183829.31264449283481 71.05263 1.42001623582075e-18
28183829.31264449283481 75.78947 1.79055235442314e-18
28183829.31264449283481 80.52632 2.38093502064768e-18
28183829.31264449283481 85.26316 3.22954844805621e-18
28183829.31264449283481 90.00000 3.13356890833231e-18
35481338.92335753142834 0.00000 2.17079183190495e-19
35481338.92335753142834 4.73684 2.17778084546834e-19
35481338.92335753142834 9.47368 2.19824843597359e-19
35481338.92335753142834 14.21053 2.23350366925984e-19
35481338.92335753142834 18.94737 2.28459815546561e-19
35481338.92335753142834 23.68421 2.35325924549683e-19
35481338.92335753142834 28.42105 2.44254318406243e-19
35481338.92335753142834 33.15789 2.55616638389880e-19
35481338.92335753142834 37.89474 2.70006126692605e-19
35481338.92335753142834 42.63158 2.88154090828504e-19
35481338.92335753142834 47.36842 3.11196769323550e-19
35481338.92335753142834 52.10526 3.40807522227458e-19
35481338.92335753142834 56.84211 3.79562465301281e-19
35481338.92335753142834 61.57895 4.31522674938904e-19
35481338.92335753142834 66.31579 5.03567844223614e-19
35481338.92335753142834 71.05263 6.07861677379498e-19
35481338.92335753142834 75.78947 7.67060685027075e-19
35481338.92335753142834 80.52632 1.02155771090570e-18
35481338.92335753142834 85.26316 1.38919949574357e-18
35481338.92335753142834 90.00000 1.35055014530209e-18
44668359.21509625762701 0.00000 9.32939371932810e-20
44668359.21509625762701 4.73684 9.35908184307060e-20
44668359.21509625762701 9.47368 9.44611349177176e-20
44668359.21509625762701 14.21053 9.59599110587125e-20
44668359.21509625762701 18.94737 9.81322033795297e-20
44668359.21509625762701 23.68421 1.01052114717161e-19
44668359.21509625762701 28.42105 1.04849271689859e-19
44668359.21509625762701 33.15789 1.09682841117956e-19
44668359.21509625762701 37.89474 1.15805395677002e-19
44668359.21509625762701 42.63158 1.23529735649296e-19
44668359.21509625762701 47.36842 1.33340883816779e-19
44668359.21509625762701 52.10526 1.45953974637235e-19
44668359.21509625762701 56.84211 1.62471433560769e-19
44668359.21509625762701 61.57895 1.84633127731208e-19
44668359.21509625762701 66.31579 2.15390744610546e-19
44668359.21509625762701 71.05263 2.59975126657080e-19
44668359.21509625762701 75.78947 3.28159173832639e-19
44668359.21509625762701 80.52632 4.37456908007489e-19
44668359.21509625762701 85.26316 5.95973552463297e-19
44668359.21509625762701 90.00000 5.80134466696993e-19
56234132.51903478801250 0.00000 4.02225071150696e-20
56234132.51903478801250 4.73684 4.03484966455444e-20
56234132.51903478801250 9.47368 4.07182262930064e-20
56234132.51903478801250 14.21053 4.13547851708771e-20
56234132.51903478801250 18.94737 4.22774468519918e-20
56234132.51903478801250 23.68421 4.35179597083814e-20
56234132.51903478801250 28.42105 4.51312134701472e-20
56234132.51903478801250 33.15789 4.71852766579245e-20
56234132.51903478801250 37.89474 4.97875187566342e-20
56234132.51903478801250 42.63158 5.30714982533112e-20
56234132.51903478801250 47.36842 5.72438837494961e-20
56234132.51903478801250 52.10526 6.26097222082635e-20
56234132.51903478801250 56.84211 6.96398345707942e-20
56234132.51903478801250 61.57895 7.90779203284790e-20
56234132.51903478801250 66.31579 9.21871776225654e-20
56234132.51903478801250 71.05263 1.11210463698350e-19
56234132.51903478801250 75.78947 1.40348441240546e-19
56234132.51903478801250 80.52632 1.87159734527850e-19
56234132.51903478801250 85.26316 2.55260874859704e-19
56234132.51903478801250 90.00000 2.48682652075302e-19
70794578.43841359019279 0.00000 1.74161252729043e-20
70794578.43841359019279 4.73684 1.74695677858248e-20
70794578.43841359019279 9.47368 1.76265703928134e-20
70794578.43841359019279 14.21053 1.78968090393761e-20
70794578.43841359019279 18.94737 1.82885193670092e-20
70794578.43841359019279 23.68421 1.88152939001926e-20
70794578.43841359019279 28.42105 1.95003486983858e-20
70794578.43841359019279 33.15789 2.03727679107581e-20
70794578.43841359019279 37.89474 2.14781503723602e-20
70794578.43841359019279 42.63158 2.28734546899930e-20
70794578.43841359019279 47.36842 2.46466346771744e-20
70794578.43841359019279 52.10526 2.69276432600393e-20
70794578.43841359019279 56.84211 2.99172772997882e-20
70794578.43841359019279 61.57895 3.39329089575151e-20
70794578.43841359019279 66.31579 3.95141396990640e-20
70794578.43841359019279 71.05263 4.76205446855774e-20
70794578.43841359019279 75.78947 6.00527709233602e-20
70794578.43841359019279 80.52632 8.00607480822870e-20
70794578.43841359019279 85.26316 1.09234178834595e-19
70794578.43841359019279 90.00000 1.06438627222442e-19
89125093.81337440013885 0.00000 7.57917345011489e-21
89125093.81337440013885 4.73684 7.60182127731037e-21
89125093.81337440013885 9.47368 7.66843153191106e-21
89125093.81337440013885 14.21053 7.78305086070629e-21
89125093.81337440013885 18.94737 7.94919195020845e-21
89125093.81337440013885 23.68421 8.17266897882566e-21
89125093.81337440013885 28.42105 8.46328357969536e-21
89125093.81337440013885 33.15789 8.83344724547712e-21
89125093.81337440013885 37.89474 9.30249882275775e-21
89125093.81337440013885 42.63158 9.89468712668044e-21
89125093.81337440013885 47.36842 1.06473784000828e-20
89125093.81337440013885 52.10526 1.16158368379064e-20
89125093.81337440013885 56.84211 1.28855432758671e-20
89125093.81337440013885 61.57895 1.45916490734391e-20
89125093.81337440013885 66.31579 1.69641278500396e-20
89125093.81337440013885 71.05263 2.04124307669202e-20
89125093.81337440013885 75.78947 2.57059304737698e-20
89125093.81337440013885 80.52632 3.42358197635525e-20
89125093.81337440013885 85.26316 4.66876073589480e-20
89125093.81337440013885 90.00000 4.54425785371558e-20
112201845.43019630014896 0.00000 3.31714872118793e-21
112201845.43019630014896 4.73684 3.32673388435256e-21
112201845.43019630014896 9.47368 3.35495855012870e-21
112201845.43019630014896 14.21053 3.40351121971229e-21
112201845.43019630014896 18.94737 3.47388706982087e-21
112201845.43019630014896 23.68421 3.56856986073987e-21
112201845.43019630014896 28.42105 3.69168929978597e-21
112201845.43019630014896 33.15789 3.84853354952687e-21
112201845.43019630014896 37.89474 4.04729065613573e-21
112201845.43019630014896 42.63158 4.29826358414700e-21
112201845.43019630014896 47.36842 4.61729583005229e-21
112201845.43019630014896 52.10526 5.02784293251879e-21
112201845.43019630014896 56.84211 5.56622115765520e-21
112201845.43019630014896 61.57895 6.28985498636993e-21
112201845.43019630014896 66.31579 7.29652534227876e-21
112201845.43019630014896 71.05263 8.76048725317545e-21
112201845.43019630014896 75.78947 1.10094867231274e-20
112201845.43019630014896 80.52632 1.46368178691219e-20
112201845.43019630014896 85.26316 1.99348088795064e-20
112201845.43019630014896 90.00000 1.93792793109895e-20
141253754.46227526664734 0.00000 1.46262649427811e-21
141253754.46227526664734 4.73684 1.46667915286837e-21
141253754.46227526664734 9.47368 1.47862696266850e-21
141253754.46227526664734 14.21053 1.49917336889927e-21
141253754.46227526664734 18.94737 1.52895394836558e-21
141253754.46227526664734 23.68421 1.56902835283207e-21
141253754.46227526664734 28.42105 1.62113416318726e-21
141253754.46227526664734 33.15789 1.68752152287615e-21
141253754.46227526664734 37.89474 1.77165268551586e-21
141253754.46227526664734 42.63158 1.87789904357771e-21
141253754.46227526664734 47.36842 2.01296893934892e-21
141253754.46227526664734 52.10526 2.18680329074144e-21
141253754.46227526664734 56.84211 2.41480794673252e-21
141253754.46227526664734 61.57895 2.72134452013350e-21
141253754.46227526664734 66.31579 3.14792160614207e-21
141253754.46227526664734 71.05263 3.76857493429573e-21
141253754.46227526664734 75.78947 4.72267699686674e-21
141253754.46227526664734 80.52632 6.26279871253006e-21
141253754.46227526664734 85.26316 8.51382870577556e-21
141253754.46227526664734 90.00000 8.27449142634024e-21
177827941.00389191508293 0.00000 6.50967989640321e-22
177827941.00389191508293 4.73684 6.52680907030290e-22
177827941.00389191508293 9.47368 6.57737087981511e-22
177827941.00389191508293 14.21053 6.66429217304953e-22
177827941.00389191508293 18.94737 6.79027231370501e-22
177827941.00389191508293 23.68421 6.95983091945870e-22
177827941.00389191508293 28.42105 7.18027207054041e-22
177827941.00389191508293 33.15789 7.46116551999620e-22
177827941.00389191508293 37.89474 7.81714257754108e-22
177827941.00389191508293 42.63158 8.26673519802920e-22
177827941.00389191508293 47.36842 8.83832487300991e-22
177827941.00389191508293 52.10526 9.57401012163188e-22
177827941.00389191508293 56.84211 1.05390908268270e-21
177827941.00389191508293 61.57895 1.18368194232747e-21
177827941.00389191508293 66.31579 1.36432241240667e-21
177827941.00389191508293 71.05263 1.62725021924003e-21
177827941.00389191508293 75.78947 2.03165535500740e-21
177827941.00389191508293 80.52632 2.68488789635354e-21
177827941.00389191508293 85.26316 3.64010099785352e-21
177827941.00389191508293 90.00000 3.53638104392204e-21
223872113.85683333873749 0.00000 2.92699577186375e-22
223872113.85683333873749 4.73684 2.93423153230992e-22
223872113.85683333873749 9.47368 2.95561783676493e-22
223872113.85683333873749 14.21053 2.99237033472973e-22
223872113.85683333873749 18.94737 3.04563385633848e-22
223872113.85683333873749 23.68421 3.11733568092754e-22
223872113.85683333873749 28.42105 3.21054201777066e-22
223872113.85683333873749 33.15789 3.32932027307737e-22
223872113.85683333873749 37.89474 3.47984899709508e-22
223872113.85683333873749 42.63158 3.66997545937105e-22
223872113.85683333873749 47.36842 3.91169413959164e-22
223872113.85683333873749 52.10526 4.22281449970286e-22
223872113.85683333873749 56.84211 4.63098518512043e-22
223872113.85683333873749 61.57895 5.17991148693646e-22
223872113.85683333873749 66.31579 5.94414204527601e-22
223872113.85683333873749 71.05263 7.05681422307282e-22
223872113.85683333873749 75.78947 8.76885545553914e-22
223872113.85683333873749 80.52632 1.15355052463412e-21
223872113.85683333873749 85.26316 1.55811814450600e-21
223872113.85683333873749 90.00000 1.51247581401076e-21
281838293.12644493579865 0.00000 1.33309036173103e-22
281838293.12644493579865 4.73684 1.33614892428296e-22
281838293.12644493579865 9.47368 1.34520132239417e-22
281838293.12644493579865 14.21053 1.36075216386359e-22
281838293.12644493579865 18.94737 1.38328689327545e-22
281838293.12644493579865 23.68421 1.41362824848008e-22
281838293.12644493579865 28.42105 1.45306325124042e-22
281838293.12644493579865 33.15789 1.50332181078740e-22
281838293.12644493579865 37.89474 1.56701445656795e-22
281838293.12644493579865 42.63158 1.64746447137789e-22
281838293.12644493579865 47.36842 1.74974193848642e-22
281838293.12644493579865 52.10526 1.88138293881683e-22
281838293.12644493579865 56.84211 2.05409702714740e-22
281838293.12644493579865 61.57895 2.28638465474010e-22
281838293.12644493579865 66.31579 2.60981716056198e-22
281838293.12644493579865 71.05263 3.08080108548508e-22
281838293.12644493579865 75.78947 3.80567672360258e-22
281838293.12644493579865 80.52632 4.97736713531764e-22
281838293.12644493579865 85.26316 6.69022835653086e-22
281838293.12644493579865 90.00000 6.48783385039861e-22
354813389.23357534408569 0.00000 6.15856667625897e-23
354813389.23357534408569 4.73684 6.17150386886318e-23
354813389.23357534408569 9.47368 6.20984942435389e-23
354813389.23357534408569 14.21053 6.27569640592043e-23
354813389.23357534408569 18.94737 6.37110168377111e-23
354813389.23357534408569 23.68421 6.49958218344556e-23
354813389.23357534408569 28.42105 6.66653833798984e-23
354813389.23357534408569 33.15789 6.87933286929931e-23
354813389.23357534408569 37.89474 7.14900299956878e-23
354813389.23357534408569 42.63158 7.48962179621441e-23
354813389.23357534408569 47.36842 7.92262334233890e-23
354813389.23357534408569 52.10526 8.47990405698535e-23
354813389.23357534408569 56.84211 9.21106781969540e-23
354813389.23357534408569 61.57895 1.01944232961155e-22
354813389.23357534408569 66.31579 1.15636647939865e-22
354813389.23357534408569 71.05263 1.35577080078318e-22
354813389.23357534408569 75.78947 1.66269787233649e-22
354813389.23357534408569 80.52632 2.15882266391650e-22
354813389.23357534408569 85.26316 2.88349289323233e-22
354813389.23357534408569 90.00000 2.79141546075000e-22
446683592.15096253156662 0.00000 2.88492109367772e-23
446683592.15096253156662 4.73684 2.89039379806987e-23
446683592.15096253156662 9.47368 2.90663905255888e-23
446683592.15096253156662 14.21053 2.93452415987896e-23
446683592.15096253156662 18.94737 2.97491870992567e-23
446683592.15096253156662 23.68421 3.02932693087193e-23
446683592.15096253156662 28.42105 3.10001246332179e-23
446683592.15096253156662 33.15789 3.19010850720838e-23
446683592.15096253156662 37.89474 3.30428179527331e-23
446683592.15096253156662 42.63158 3.44848581528795e-23
446683592.15096253156662 47.36842 3.63177607700535e-23
446683592.15096253156662 52.10526 3.86764581515465e-23
446683592.15096253156662 56.84211 4.17709817647219e-23
446683592.15096253156662 61.57895 4.59325289131242e-23
446683592.15096253156662 66.31579 5.17267986858740e-23
446683592.15096253156662 71.05263 6.01647618710989e-23
446683592.15096253156662 75.78947 7.31520344282331e-23
446683592.15096253156662 80.52632 9.41409727601660e-23
446683592.15096253156662 85.26316 1.24760296138127e-22
446683592.15096253156662 90.00000 1.20518227922618e-22
562341325.19034790992737 0.00000 1.37191055948688e-23
562341325.19034790992737 4.73684 1.37423010015797e-23
562341325.19034790992737 9.47368 1.38112557397768e-23
562341325.19034790992737 14.21053 1.39295688452949e-23
562341325.19034790992737 18.94737 1.41009107251807e-23
562341325.19034790992737 23.68421 1.43317248641979e-23
562341325.19034790992737 28.42105 1.46315040248511e-23
562341325.19034790992737 33.15789 1.50135931110769e-23
562341325.19034790992737 37.89474 1.54977527717020e-23
562341325.19034790992737 42.63158 1.61091713503695e-23
562341325.19034790992737 47.36842 1.68861321589193e-23
562341325.19034790992737 52.10526 1.78857621143116e-23
562341325.19034790992737 56.84211 1.91970681535072e-23
562341325.19034790992737 61.57895 2.09602039574274e-23
562341325.19034790992737 66.31579 2.34146793454419e-23
562341325.19034790992737 71.05263 2.69885004517778e-23
562341325.19034790992737 75.78947 3.24881972633053e-23
562341325.19034790992737 80.52632 4.13734602093498e-23
562341325.19034790992737 85.26316 5.43169355401048e-23
562341325.19034790992737 90.00000 5.23521837353789e-23
707945784.38413584232330 0.00000 6.62233328709263e-24
707945784.38413584232330 4.73684 6.63220090245873e-24
707945784.38413584232330 9.47368 6.66157714621059e-24
707945784.38413584232330 14.21053 6.71195887152312e-24
707945784.38413584232330 18.94737 6.78489213101269e-24
707945784.38413584232330 23.68421 6.88314308692360e-24
707945784.38413584232330 28.42105 7.01069523088240e-24
707945784.38413584232330 33.15789 7.17324020204771e-24
707945784.38413584232330 37.89474 7.37916209449921e-24
707945784.38413584232330 42.63158 7.63912109469445e-24
707945784.38413584232330 47.36842 7.96931786930427e-24
707945784.38413584232330 52.10526 8.39396726105418e-24
707945784.38413584232330 56.84211 8.95083740318917e-24
707945784.38413584232330 61.57895 9.69929027669785e-24
707945784.38413584232330 66.31579 1.07408294819021e-23
707945784.38413584232330 71.05263 1.22568033082470e-23
707945784.38413584232330 75.78947 1.45887701351026e-23
707945784.38413584232330 80.52632 1.83539896713877e-23
707945784.38413584232330 85.26316 2.38276831177009e-23
707945784.38413584232330 90.00000 2.28949662237881e-23
891250938.13374412059784 0.00000 3.24084132797149e-24
891250938.13374412059784 4.73684 3.24505879530204e-24
891250938.13374412059784 9.47368 3.25763176792415e-24
891250938.13374412059784 14.21053 3.27918357123353e-24
891250938.13374412059784 18.94737 3.31036217675749e-24
891250938.13374412059784 23.68421 3.35235648199620e-24
891250938.13374412059784 28.42105 3.40683586622771e-24
891250938.13374412059784 33.15789 3.47622790387241e-24
891250938.13374412059784 37.89474 3.56409217420444e-24
891250938.13374412059784 42.63158 3.67493320785922e-24
891250938.13374412059784 47.36842 3.81560184123642e-24
891250938.13374412059784 52.10526 3.99635815484985e-24
891250938.13374412059784 56.84211 4.23322528458212e-24
891250938.13374412059784 61.57895 4.55132677571470e-24
891250938.13374412059784 66.31579 4.99365259270016e-24
891250938.13374412059784 71.05263 5.63697697759228e-24
891250938.13374412059784 75.78947 6.62577890828401e-24
891250938.13374412059784 80.52632 8.22056933155105e-24
891250938.13374412059784 85.26316 1.05318173430226e-23
891250938.13374412059784 90.00000 1.00773315710295e-23
1122018454.30196285247803 0.00000 1.60452227881995e-24
1122018454.30196285247803 4.73684 1.60633968371316e-24
1122018454.30196285247803 9.47368 1.61176406205217e-24
1122018454.30196285247803 14.21053 1.62105606300407e-24
1122018454.30196285247803 18.94737 1.63448530694780e-24
1122018454.30196285247803 23.68421 1.65256321989839e-24
1122018454.30196285247803 28.42105 1.67598861122093e-24
1122018454.30196285247803 33.15789 1.70579655610564e-24
1122018454.30196285247803 37.89474 1.74349973880504e-24
1122018454.30196285247803 42.63158 1.79099752317755e-24
1122018454.30196285247803 47.36842 1.85118443672524e-24
1122018454.30196285247803 52.10526 1.92840567642189e-24
1122018454.30196285247803 56.84211 2.02945772750478e-24
1122018454.30196285247803 61.57895 2.16496449351408e-24
1122018454.30196285247803 66.31579 2.35312248629171e-24
1122018454.30196285247803 71.05263 2.62640959493539e-24
1122018454.30196285247803 75.78947 3.04587913892193e-24
1122018454.30196285247803 80.52632 3.72129945278580e-24
1122018454.30196285247803 85.26316 4.69616217110417e-24
1122018454.30196285247803 90.00000 4.47208103457531e-24
1412537544.62275242805481 0.00000 8.02153723805037e-25
1412537544.62275242805481 4.73684 8.02946068351427e-25
1412537544.62275242805481 9.47368 8.05312867000905e-25
1412537544.62275242805481 14.21053 8.09363913905651e-25
1412537544.62275242805481 18.94737 8.15210375924770e-25
1412537544.62275242805481 23.68421 8.23072339412316e-25
1412537544.62275242805481 28.42105 8.33242119874419e-25
1412537544.62275242805481 33.15789 8.46160750899527e-25
1412537544.62275242805481 37.89474 8.62471781544721e-25
1412537544.62275242805481 42.63158 8.82973959882117e-25
1412537544.62275242805481 47.36842 9.08888926528334e-25
1412537544.62275242805481 52.10526 9.42055608709243e-25
1412537544.62275242805481 56.84211 9.85355787932992e-25
1412537544.62275242805481 61.57895 1.04327693599761e-24
1412537544.62275242805481 66.31579 1.12351479834178e-24
1412537544.62275242805481 71.05263 1.23979497577361e-24
1412537544.62275242805481 75.78947 1.41788454213386e-24
1412537544.62275242805481 80.52632 1.70394054428276e-24
1412537544.62275242805481 85.26316 2.11459511323587e-24
1412537544.62275242805481 90.00000 2.00263403827804e-24
1778279410.03891897201538 0.00000 4.04995527283961e-25
1778279410.03891897201538 4.73684 4.05346091106714e-25
1778279410.03891897201538 9.47368 4.06393673443099e-25
1778279410.03891897201538 14.21053 4.08184942850498e-25
1778279410.03891897201538 18.94737 4.10765231329234e-25
1778279410.03891897201538 23.68421 4.14229362063424e-25
1778279410.03891897201538 28.42105 4.18699540910116e-25
1778279410.03891897201538 33.15789 4.24363632827770e-25
1778279410.03891897201538 37.89474 4.31495863540762e-25
1778279410.03891897201538 42.63158 4.40431133411163e-25
1778279410.03891897201538 47.36842 4.51684452169024e-25
1778279410.03891897201538 52.10526 4.66033525402112e-25
1778279410.03891897201538 56.84211 4.84699873339918e-25
1778279410.03891897201538 61.57895 5.09576574196669e-25
1778279410.03891897201538 66.31579 5.43915402486358e-25
1778279410.03891897201538 71.05263 5.93510705997935e-25
1778279410.03891897201538 75.78947 6.69222272682599e-25
1778279410.03891897201538 80.52632 7.90414972103493e-25
1778279410.03891897201538 85.26316 9.63187232515461e-25
1778279410.03891897201538 90.00000 9.06762063677481e-25
2238721138.56833314895630 0.00000 2.06113895072440e-25
2238721138.56833314895630 4.73684 2.06272383692000e-25
2238721138.56833314895630 9.47368 2.06745903064204e-25
2238721138.56833314895630 14.21053 2.07554584894723e-25
2238721138.56833314895630 18.94737 2.08716616019851e-25
2238721138.56833314895630 23.68421 2.10272917123560e-25
2238721138.56833314895630 28.42105 2.12274586869992e-25
2238721138.56833314895630 33.15789 2.14801622546148e-25
2238721138.56833314895630 37.89474 2.17971163135086e-25
2238721138.56833314895630 42.63158 2.21923036211110e-25
2238721138.56833314895630 47.36842 2.26874018236102e-25
2238721138.56833314895630 52.10526 2.33152656356743e-25
2238721138.56833314895630 56.84211 2.41276409058658e-25
2238721138.56833314895630 61.57895 2.52042296063533e-25
2238721138.56833314895630 66.31579 2.66822255699842e-25
2238721138.56833314895630 71.05263 2.88058076864666e-25
2238721138.56833314895630 75.78947 3.20316748758060e-25
2238721138.56833314895630 80.52632 3.71694917591568e-25
2238721138.56833314895630 85.26316 4.44262980183064e-25
2238721138.56833314895630 90.00000 4.15507092961709e-25
2818382931.26444959640503 0.00000 1.05542748734204e-25
2818382931.26444959640503 4.73684 1.05616389738757e-25
2818382931.26444959640503 9.47368 1.05836214006562e-25
2818382931.26444959640503 14.21053 1.06211093797042e-25
2818382931.26444959640503 18.94737 1.06748184494490e-25
2818382931.26444959640503 23.68421 1.07465189449538e-25
2818382931.26444959640503 28.42105 1.08383539400212e-25
2818382931.26444959640503 33.15789 1.09537316103139e-25
2818382931.26444959640503 37.89474 1.10976757805349e-25
2818382931.26444959640503 42.63158 1.12759998474108e-25
2818382931.26444959640503 47.36842 1.14978182651803e-25
2818382931.26444959640503 52.10526 1.17769988682893e-25
2818382931.26444959640503 56.84211 1.21354518162778e-25
2818382931.26444959640503 61.57895 1.26066571605812e-25
2818382931.26444959640503 66.31579 1.32483948137722e-25
2818382931.26444959640503 71.05263 1.41633411046446e-25
2818382931.26444959640503 75.78947 1.55430375870357e-25
2818382931.26444959640503 80.52632 1.77245647603599e-25
2818382931.26444959640503 85.26316 2.07681467163438e-25
2818382931.26444959640503 90.00000 1.92927825977554e-25
3548133892.33575296401978 0.00000 5.43768083340866e-26
3548133892.33575296401978 4.73684 5.44119781113635e-26
3548133892.33575296401978 9.47368 5.45168399740154e-26
3548133892.33575296401978 14.21053 5.46953848926091e-26
3548133892.33575296401978 18.94737 5.49503725712608e-26
3548133892.33575296401978 23.68421 5.52895207204506e-26
3548133892.33575296401978 28.42105 5.57218652354095e-26
3548133892.33575296401978 33.15789 5.62619894691523e-26
3548133892.33575296401978 37.89474 5.69315825981641e-26
3548133892.33575296401978 42.63158 5.77547435422863e-26
3548133892.33575296401978 47.36842 5.87697970737249e-26
3548133892.33575296401978 52.10526 6.00352856983301e-26
3548133892.33575296401978 56.84211 6.16440096915320e-26
3548133892.33575296401978 61.57895 6.37362719850542e-26
3548133892.33575296401978 66.31579 6.65549307072497e-26
3548133892.33575296401978 71.05263 7.05305647637059e-26
3548133892.33575296401978 75.78947 7.64636196616832e-26
3548133892.33575296401978 80.52632 8.57491251620467e-26
3548133892.33575296401978 85.26316 9.84927777323331e-26
3548133892.33575296401978 90.00000 9.08586341583558e-26
4466835921.50962543487549 0.00000 2.81199143170791e-26
4466835921.50962543487549 4.73684 2.81372195245810e-26
4466835921.50962543487549 9.47368 2.81887541284663e-26
4466835921.50962543487549 14.21053 2.82763561876014e-26
4466835921.50962543487549 18.94737 2.84010689629986e-26
4466835921.50962543487549 23.68421 2.85663031016083e-26
4466835921.50962543487549 28.42105 2.87759087266186e-26
4466835921.50962543487549 33.15789 2.90361849043228e-26
4466835921.50962543487549 37.89474 2.93565964797433e-26
4466835921.50962543487549 42.63158 2.97471264686589e-26
4466835921.50962543487549 47.36842 3.02239256007514e-26
4466835921.50962543487549 52.10526 3.08117497209347e-26
4466835921.50962543487549 56.84211 3.15499615004542e-26
4466835921.50962543487549 61.57895 3.24972068186758e-26
4466835921.50962543487549 66.31579 3.37553162744119e-26
4466835921.50962543487549 71.05263 3.55041856841276e-26
4466835921.50962543487549 75.78947 3.80765884756480e-26
4466835921.50962543487549 80.52632 4.20448467172925e-26
4466835921.50962543487549 85.26316 4.73715682648441e-26
4466835921.50962543487549 90.00000 4.33933684393362e-26
5623413251.90347957611084 0.00000 1.45712973748613e-26
5623413251.90347957611084 4.73684 1.45800816272795e-26
5623413251.90347957611084 9.47368 1.46062123668929e-26
5623413251.90347957611084 14.21053 1.46505608598014e-26
5623413251.90347957611084 18.94737 1.47135170637672e-26
5623413251.90347957611084 23.68421 1.47966201585428e-26
5623413251.90347957611084 28.42105 1.49015445913625e-26
5623413251.90347957611084 33.15789 1.50310579452921e-26
5623413251.90347957611084 37.89474 1.51893616973604e-26
5623413251.90347957611084 42.63158 1.53806126297474e-26
5623413251.90347957611084 47.36842 1.56116654558635e-26
5623413251.90347957611084 52.10526 1.58930451220303e-26
5623413251.90347957611084 56.84211 1.62415180192046e-26
5623413251.90347957611084 61.57895 1.66815607271119e-26
5623413251.90347957611084 66.31579 1.72557832553105e-26
5623413251.90347957611084 71.05263 1.80390189337095e-26
5623413251.90347957611084 75.78947 1.91686687151384e-26
5623413251.90347957611084 80.52632 2.08766319472772e-26
5623413251.90347957611084 85.26316 2.31015550073765e-26
5623413251.90347957611084 90.00000 2.10174637728496e-26
7079457843.84135913848877 0.00000 7.54943661306946e-27
7079457843.84135913848877 4.73684 7.55402152431607e-27
7079457843.84135913848877 9.47368 7.56764954957116e-27
7079457843.84135913848877 14.21053 7.59074662440963e-27
7079457843.84135913848877 18.94737 7.62346142149571e-27
7079457843.84135913848877 23.68421 7.66650939232482e-27
7079457843.84135913848877 28.42105 7.72064359607130e-27
7079457843.84135913848877 33.15789 7.78711387957364e-27
7079457843.84135913848877 37.89474 7.86783222136363e-27
7079457843.84135913848877 42.63158 7.96455789589452e-27
7079457843.84135913848877 47.36842 8.08024498835039e-27
7079457843.84135913848877 52.10526 8.21942036665655e-27
7079457843.84135913848877 56.84211 8.38928880388681e-27
7079457843.84135913848877 61.57895 8.60007690390913e-27
7079457843.84135913848877 66.31579 8.86959842442158e-27
7079457843.84135913848877 71.05263 9.22882932356919e-27
7079457843.84135913848877 75.78947 9.73397985578663e-27
7079457843.84135913848877 80.52632 1.04773010646278e-26
7079457843.84135913848877 85.26316 1.14074895295820e-26
7079457843.84135913848877 90.00000 1.03127017413526e-26
8912509381.33744049072266 0.00000 3.90940547604568e-27
8912509381.33744049072266 4.73684 3.91184966654953e-27
8912509381.33744049072266 9.47368 3.91911251201579e-27
8912509381.33744049072266 14.21053 3.93140819437306e-27
8912509381.33744049072266 18.94737 3.94879851481424e-27
8912509381.33744049072266 23.68421 3.97162933319225e-27
8912509381.33744049072266 28.42105 4.00025553624701e-27
8912509381.33744049072266 33.15789 4.03526484771765e-27
8912509381.33744049072266 37.89474 4.07755730663146e-27
8912509381.33744049072266 42.63158 4.12790380968380e-27
8912509381.33744049072266 47.36842 4.18761376315852e-27
8912509381.33744049072266 52.10526 4.25867788061974e-27
8912509381.33744049072266 56.84211 4.34424607074901e-27
8912509381.33744049072266 61.57895 4.44862370489402e-27
8912509381.33744049072266 66.31579 4.57928168155694e-27
8912509381.33744049072266 71.05263 4.74899539659912e-27
8912509381.33744049072266 75.78947 4.98050741700924e-27
8912509381.33744049072266 80.52632 5.30955208546293e-27
8912509381.33744049072266 85.26316 5.70029737122000e-27
8912509381.33744049072266 90.00000 5.12438949218433e-27
11220184543.01963043212891 0.00000 2.02080867723746e-27
11220184543.01963043212891 4.73684 2.02212839471156e-27
11220184543.01963043212891 9.47368 2.02605108907884e-27
11220184543.01963043212891 14.21053 2.03268684011587e-27
11220184543.01963043212891 18.94737 2.04206584789543e-27
11220184543.01963043212891 23.68421 2.05436314561264e-27
11220184543.01963043212891 28.42105 2.06975527089466e-27
11220184543.01963043212891 33.15789 2.08853307104505e-27
11220184543.01963043212891 37.89474 2.11113800929956e-27
11220184543.01963043212891 42.63158 2.13792749989982e-27
11220184543.01963043212891 47.36842 2.16950761833743e-27
11220184543.01963043212891 52.10526 2.20678586573190e-27
11220184543.01963043212891 56.84211 2.25118014712522e-27
11220184543.01963043212891 61.57895 2.30453756172415e-27
11220184543.01963043212891 66.31579 2.37002589122275e-27
11220184543.01963043212891 71.05263 2.45291511322109e-27
11220184543.01963043212891 75.78947 2.56229258129081e-27
11220184543.01963043212891 80.52632 2.71144697822970e-27
11220184543.01963043212891 85.26316 2.87727501197440e-27
11220184543.01963043212891 90.00000 2.57371397920692e-27
14125375446.22752571105957 0.00000 1.04185941586592e-27
14125375446.22752571105957 4.73684 1.04257503749599e-27
14125375446.22752571105957 9.47368 1.04470393458274e-27
14125375446.22752571105957 14.21053 1.04830354704473e-27
14125375446.22752571105957 18.94737 1.05339149699863e-27
14125375446.22752571105957 23.68421 1.06006032671827e-27
14125375446.22752571105957 28.42105 1.06840264486736e-27
14125375446.22752571105957 33.15789 1.07857020908906e-27
14125375446.22752571105957 37.89474 1.09078903907541e-27
14125375446.22752571105957 42.63158 1.10523744449383e-27
14125375446.22752571105957 47.36842 1.12221216036014e-27
14125375446.22752571105957 52.10526 1.14214791059938e-27
14125375446.22752571105957 56.84211 1.16571052497935e-27
14125375446.22752571105957 61.57895 1.19372125958667e-27
14125375446.22752571105957 66.31579 1.22755592971738e-27
14125375446.22752571105957 71.05263 1.26940803851833e-27
14125375446.22752571105957 75.78947 1.32286748456875e-27
14125375446.22752571105957 80.52632 1.39256527307285e-27
14125375446.22752571105957 85.26316 1.46428319962151e-27
14125375446.22752571105957 90.00000 1.30443299761159e-27
17782794100.38919067382812 0.00000 5.35783639214526e-28
17782794100.38919067382812 4.73684 5.36170549430024e-28
17782794100.38919067382812 9.47368 5.37323091953054e-28
17782794100.38919067382812 14.21053 5.39271453075018e-28
17782794100.38919067382812 18.94737 5.42027067775895e-28
17782794100.38919067382812 23.68421 5.45640631161318e-28
17782794100.38919067382812 28.42105 5.50162764335864e-28
17782794100.38919067382812 33.15789 5.55676318523316e-28
17782794100.38919067382812 37.89474 5.62301520578784e-28
17782794100.38919067382812 42.63158 5.70134075727091e-28
17782794100.38919067382812 47.36842 5.79328163663410e-28
17782794100.38919067382812 52.10526 5.90104240903967e-28
17782794100.38919067382812 56.84211 6.02791761789445e-28
17782794100.38919067382812 61.57895 6.17776247301899e-28
17782794100.38919067382812 66.31579 6.35680522652355e-28
17782794100.38919067382812 71.05263 6.57440243902161e-28
17782794100.38919067382812 75.78947 6.84466405881945e-28
17782794100.38919067382812 80.52632 7.18196829975137e-28
17782794100.38919067382812 85.26316 7.50141149797762e-28
17782794100.38919067382812 90.00000 6.66125266411433e-28
22387211385.68337631225586 0.00000 2.74691148069194e-28
22387211385.68337631225586 4.73684 2.74898789412580e-28
22387211385.68337631225586 9.47368 2.75518336428865e-28
22387211385.68337631225586 14.21053 2.76565695494884e-28
22387211385.68337631225586 18.94737 2.78048513397371e-28
22387211385.68337631225586 23.68421 2.79995180485560e-28
22387211385.68337631225586 28.42105 2.82434114665542e-28
22387211385.68337631225586 33.15789 2.85411955687238e-28
22387211385.68337631225586 37.89474 2.88994519320387e-28
22387211385.68337631225586 42.63158 2.93236193082701e-28
22387211385.68337631225586 47.36842 2.98221363467321e-28
22387211385.68337631225586 52.10526 3.04068106726842e-28
22387211385.68337631225586 56.84211 3.10948621467150e-28
22387211385.68337631225586 61.57895 3.19056765094468e-28
22387211385.68337631225586 66.31579 3.28692060760662e-28
22387211385.68337631225586 71.05263 3.40273746908967e-28
22387211385.68337631225586 75.78947 3.54365107272842e-28
22387211385.68337631225586 80.52632 3.71314455731298e-28
22387211385.68337631225586 85.26316 3.86168332232124e-28
22387211385.68337631225586 90.00000 3.42184309082483e-28
28183829312.64454650878906 0.00000 1.40614312868719e-28
28183829312.64454650878906 4.73684 1.40724453156456e-28
28183829312.64454650878906 9.47368 1.41053711420878e-28
28183829312.64454650878906 14.21053 1.41610432068288e-28
28183829312.64454650878906 18.94737 1.42399628977877e-28
28183829312.64454650878906 23.68421 1.43437350001296e-28
28183829312.64454650878906 28.42105 1.44739681739546e-28
28183829312.64454650878906 33.15789 1.46333253123399e-28
28183829312.64454650878906 37.89474 1.48254676421652e-28
28183829312.64454650878906 42.63158 1.50535794092301e-28
28183829312.64454650878906 47.36842 1.53224368554187e-28
28183829312.64454650878906 52.10526 1.56386242622820e-28
28183829312.64454650878906 56.84211 1.60115607762397e-28
28183829312.64454650878906 61.57895 1.64516579935108e-28
28183829312.64454650878906 66.31579 1.69743297752511e-28
28183829312.64454650878906 71.05263 1.75997371642900e-28
28183829312.64454650878906 75.78947 1.83514850441839e-28
28183829312.64454650878906 80.52632 1.92318898723995e-28
28183829312.64454650878906 85.26316 1.99566149849475e-28
28183829312.64454650878906 90.00000 1.76565734286695e-28
35481338923.35752868652344 0.00000 7.17746446702790e-29
35481338923.35752868652344 4.73684 7.18322045380684e-29
35481338923.35752868652344 9.47368 7.20046367820317e-29
35481338923.35752868652344 14.21053 7.22962798146508e-29
35481338923.35752868652344 18.94737 7.27103027414643e-29
35481338923.35752868652344 23.68421 7.32557544136833e-29
35481338923.35752868652344 28.42105 7.39417002381252e-29
35481338923.35752868652344 33.15789 7.47833415789150e-29
35481338923.35752868652344 37.89474 7.58011267990257e-29
35481338923.35752868652344 42.63158 7.70138294395187e-29
35481338923.35752868652344 47.36842 7.84488859212354e-29
35481338923.35752868652344 52.10526 8.01438448704838e-29
35481338923.35752868652344 56.84211 8.21517902510884e-29
35481338923.35752868652344 61.57895 8.45315160751605e-29
35481338923.35752868652344 66.31579 8.73673747447659e-29
35481338923.35752868652344 71.05263 9.07645785778798e-29
35481338923.35752868652344 75.78947 9.48321248780202e-29
35481338923.35752868652344 80.52632 9.95257915729579e-29
35481338923.35752868652344 85.26316 1.03240732133966e-28
35481338923.35752868652344 90.00000 9.12640171208986e-29
44668359215.09626007080078 0.00000 3.66049274958680e-29
44668359215.09626007080078 4.73684 3.66345148466202e-29
44668359215.09626007080078 9.47368 3.67233466192511e-29
44668359215.09626007080078 14.21053 3.68736500401873e-29
44668359215.09626007080078 18.94737 3.70873459648557e-29
44668359215.09626007080078 23.68421 3.73694820739750e-29
44668359215.09626007080078 28.42105 3.77250970720628e-29
44668359215.09626007080078 33.15789 3.81627784096456e-29
44668359215.09626007080078 37.89474 3.86938812298725e-29
44668359215.09626007080078 42.63158 3.93293681037969e-29
44668359215.09626007080078 47.36842 4.00849801415234e-29
44668359215.09626007080078 52.10526 4.09822439364897e-29
44668359215.09626007080078 56.84211 4.20514523769311e-29
44668359215.09626007080078 61.57895 4.33267042607121e-29
44668359215.09626007080078 66.31579 4.48561199250274e-29
44668359215.09626007080078 71.05263 4.66985525093316e-29
44668359215.09626007080078 75.78947 4.89110014861055e-29
44668359215.09626007080078 80.52632 5.14542221186589e-29
44668359215.09626007080078 85.26316 5.34372647874392e-29
44668359215.09626007080078 90.00000 4.72267667221021e-29
56234132519.03479766845703 0.00000 1.86427287046957e-29
56234132519.03479766845703 4.73684 1.86576633901444e-29
56234132519.03479766845703 9.47368 1.87026069231412e-29
56234132519.03479766845703 14.21053 1.87786842618334e-29
56234132519.03479766845703 18.94737 1.88870112278653e-29
56234132519.03479766845703 23.68421 1.90303575205661e-29
56234132519.03479766845703 28.42105 1.92114676376496e-29
56234132519.03479766845703 33.15789 1.94351089582795e-29
56234132519.03479766845703 37.89474 1.97075054060621e-29
56234132519.03479766845703 42.63158 2.00349326377842e-29
56234132519.03479766845703 47.36842 2.04263089539465e-29
56234132519.03479766845703 52.10526 2.08938811403726e-29
56234132519.03479766845703 56.84211 2.14549042179301e-29
56234132519.03479766845703 61.57895 2.21292704874172e-29
56234132519.03479766845703 66.31579 2.29449623053870e-29
56234132519.03479766845703 71.05263 2.39363731509901e-29
56234132519.03479766845703 75.78947 2.51367562543637e-29
56234132519.03479766845703 80.52632 2.65239361121044e-29
56234132519.03479766845703 85.26316 2.76123080652899e-29
56234132519.03479766845703 90.00000 2.44109279784008e-29
70794578438.41374206542969 0.00000 9.50449096962006e-30
70794578438.41374206542969 4.73684 9.51189305495702e-30
70794578438.41374206542969 9.47368 9.53422200153123e-30
70794578438.41374206542969 14.21053 9.57203604361719e-30
70794578438.41374206542969 18.94737 9.62595837553895e-30
70794578438.41374206542969 23.68421 9.69747952538005e-30
70794578438.41374206542969 28.42105 9.78806082623554e-30
70794578438.41374206542969 33.15789 9.90029445173470e-30
70794578438.41374206542969 37.89474 1.00375338917723e-29
70794578438.41374206542969 42.63158 1.02032857922420e-29
70794578438.41374206542969 47.36842 1.04025095234544e-29
70794578438.41374206542969 52.10526 1.06420658100566e-29
70794578438.41374206542969 56.84211 1.09316722466216e-29
70794578438.41374206542969 61.57895 1.12828375026942e-29
70794578438.41374206542969 66.31579 1.17118520495215e-29
70794578438.41374206542969 71.05263 1.22391615737552e-29
70794578438.41374206542969 75.78947 1.28854077355659e-29
70794578438.41374206542969 80.52632 1.36414075584492e-29
70794578438.41374206542969 85.26316 1.42476893003599e-29
70794578438.41374206542969 90.00000 1.26084284098519e-29
89125093813.37458801269531 0.00000 4.85430098764294e-30
89125093813.37458801269531 4.73684 4.85790642244213e-30
89125093813.37458801269531 9.47368 4.86881065298680e-30
89125093813.37458801269531 14.21053 4.88728475885858e-30
89125093813.37458801269531 18.94737 4.91366379405432e-30
89125093813.37458801269531 23.68421 4.94873485598869e-30
89125093813.37458801269531 28.42105 4.99325640182256e-30
89125093813.37458801269531 33.15789 5.04860788956778e-30
89125093813.37458801269531 37.89474 5.11656215187227e-30
89125093813.37458801269531 42.63158 5.19902648327788e-30
89125093813.37458801269531 47.36842 5.29869688127113e-30
89125093813.37458801269531 52.10526 5.41933922528010e-30
89125093813.37458801269531 56.84211 5.56633080516231e-30
89125093813.37458801269531 61.57895 5.74620823360059e-30
89125093813.37458801269531 66.31579 5.96833591263413e-30
89125093813.37458801269531 71.05263 6.24480060863280e-30
89125093813.37458801269531 75.78947 6.58855980278953e-30
89125093813.37458801269531 80.52632 6.99738520569711e-30
89125093813.37458801269531 85.26316 7.33495943773812e-30
89125093813.37458801269531 90.00000 6.49644516600276e-30
