89.12509381337455 0.00000 1.39085631676282e-06
89.12509381337455 4.73684 1.36868253160191e-06
89.12509381337455 9.47368 1.32093780780456e-06
89.12509381337455 14.21053 1.23943811092412e-06
89.12509381337455 18.94737 1.12350599316092e-06
89.12509381337455 23.68421 9.94475356303253e-07
89.12509381337455 28.42105 8.48914778115969e-07
89.12509381337455 33.15789 7.03449730307459e-07
89.12509381337455 37.89474 5.66077424988193e-07
89.12509381337455 42.63158 4.36310178648895e-07
89.12509381337455 47.36842 3.18295793589044e-07
89.12509381337455 52.10526 2.18049945060289e-07
89.12509381337455 56.84211 1.39394536168306e-07
89.12509381337455 61.57895 8.11451754753921e-08
89.12509381337455 66.31579 4.20772217760400e-08
89.12509381337455 71.05263 1.87245887384176e-08
89.12509381337455 75.78947 6.68445295084554e-09
89.12509381337455 80.52632 1.70076648044643e-09
89.12509381337455 85.26316 2.35158089238295e-10
89.12509381337455 90.00000 9.26766268290272e-12
112.20184543019636 0.00000 1.52678725200598e-06
112.20184543019636 4.73684 1.50308693147489e-06
112.20184543019636 9.47368 1.45195608580741e-06
112.20184543019636 14.21053 1.36451523524895e-06
112.20184543019636 18.94737 1.23973999431736e-06
112.20184543019636 23.68421 1.10023960547710e-06
112.20184543019636 28.42105 9.41985978155553e-07
112.20184543019636 33.15789 7.82882380527810e-07
112.20184543019636 37.89474 6.31793779650140e-07
112.20184543019636 42.63158 4.88244138509295e-07
112.20184543019636 47.36842 3.56961476364310e-07
112.20184543019636 52.10526 2.44970821361838e-07
112.20184543019636 56.84211 1.56886165128306e-07
112.20184543019636 61.57895 9.14898465950621e-08
112.20184543019636 66.31579 4.75270213397097e-08
112.20184543019636 71.05263 2.11845442011908e-08
112.20184543019636 75.78947 7.57281648560012e-09
112.20184543019636 80.52632 1.92880096483485e-09
112.20184543019636 85.26316 2.66798592545816e-10
112.20184543019636 90.00000 1.05092979570804e-11
141.25375446227540 0.00000 1.66531834004773e-06
141.25375446227540 4.73684 1.64016868748933e-06
141.25375446227540 9.47368 1.58587750463931e-06
141.25375446227540 14.21053 1.49281797546761e-06
141.25375446227540 18.94737 1.35952318173476e-06
141.25375446227540 23.68421 1.20982971573362e-06
141.25375446227540 28.42105 1.03898557912704e-06
141.25375446227540 33.15789 8.66170630641337e-07
141.25375446227540 37.89474 7.01148866195623e-07
141.25375446227540 42.63158 5.43409172912497e-07
141.25375446227540 47.36842 3.98284264660309e-07
141.25375446227540 52.10526 2.73918941052443e-07
141.25375446227540 56.84211 1.75831665276661e-07
141.25375446227540 61.57895 1.02781787059896e-07
141.25375446227540 66.31579 5.35234851289603e-08
141.25375446227540 71.05263 2.39110660028038e-08
141.25375446227540 75.78947 8.56361679846009e-09
141.25375446227540 80.52632 2.18435436306950e-09
141.25375446227540 85.26316 3.02340924896368e-10
141.25375446227540 90.00000 1.19022783577083e-11
177.82794100389219 0.00000 1.79705069370968e-06
177.82794100389219 4.73684 1.77065176152980e-06
177.82794100389219 9.47368 1.71372143638071e-06
177.82794100389219 14.21053 1.61586711160537e-06
177.82794100389219 18.94737 1.47508754292299e-06
177.82794100389219 23.68421 1.31631106412888e-06
177.82794100389219 28.42105 1.13394540633721e-06
177.82794100389219 33.15789 9.48357143979780e-07
177.82794100389219 37.89474 7.70180108876136e-07
177.82794100389219 42.63158 5.98799353227698e-07
177.82794100389219 47.36842 4.40131301168631e-07
177.82794100389219 52.10526 3.03495064585600e-07
177.82794100389219 56.84211 1.95390567465933e-07
177.82794100389219 61.57895 1.14569920677440e-07
177.82794100389219 66.31579 5.98546203087009e-08
177.82794100389219 71.05263 2.68195476755386e-08
177.82794100389219 75.78947 9.62998984762734e-09
177.82794100389219 80.52632 2.46128530323923e-09
177.82794100389219 85.26316 3.40992777402760e-10
177.82794100389219 90.00000 1.34151124615945e-11
223.87211385683389 0.00000 1.91844275112896e-06
223.87211385683389 4.73684 1.89105976145410e-06
223.87211385683389 9.47368 1.83214379523559e-06
223.87211385683389 14.21053 1.73054961442772e-06
223.87211385683389 18.94737 1.58365658893935e-06
223.87211385683389 23.68421 1.41728182932109e-06
223.87211385683389 28.42105 1.22489217594963e-06
223.87211385683389 33.15789 1.02789620266410e-06
223.87211385683389 37.89474 8.37740904379381e-07
223.87211385683389 42.63158 6.53636183979281e-07
223.87211385683389 47.36842 4.82041013839645e-07
223.87211385683389 52.10526 3.33478746973582e-07
223.87211385683389 56.84211 2.15497812834699e-07
223.87211385683389 61.57895 1.26869043085962e-07
223.87211385683389 66.31579 6.65584874207684e-08
223.87211385683389 71.05263 2.99408248778582e-08
223.87211385683389 75.78947 1.07879309347449e-08
223.87211385683389 80.52632 2.76472633527789e-09
223.87211385683389 85.26316 3.83557695875144e-10
223.87211385683389 90.00000 1.50795544367313e-11
281.83829312644536 0.00000 2.02455612411852e-06
281.83829312644536 4.73684 1.99651122822674e-06
281.83829312644536 9.47368 1.93638557261307e-06
281.83829312644536 14.21053 1.83232787637938e-06
281.83829312644536 18.94737 1.68103384552590e-06
281.83829312644536 23.68421 1.50895889377414e-06
281.83829312644536 28.42105 1.30855937925863e-06
281.83829312644536 33.15789 1.10208578347854e-06
281.83829312644536 37.89474 9.01699328647707e-07
281.83829312644536 42.63158 7.06355461262281e-07
281.83829312644536 47.36842 5.22977864345307e-07
281.83829312644536 52.10526 3.63269183315652e-07
281.83829312644536 56.84211 2.35858902096453e-07
281.83829312644536 61.57895 1.39572100590674e-07
281.83829312644536 66.31579 7.36178284216295e-08
281.83829312644536 71.05263 3.32854609466326e-08
281.83829312644536 75.78947 1.20480954702372e-08
281.83829312644536 80.52632 3.09890058603473e-09
281.83829312644536 85.26316 4.30762684412921e-10
281.83829312644536 90.00000 1.69249826307043e-11
354.81338923357532 0.00000 2.10800477085984e-06
354.81338923357532 4.73684 2.07967106028969e-06
354.81338923357532 9.47368 2.01923201743393e-06
354.81338923357532 14.21053 1.91421503140396e-06
354.81338923357532 18.94737 1.76060910108448e-06
354.81338923357532 23.68421 1.58523193110642e-06
354.81338923357532 28.42105 1.37951434301591e-06
354.81338923357532 33.15789 1.16628838045851e-06
354.81338923357532 37.89474 9.58265832197841e-07
354.81338923357532 42.63158 7.54055153931520e-07
354.81338923357532 47.36842 5.60907578292000e-07
354.81338923357532 52.10526 3.91581121478442e-07
354.81338923357532 56.84211 2.55747212434854e-07
354.81338923357532 61.57895 1.52328232065492e-07
354.81338923357532 66.31579 8.08956482160911e-08
354.81338923357532 71.05263 3.68152748476464e-08
354.81338923357532 75.78947 1.34060207862732e-08
354.81338923357532 80.52632 3.46476386512295e-09
354.81338923357532 85.26316 4.82952806259175e-10
354.81338923357532 90.00000 1.89668824486150e-11
446.68359215096280 0.00000 2.15537249311683e-06
446.68359215096280 4.73684 2.12726543786068e-06
446.68359215096280 9.47368 2.06769511450583e-06
446.68359215096280 14.21053 1.96374912621404e-06
446.68359215096280 18.94737 1.81075300077785e-06
446.68359215096280 23.68421 1.63547269196738e-06
446.68359215096280 28.42105 1.42840282083617e-06
446.68359215096280 33.15789 1.21255080719896e-06
446.68359215096280 37.89474 1.00091113398611e-06
446.68359215096280 42.63158 7.91664423763214e-07
446.68359215096280 47.36842 5.92176559427722e-07
446.68359215096280 52.10526 4.15995134381656e-07
446.68359215096280 56.84211 2.73690992054959e-07
446.68359215096280 61.57895 1.64343001133114e-07
446.68359215096280 66.31579 8.80227359891270e-08
446.68359215096280 71.05263 4.03903506923220e-08
446.68359215096280 75.78947 1.48226559074494e-08
446.68359215096280 80.52632 3.85501711073637e-09
446.68359215096280 85.26316 5.39414167698420e-10
446.68359215096280 90.00000 2.11809757746127e-11
562.34132519034881 0.00000 2.15986115912465e-06
562.34132519034881 4.73684 2.13254319662815e-06
562.34132519034881 9.47368 2.07508667712697e-06
562.34132519034881 14.21053 1.97439145767303e-06
562.34132519034881 18.94737 1.82523123394209e-06
562.34132519034881 23.68421 1.65384248312327e-06
562.34132519034881 28.42105 1.44997277788029e-06
562.34132519034881 33.15789 1.23631810291182e-06
562.34132519034881 37.89474 1.02582153194463e-06
562.34132519034881 42.63158 8.16179952776801e-07
562.34132519034881 47.36842 6.14612678904555e-07
562.34132519034881 52.10526 4.35081749125714e-07
562.34132519034881 56.84211 2.88832520723968e-07
562.34132519034881 61.57895 1.75171513236469e-07
562.34132519034881 66.31579 9.48115583780790e-08
562.34132519034881 71.05263 4.39554624867185e-08
562.34132519034881 75.78947 1.62920895561007e-08
562.34132519034881 80.52632 4.27169822124029e-09
562.34132519034881 85.26316 6.00853469746673e-10
562.34132519034881 90.00000 2.36014706359941e-11
707.94578438413771 0.00000 2.11069765513784e-06
707.94578438413771 4.73684 2.08485262184459e-06
707.94578438413771 9.47368 2.03094683221754e-06
707.94578438413771 14.21053 1.93605927387615e-06
707.94578438413771 18.94737 1.79460335077267e-06
707.94578438413771 23.68421 1.63164324400456e-06
707.94578438413771 28.42105 1.43649854614377e-06
707.94578438413771 33.15789 1.23092139783336e-06
707.94578438413771 37.89474 1.02738516686140e-06
707.94578438413771 42.63158 8.23102073845315e-07
707.94578438413771 47.36842 6.24841523120256e-07
707.94578438413771 52.10526 4.46489206858594e-07
707.94578438413771 56.84211 2.99648751987065e-07
707.94578438413771 61.57895 1.83937070804853e-07
707.94578438413771 66.31579 1.00832081183743e-07
707.94578438413771 71.05263 4.73443033334159e-08
707.94578438413771 75.78947 1.77698230302704e-08
707.94578438413771 80.52632 4.70773431494517e-09
707.94578438413771 85.26316 6.66862840838374e-10
707.94578438413771 90.00000 2.62226447181756e-11
891.25093813374542 0.00000 2.00241282732370e-06
891.25093813374542 4.73684 1.97876629895870e-06
891.25093813374542 9.47368 1.92986577620703e-06
891.25093813374542 14.21053 1.84341622383623e-06
891.25093813374542 18.94737 1.71373045292258e-06
891.25093813374542 23.68421 1.56396199308547e-06
891.25093813374542 28.42105 1.38342850818894e-06
891.25093813374542 33.15789 1.19222792931323e-06
891.25093813374542 37.89474 1.00190671123184e-06
891.25093813374542 42.63158 8.09258065910960e-07
891.25093813374542 47.36842 6.20295507115054e-07
891.25093813374542 52.10526 4.48273910737213e-07
891.25093813374542 56.84211 3.04771455083598e-07
891.25093813374542 61.57895 1.89788847056998e-07
891.25093813374542 66.31579 1.05638510432446e-07
891.25093813374542 71.05263 5.03764396671483e-08
891.25093813374542 75.78947 1.92061998463710e-08
891.25093813374542 80.52632 5.15545209026103e-09
891.25093813374542 85.26316 7.37134733172161e-10
891.25093813374542 90.00000 2.90481353370792e-11
1122.01845430196295 0.00000 1.83470637370175e-06
1122.01845430196295 4.73684 1.81394893112472e-06
1122.01845430196295 9.47368 1.77137165375198e-06
1122.01845430196295 14.21053 1.69578421467998e-06
1122.01845430196295 18.94737 1.58169864990099e-06
1122.01845430196295 23.68421 1.44960205426517e-06
1122.01845430196295 28.42105 1.28929955315022e-06
1122.01845430196295 33.15789 1.11852852193094e-06
1122.01845430196295 37.89474 9.47470480326800e-07
1122.01845430196295 42.63158 7.72637690435930e-07
1122.01845430196295 47.36842 5.99027802275743e-07
1122.01845430196295 52.10526 4.38714187618817e-07
1122.01845430196295 56.84211 3.02824168514752e-07
1122.01845430196295 61.57895 1.91773976548958e-07
1122.01845430196295 66.31579 1.08681963559421e-07
1122.01845430196295 71.05263 5.28082103321534e-08
1122.01845430196295 75.78947 2.05247987839425e-08
1122.01845430196295 80.52632 5.60054336617152e-09
1122.01845430196295 85.26316 8.10628230911645e-10
1122.01845430196295 90.00000 3.20599899431548e-11
1412.53754462275333 0.00000 1.61786462880847e-06
1412.53754462275333 4.73684 1.60050198859321e-06
1412.53754462275333 9.47368 1.56514222680432e-06
1412.53754462275333 14.21053 1.50211187775694e-06
1412.53754462275333 18.94737 1.40640593337285e-06
1412.53754462275333 23.68421 1.29524056613872e-06
1412.53754462275333 28.42105 1.15937092909729e-06
1412.53754462275333 33.15789 1.01363051546877e-06
1412.53754462275333 37.89474 8.66515649523996e-07
1412.53754462275333 42.63158 7.14452056807094e-07
1412.53754462275333 47.36842 5.61271075739085e-07
1412.53754462275333 52.10526 4.17420775183240e-07
1412.53754462275333 56.84211 2.93161263852761e-07
1412.53754462275333 61.57895 1.89277953706886e-07
1412.53754462275333 66.31579 1.09538594982026e-07
1412.53754462275333 71.05263 5.44304819360229e-08
1412.53754462275333 75.78947 2.16544552447799e-08
1412.53754462275333 80.52632 6.02999938723058e-09
1412.53754462275333 85.26316 8.86700806419748e-10
1412.53754462275333 90.00000 3.52655582712677e-11
1778.27941003892192 0.00000 1.36747426192441e-06
1778.27941003892192 4.73684 1.35373751156662e-06
1778.27941003892192 9.47368 1.32592081782268e-06
1778.27941003892192 14.21053 1.27613640971477e-06
1778.27941003892192 18.94737 1.20008237597979e-06
1778.27941003892192 23.68421 1.11137861555047e-06
1778.27941003892192 28.42105 1.00209351770880e-06
1778.27941003892192 33.15789 8.83889342610204e-07
1778.27941003892192 37.89474 7.63435977216152e-07
1778.27941003892192 42.63158 6.37295199422177e-07
1778.27941003892192 47.36842 5.08120744397592e-07
1778.27941003892192 52.10526 3.84452068947116e-07
1778.27941003892192 56.84211 2.75297641170104e-07
1778.27941003892192 61.57895 1.81671241776521e-07
1778.27941003892192 66.31579 1.07701538502729e-07
1778.27941003892192 71.05263 5.49550652727838e-08
1778.27941003892192 75.78947 2.24779598973432e-08
1778.27941003892192 80.52632 6.41696806506801e-09
1778.27941003892192 85.26316 9.62858190794751e-10
1778.27941003892192 90.00000 3.86107221977851e-11
2238.72113856833766 0.00000 1.10741734428498e-06
2238.72113856833766 4.73684 1.09715381752777e-06
2238.72113856833766 9.47368 1.07645894389904e-06
2238.72113856833766 14.21053 1.03927002460672e-06
2238.72113856833766 18.94737 9.82097952790592e-07
2238.72113856833766 23.68421 9.15071653406715e-07
2238.72113856833766 28.42105 8.31754425151727e-07
2238.72113856833766 33.15789 7.40757662621111e-07
2238.72113856833766 37.89474 6.47006460588750e-07
2238.72113856833766 42.63158 5.47391927130175e-07
2238.72113856833766 47.36842 4.43518943782897e-07
2238.72113856833766 52.10526 3.41943751220071e-07
2238.72113856833766 56.84211 2.50135623408852e-07
2238.72113856833766 61.57895 1.69132840898569e-07
2238.72113856833766 66.31579 1.03057328237910e-07
2238.72113856833766 71.05263 5.42358515646941e-08
2238.72113856833766 75.78947 2.29111848534567e-08
2238.72113856833766 80.52632 6.74084557808459e-09
2238.72113856833766 85.26316 1.03754316036051e-09
2238.72113856833766 90.00000 4.20924899731824e-11
2818.38293126445205 0.00000 8.57859620018442e-07
2818.38293126445205 4.73684 8.50620595573740e-07
2818.38293126445205 9.47368 8.36078088797586e-07
2818.38293126445205 14.21053 8.09835841378244e-07
2818.38293126445205 18.94737 7.69222986756933e-07
2818.38293126445205 23.68421 7.21334803009843e-07
2818.38293126445205 28.42105 6.61236377726077e-07
2818.38293126445205 33.15789 5.94907043872825e-07
2818.38293126445205 37.89474 5.25765562008376e-07
2818.38293126445205 42.63158 4.51161868642087e-07
2818.38293126445205 47.36842 3.71866201904992e-07
2818.38293126445205 52.10526 2.92556646257243e-07
2818.38293126445205 56.84211 2.19017257546274e-07
2818.38293126445205 61.57895 1.52119172309489e-07
2818.38293126445205 66.31579 9.56037288351505e-08
2818.38293126445205 71.05263 5.21221870529688e-08
2818.38293126445205 75.78947 2.28405797774220e-08
2818.38293126445205 80.52632 6.96766786288965e-09
2818.38293126445205 85.26316 1.10698877243618e-09
2818.38293126445205 90.00000 4.56342739790368e-11
3548.13389233575344 0.00000 6.35290520588551e-07
3548.13389233575344 4.73684 6.30466881195310e-07
3548.13389233575344 9.47368 6.20820790773740e-07
3548.13389233575344 14.21053 6.03338930003419e-07
3548.13389233575344 18.94737 5.76092240356377e-07
3548.13389233575344 23.68421 5.43784002371676e-07
3548.13389233575344 28.42105 5.02842795383917e-07
3548.13389233575344 33.15789 4.57179139950474e-07
3548.13389233575344 37.89474 4.09016011301838e-07
3548.13389233575344 42.63158 3.56215252366299e-07
3548.13389233575344 47.36842 2.98961046807008e-07
3548.13389233575344 52.10526 2.40318743744328e-07
3548.13389233575344 56.84211 1.84440187305262e-07
3548.13389233575344 61.57895 1.31914800086717e-07
3548.13389233575344 66.31579 8.58038624605114e-08
3548.13389233575344 71.05263 4.86446231055687e-08
3548.13389233575344 75.78947 2.22021745119792e-08
3548.13389233575344 80.52632 7.06986387293549e-09
3548.13389233575344 85.26316 1.16777064670126e-09
3548.13389233575344 90.00000 4.91862067278320e-11
4466.83592150962795 0.00000 4.48820833030487e-07
4466.83592150962795 4.73684 4.45809986983169e-07
4466.83592150962795 9.47368 4.39825593456049e-07
4466.83592150962795 14.21053 4.28927564992881e-07
4466.83592150962795 18.94737 4.11805280174745e-07
4466.83592150962795 23.68421 3.91385112771484e-07
4466.83592150962795 28.42105 3.65236655729659e-07
4466.83592150962795 33.15789 3.35744210346458e-07
4466.83592150962795 37.89474 3.04245070728896e-07
4466.83592150962795 42.63158 2.69115064908790e-07
4466.83592150962795 47.36842 2.30196943867120e-07
4466.83592150962795 52.10526 1.89310348762104e-07
4466.83592150962795 56.84211 1.49195969961417e-07
4466.83592150962795 61.57895 1.10129169009452e-07
4466.83592150962795 66.31579 7.43309037525509e-08
4466.83592150962795 71.05263 4.39247802744363e-08
4466.83592150962795 75.78947 2.09602756480316e-08
4466.83592150962795 80.52632 7.01771816967507e-09
4466.83592150962795 85.26316 1.21500972074660e-09
4466.83592150962795 90.00000 5.26461387539280e-11
5623.41325190348834 0.00000 3.03756482072742e-07
5623.41325190348834 4.73684 3.01999169958660e-07
5623.41325190348834 9.47368 2.98531759579210e-07
5623.41325190348834 14.21053 2.92182424111597e-07
5623.41325190348834 18.94737 2.82114420257683e-07
5623.41325190348834 23.68421 2.70031024010463e-07
5623.41325190348834 28.42105 2.54379113026221e-07
5623.41325190348834 33.15789 2.36509295392695e-07
5623.41325190348834 37.89474 2.17161883611806e-07
5623.41325190348834 42.63158 1.95182787310947e-07
5623.41325190348834 47.36842 1.70272599442093e-07
5623.41325190348834 52.10526 1.43383136075590e-07
5623.41325190348834 56.84211 1.16149619478940e-07
5623.41325190348834 61.57895 8.85701376320228e-08
5623.41325190348834 66.31579 6.20655462747579e-08
5623.41325190348834 71.05263 3.82563445685640e-08
5623.41325190348834 75.78947 1.91635071023580e-08
5623.41325190348834 80.52632 6.79539892681479e-09
5623.41325190348834 85.26316 1.24442160268026e-09
5623.41325190348834 90.00000 5.59332573539720e-11
7079.45784384137369 0.00000 1.98865165868992e-07
7079.45784384137369 4.73684 1.97903948483139e-07
7079.45784384137369 9.47368 1.96019755425514e-07
7079.45784384137369 14.21053 1.92549045876151e-07
7079.45784384137369 18.94737 1.86990815277191e-07
7079.45784384137369 23.68421 1.80269191123403e-07
7079.45784384137369 28.42105 1.71450697018754e-07
7079.45784384137369 33.15789 1.61241125179016e-07
7079.45784384137369 37.89474 1.50012047957929e-07
7079.45784384137369 42.63158 1.36990472886895e-07
7079.45784384137369 47.36842 1.21854581349974e-07
7079.45784384137369 52.10526 1.05015222898799e-07
7079.45784384137369 56.84211 8.73516769037719e-08
7079.45784384137369 61.57895 6.87034103538757e-08
7079.45784384137369 66.31579 4.99019899073338e-08
7079.45784384137369 71.05263 3.20944609601122e-08
7079.45784384137369 75.78947 1.69569887506904e-08
7079.45784384137369 80.52632 6.41040898589933e-09
7079.45784384137369 85.26316 1.25398459496363e-09
7079.45784384137369 90.00000 5.90555824698865e-11
8912.50938133744421 0.00000 1.27551275594886e-07
8912.50938133744421 4.73684 1.27042534131275e-07
8912.50938133744421 9.47368 1.26051720019937e-07
8912.50938133744421 14.21053 1.24215161289421e-07
8912.50938133744421 18.94737 1.21243048498354e-07
8912.50938133744421 23.68421 1.17619309250687e-07
8912.50938133744421 28.42105 1.12800776326442e-07
8912.50938133744421 33.15789 1.07140692271429e-07
8912.50938133744421 37.89474 1.00815797820213e-07
8912.50938133744421 42.63158 9.33306824002989e-08
8912.50938133744421 47.36842 8.44152349905510e-08
8912.50938133744421 52.10526 7.42139513599834e-08
8912.50938133744421 56.84211 6.31764105930341e-08
8912.50938133744421 61.57895 5.11012648916411e-08
8912.50938133744421 66.31579 3.84261519515206e-08
8912.50938133744421 71.05263 2.58394293878194e-08
8912.50938133744421 75.78947 1.44654005198618e-08
8912.50938133744421 80.52632 5.86075224795472e-09
8912.50938133744421 85.26316 1.23764488069819e-09
8912.50938133744421 90.00000 6.18013661290293e-11
11220.18454301962265 0.00000 7.94276657572713e-08
11220.18454301962265 4.73684 7.91621993814551e-08
11220.18454301962265 9.47368 7.86510597888616e-08
11220.18454301962265 14.21053 7.76976961291358e-08
11220.18454301962265 18.94737 7.61390966246740e-08
11220.18454301962265 23.68421 7.42294868500079e-08
11220.18454301962265 28.42105 7.16624570726098e-08
11220.18454301962265 33.15789 6.86164105462805e-08
11220.18454301962265 37.89474 6.51768124272852e-08
11220.18454301962265 42.63158 6.10435258200959e-08
11220.18454301962265 47.36842 5.60270422913160e-08
11220.18454301962265 52.10526 5.01621962918300e-08
11220.18454301962265 56.84211 4.36604706442699e-08
11220.18454301962265 61.57895 3.63266759144393e-08
11220.18454301962265 66.31579 2.83257650342325e-08
11220.18454301962265 71.05263 1.99629056998072e-08
11220.18454301962265 75.78947 1.18613320166007e-08
11220.18454301962265 80.52632 5.17031127763098e-09
11220.18454301962265 85.26316 1.19126212680479e-09
11220.18454301962265 90.00000 6.39433497738804e-11
14125.37544622752648 0.00000 4.74040549159494e-08
14125.37544622752648 4.73684 4.72764475061346e-08
14125.37544622752648 9.47368 4.70365622972925e-08
14125.37544622752648 14.21053 4.65847641921817e-08
14125.37544622752648 18.94737 4.58345090950467e-08
14125.37544622752648 23.68421 4.49119078604427e-08
14125.37544622752648 28.42105 4.36548425316651e-08
14125.37544622752648 33.15789 4.21473293823029e-08
14125.37544622752648 37.89474 4.04271197850002e-08
14125.37544622752648 42.63158 3.83226579626975e-08
14125.37544622752648 47.36842 3.57116975764012e-08
14125.37544622752648 52.10526 3.25819991205398e-08
14125.37544622752648 56.84211 2.90119836292967e-08
14125.37544622752648 61.57895 2.48362349107274e-08
14125.37544622752648 66.31579 2.00706085546477e-08
14125.37544622752648 71.05263 1.47987436893129e-08
14125.37544622752648 75.78947 9.31818400930109e-09
14125.37544622752648 80.52632 4.38509102137461e-09
14125.37544622752648 85.26316 1.11332416358290e-09
14125.37544622752648 90.00000 6.52304547446397e-11
17782.79410038921196 0.00000 2.76980136759070e-08
17782.79410038921196 4.73684 2.76400604219539e-08
17782.79410038921196 9.47368 2.75346938972241e-08
17782.79410038921196 14.21053 2.73335733089949e-08
17782.79410038921196 18.94737 2.69925683599354e-08
17782.79410038921196 23.68421 2.65714644009988e-08
17782.79410038921196 28.42105 2.59878966321165e-08
17782.79410038921196 33.15789 2.52792047131917e-08
17782.79410038921196 37.89474 2.44607648300184e-08
17782.79410038921196 42.63158 2.34386026641821e-08
17782.79410038921196 47.36842 2.21387640029365e-08
17782.79410038921196 52.10526 2.05383361006036e-08
17782.79410038921196 56.84211 1.86587551746147e-08
17782.79410038921196 61.57895 1.63804247784574e-08
17782.79410038921196 66.31579 1.36681483470617e-08
17782.79410038921196 71.05263 1.05096711973012e-08
17782.79410038921196 75.78947 7.00668540682408e-09
17782.79410038921196 80.52632 3.57010414378503e-09
17782.79410038921196 85.26316 1.00707657750547e-09
17782.79410038921196 90.00000 6.54782621455408e-11
22387.21138568340029 0.00000 1.57007428390683e-08
22387.21138568340029 4.73684 1.56762348380893e-08
22387.21138568340029 9.47368 1.56345411515422e-08
22387.21138568340029 14.21053 1.55530141028500e-08
22387.21138568340029 18.94737 1.54097905227785e-08
22387.21138568340029 23.68421 1.52325902275232e-08
22387.21138568340029 28.42105 1.49810311400450e-08
22387.21138568340029 33.15789 1.46712908254136e-08
22387.21138568340029 37.89474 1.43095962954697e-08
22387.21138568340029 42.63158 1.38465767433551e-08
22387.21138568340029 47.36842 1.32406429474003e-08
22387.21138568340029 52.10526 1.24728405471202e-08
22387.21138568340029 56.84211 1.15444514109157e-08
22387.21138568340029 61.57895 1.03777722948652e-08
22387.21138568340029 66.31579 8.92926948869624e-09
22387.21138568340029 71.05263 7.15302479745809e-09
22387.21138568340029 75.78947 5.04669015854161e-09
22387.21138568340029 80.52632 2.78483515513697e-09
22387.21138568340029 85.26316 8.78290503896201e-10
22387.21138568340029 90.00000 6.44605771921670e-11
28183.82931264454965 0.00000 8.68241811820117e-09
28183.82931264454965 4.73684 8.67314210017639e-09
28183.82931264454965 9.47368 8.65946096126550e-09
28183.82931264454965 14.21053 8.63126037382694e-09
28183.82931264454965 18.94737 8.57811553411937e-09
28183.82931264454965 23.68421 8.51241364419940e-09
28183.82931264454965 28.42105 8.41521493608171e-09
28183.82931264454965 33.15789 8.29320879620318e-09
28183.82931264454965 37.89474 8.14884230259578e-09
28183.82931264454965 42.63158 7.95729912016615e-09
28183.82931264454965 47.36842 7.69653218671005e-09
28183.82931264454965 52.10526 7.35386626424521e-09
28183.82931264454965 56.84211 6.92508116981501e-09
28183.82931264454965 61.57895 6.36339201390640e-09
28183.82931264454965 66.31579 5.63310306823298e-09
28183.82931264454965 71.05263 4.68749177637404e-09
28183.82931264454965 75.78947 3.48756759401203e-09
28183.82931264454965 80.52632 2.07924483609077e-09
28183.82931264454965 85.26316 7.36136706402638e-10
28183.82931264454965 90.00000 6.20126485228063e-11
35481.33892335752898 0.00000 4.69375667152764e-09
35481.33892335752898 4.73684 4.69085278084359e-09
35481.33892335752898 9.47368 4.68818231153598e-09
35481.33892335752898 14.21053 4.68142964394598e-09
35481.33892335752898 18.94737 4.66577676268104e-09
35481.33892335752898 23.68421 4.64661169432439e-09
35481.33892335752898 28.42105 4.61539301113413e-09
35481.33892335752898 33.15789 4.57479871135479e-09
35481.33892335752898 37.89474 4.52583275206709e-09
35481.33892335752898 42.63158 4.45648678781143e-09
35481.33892335752898 47.36842 4.35566660361279e-09
35481.33892335752898 52.10526 4.21593258404940e-09
35481.33892335752898 56.84211 4.03310832816942e-09
35481.33892335752898 61.57895 3.78088370552673e-09
35481.33892335752898 66.31579 3.43511880991235e-09
35481.33892335752898 71.05263 2.96048670351914e-09
35481.33892335752898 75.78947 2.31514446080746e-09
35481.33892335752898 80.52632 1.48730638172286e-09
35481.33892335752898 85.26316 5.91878503586854e-10
35481.33892335752898 90.00000 5.81099364051108e-11
44668.35921509625769 0.00000 2.48834870103937e-09
44668.35921509625769 4.73684 2.48782954754362e-09
44668.35921509625769 9.47368 2.48874634786546e-09
44668.35921509625769 14.21053 2.48934946522510e-09
44668.35921509625769 18.94737 2.48747751115657e-09
44668.35921509625769 23.68421 2.48542384470917e-09
44668.35921509625769 28.42105 2.47948974001942e-09
44668.35921509625769 33.15789 2.47072784926799e-09
44668.35921509625769 37.89474 2.45960277850651e-09
44668.35921509625769 42.63158 2.44051651546296e-09
44668.35921509625769 47.36842 2.40816024137751e-09
44668.35921509625769 52.10526 2.35856077195694e-09
44668.35921509625769 56.84211 2.28888505147720e-09
44668.35921509625769 61.57895 2.18517783016938e-09
44668.35921509625769 66.31579 2.03289250413289e-09
44668.35921509625769 71.05263 1.80901374365440e-09
44668.35921509625769 75.78947 1.48104589745747e-09
44668.35921509625769 80.52632 1.02050104915079e-09
44668.35921509625769 85.26316 4.55604012011962e-10
44668.35921509625769 90.00000 5.28043993459327e-11
56234.13251903485070 0.00000 1.29545374281052e-09
56234.13251903485070 4.73684 1.29566886019571e-09
56234.13251903485070 9.47368 1.29728323484710e-09
56234.13251903485070 14.21053 1.29963029159880e-09
56234.13251903485070 18.94737 1.30176741247434e-09
56234.13251903485070 23.68421 1.30465870140992e-09
56234.13251903485070 28.42105 1.30677124139285e-09
56234.13251903485070 33.15789 1.30852400255092e-09
56234.13251903485070 37.89474 1.31017300347563e-09
56234.13251903485070 42.63158 1.30920448801206e-09
56234.13251903485070 47.36842 1.30320505520433e-09
56234.13251903485070 52.10526 1.29021816769626e-09
56234.13251903485070 56.84211 1.26863729828667e-09
56234.13251903485070 61.57895 1.23143942559090e-09
56234.13251903485070 66.31579 1.17057269869288e-09
56234.13251903485070 71.05263 1.07247676138440e-09
56234.13251903485070 75.78947 9.15665168127497e-10
56234.13251903485070 80.52632 6.73396562658827e-10
56234.13251903485070 85.26316 3.35917307540019e-10
56234.13251903485070 90.00000 4.63895334624548e-11
70794.57843841373688 0.00000 6.62264506702580e-10
70794.57843841373688 4.73684 6.62605750665008e-10
70794.57843841373688 9.47368 6.63987620433943e-10
70794.57843841373688 14.21053 6.66178929204733e-10
70794.57843841373688 18.94737 6.68781286231469e-10
70794.57843841373688 23.68421 6.72197879442345e-10
70794.57843841373688 28.42105 6.75828212269251e-10
70794.57843841373688 33.15789 6.79847916123007e-10
70794.57843841373688 37.89474 6.84418005399211e-10
70794.57843841373688 42.63158 6.88457142012210e-10
70794.57843841373688 47.36842 6.90931440406651e-10
70794.57843841373688 52.10526 6.90952647856669e-10
70794.57843841373688 56.84211 6.87719166990468e-10
70794.57843841373688 61.57895 6.77869575236396e-10
70794.57843841373688 66.31579 6.57240919055966e-10
70794.57843841373688 71.05263 6.18416322610351e-10
70794.57843841373688 75.78947 5.48561520443871e-10
70794.57843841373688 80.52632 4.28188477874735e-10
70794.57843841373688 85.26316 2.37066284067129e-10
70794.57843841373688 90.00000 3.92282322895321e-11
89125.09381337449304 0.00000 3.32652977177591e-10
89125.09381337449304 4.73684 3.32932467921908e-10
89125.09381337449304 9.47368 3.33892981315639e-10
89125.09381337449304 14.21053 3.35466879582838e-10
89125.09381337449304 18.94737 3.37492197271727e-10
89125.09381337449304 23.68421 3.40138287590901e-10
89125.09381337449304 28.42105 3.43188219154054e-10
89125.09381337449304 33.15789 3.46723064020012e-10
89125.09381337449304 37.89474 3.50849264001447e-10
89125.09381337449304 42.63158 3.55126927766346e-10
89125.09381337449304 47.36842 3.59147064488149e-10
89125.09381337449304 52.10526 3.62545217096536e-10
89125.09381337449304 56.84211 3.64970642064998e-10
89125.09381337449304 61.57895 3.64899978074461e-10
89125.09381337449304 66.31579 3.60314757619189e-10
89125.09381337449304 71.05263 3.47409030059076e-10
89125.09381337449304 75.78947 3.19085577147493e-10
89125.09381337449304 80.52632 2.62969457151149e-10
89125.09381337449304 85.26316 1.60444891382497e-10
89125.09381337449304 90.00000 3.18517444183303e-11
112201.84543019629200 0.00000 1.64437514149770e-10
112201.84543019629200 4.73684 1.64623879938940e-10
112201.84543019629200 9.47368 1.65220087990852e-10
112201.84543019629200 14.21053 1.66213401899017e-10
112201.84543019629200 18.94737 1.67541079442064e-10
112201.84543019629200 23.68421 1.69275947163117e-10
112201.84543019629200 28.42105 1.71349172066214e-10
112201.84543019629200 33.15789 1.73803184275673e-10
112201.84543019629200 37.89474 1.76708067054634e-10
112201.84543019629200 42.63158 1.79898644199164e-10
112201.84543019629200 47.36842 1.83232443995808e-10
112201.84543019629200 52.10526 1.86582592052836e-10
112201.84543019629200 56.84211 1.89823240537919e-10
112201.84543019629200 61.57895 1.92309377109856e-10
112201.84543019629200 66.31579 1.93129036120838e-10
112201.84543019629200 71.05263 1.90445871120628e-10
112201.84543019629200 75.78947 1.80579172990210e-10
112201.84543019629200 80.52632 1.56356059145438e-10
112201.84543019629200 85.26316 1.04262785094781e-10
112201.84543019629200 90.00000 2.47573565538236e-11
141253.75446227524662 0.00000 7.97521711157931e-11
141253.75446227524662 4.73684 7.98641198327410e-11
141253.75446227524662 9.47368 8.02089356506294e-11
141253.75446227524662 14.21053 8.07891363765084e-11
141253.75446227524662 18.94737 8.15819960645919e-11
141253.75446227524662 23.68421 8.26199084248770e-11
141253.75446227524662 28.42105 8.38866384196213e-11
141253.75446227524662 33.15789 8.54064649549427e-11
141253.75446227524662 37.89474 8.72240797740920e-11
141253.75446227524662 42.63158 8.92853772651006e-11
141253.75446227524662 47.36842 9.15527096144027e-11
141253.75446227524662 52.10526 9.39965356997769e-11
141253.75446227524662 56.84211 9.65896372944221e-11
141253.75446227524662 61.57895 9.90847404031809e-11
141253.75446227524662 66.31579 1.01105977765740e-10
141253.75446227524662 71.05263 1.01826403696379e-10
141253.75446227524662 75.78947 9.94506292687772e-11
141253.75446227524662 80.52632 9.01071441532781e-11
141253.75446227524662 85.26316 6.51849959876712e-11
141253.75446227524662 90.00000 1.83976252080577e-11
177827.94100389210507 0.00000 3.80090903683104e-11
177827.94100389210507 4.73684 3.80719007982412e-11
177827.94100389210507 9.47368 3.82610786730299e-11
177827.94100389210507 14.21053 3.85814857509826e-11
177827.94100389210507 18.94737 3.90257512796382e-11
177827.94100389210507 23.68421 3.96087080456226e-11
177827.94100389210507 28.42105 4.03302965801359e-11
177827.94100389210507 33.15789 4.12047712957769e-11
177827.94100389210507 37.89474 4.22593436758349e-11
177827.94100389210507 42.63158 4.34811173544091e-11
177827.94100389210507 47.36842 4.48683949290748e-11
177827.94100389210507 52.10526 4.64251805059668e-11
177827.94100389210507 56.84211 4.81596527281466e-11
177827.94100389210507 61.57895 4.99922699594963e-11
177827.94100389210507 66.31579 5.17886032869891e-11
177827.94100389210507 71.05263 5.32074754145968e-11
177827.94100389210507 75.78947 5.34282283039799e-11
177827.94100389210507 80.52632 5.04847504658147e-11
177827.94100389210507 85.26316 3.93383901121673e-11
177827.94100389210507 90.00000 1.30483212176188e-11
223872.11385683377739 0.00000 1.78752728763753e-11
223872.11385683377739 4.73684 1.79087947364663e-11
223872.11385683377739 9.47368 1.80083645675016e-11
223872.11385683377739 14.21053 1.81777719430074e-11
223872.11385683377739 18.94737 1.84150480967478e-11
223872.11385683377739 23.68421 1.87271602104351e-11
223872.11385683377739 28.42105 1.91174074214766e-11
223872.11385683377739 33.15789 1.95940439805230e-11
223872.11385683377739 37.89474 2.01728804608194e-11
223872.11385683377739 42.63158 2.08539666908513e-11
223872.11385683377739 47.36842 2.16444929468650e-11
223872.11385683377739 52.10526 2.25558726606219e-11
223872.11385683377739 56.84211 2.36039376441968e-11
223872.11385683377739 61.57895 2.47723246395991e-11
223872.11385683377739 66.31579 2.60249134883389e-11
223872.11385683377739 71.05263 2.72374314860208e-11
223872.11385683377739 75.78947 2.80616589892436e-11
223872.11385683377739 80.52632 2.75544302736192e-11
223872.11385683377739 85.26316 2.29523755451987e-11
223872.11385683377739 90.00000 8.84164585906104e-12
281838.29312644520542 0.00000 8.30598775173481e-12
281838.29312644520542 4.73684 8.32320289229170e-12
281838.29312644520542 9.47368 8.37388683105434e-12
281838.29312644520542 14.21053 8.46040240235921e-12
281838.29312644520542 18.94737 8.58246475794053e-12
281838.29312644520542 23.68421 8.74340552673421e-12
281838.29312644520542 28.42105 8.94616110085261e-12
281838.29312644520542 33.15789 9.19537435213690e-12
281838.29312644520542 37.89474 9.49984734092733e-12
281838.29312644520542 42.63158 9.86240801098405e-12
281838.29312644520542 47.36842 1.02901793131116e-11
281838.29312644520542 52.10526 1.07932384763877e-11
281838.29312644520542 56.84211 1.13852970499469e-11
281838.29312644520542 61.57895 1.20697763056862e-11
281838.29312644520542 66.31579 1.28452135008407e-11
281838.29312644520542 71.05263 1.36761449006189e-11
281838.29312644520542 75.78947 1.44293796802205e-11
281838.29312644520542 80.52632 1.46796966831900e-11
281838.29312644520542 85.26316 1.29920800503837e-11
281838.29312644520542 90.00000 5.74132114982206e-12
354813.38923357531894 0.00000 3.81980108841125e-12
354813.38923357531894 4.73684 3.82838196845840e-12
354813.38923357531894 9.47368 3.85349734359348e-12
354813.38923357531894 14.21053 3.89647334048958e-12
354813.38923357531894 18.94737 3.95743999942734e-12
354813.38923357531894 23.68421 4.03799974035870e-12
354813.38923357531894 28.42105 4.14008643154408e-12
354813.38923357531894 33.15789 4.26622189279273e-12
354813.38923357531894 37.89474 4.42112265413427e-12
354813.38923357531894 42.63158 4.60733990437533e-12
354813.38923357531894 47.36842 4.82987984146910e-12
354813.38923357531894 52.10526 5.09565822841221e-12
354813.38923357531894 56.84211 5.41415371124815e-12
354813.38923357531894 61.57895 5.79245782644674e-12
354813.38923357531894 66.31579 6.23803740848951e-12
354813.38923357531894 71.05263 6.74723694414993e-12
354813.38923357531894 75.78947 7.27726340505457e-12
354813.38923357531894 80.52632 7.64973646377251e-12
354813.38923357531894 85.26316 7.15315890180915e-12
354813.38923357531894 90.00000 3.57017777174958e-12
446683.59215096256230 0.00000 1.74046397194886e-12
446683.59215096256230 4.73684 1.74463792145900e-12
446683.59215096256230 9.47368 1.75680758019959e-12
446683.59215096256230 14.21053 1.77766998039368e-12
446683.59215096256230 18.94737 1.80738941658695e-12
446683.59215096256230 23.68421 1.84673632198002e-12
446683.59215096256230 28.42105 1.89682743827270e-12
446683.59215096256230 33.15789 1.95898742219043e-12
446683.59215096256230 37.89474 2.03565994881432e-12
446683.59215096256230 42.63158 2.12854482163277e-12
446683.59215096256230 47.36842 2.24068311689053e-12
446683.59215096256230 52.10526 2.37626472297015e-12
446683.59215096256230 56.84211 2.54110667776055e-12
446683.59215096256230 61.57895 2.74105983266616e-12
446683.59215096256230 66.31579 2.98358374626710e-12
446683.59215096256230 71.05263 3.27366631550557e-12
446683.59215096256230 75.78947 3.60241679534917e-12
446683.59215096256230 80.52632 3.90153638280122e-12
446683.59215096256230 85.26316 3.83254011206164e-12
446683.59215096256230 90.00000 2.12699362817985e-12
562341.32519034796860 0.00000 7.86238747603800e-13
562341.32519034796860 4.73684 7.88228327939244e-13
562341.32519034796860 9.47368 7.94014754972081e-13
562341.32519034796860 14.21053 8.03948240698835e-13
562341.32519034796860 18.94737 8.18144507853898e-13
562341.32519034796860 23.68421 8.36971950315278e-13
562341.32519034796860 28.42105 8.61028317766961e-13
562341.32519034796860 33.15789 8.90988661172572e-13
562341.32519034796860 37.89474 9.28082485861885e-13
562341.32519034796860 42.63158 9.73302142296824e-13
562341.32519034796860 47.36842 1.02834462128643e-12
562341.32519034796860 52.10526 1.09555748640520e-12
562341.32519034796860 56.84211 1.17824421275002e-12
562341.32519034796860 61.57895 1.28023820640820e-12
562341.32519034796860 66.31579 1.40682927157799e-12
562341.32519034796860 71.05263 1.56356523742112e-12
562341.32519034796860 75.78947 1.75206620953182e-12
562341.32519034796860 80.52632 1.94962347922081e-12
562341.32519034796860 85.26316 2.00165543963370e-12
562341.32519034796860 90.00000 1.21925086292022e-12
707945.78438413667027 0.00000 3.52387289334250e-13
707945.78438413667027 4.73684 3.53319996484294e-13
707945.78438413667027 9.47368 3.56028301490753e-13
707945.78438413667027 14.21053 3.60682611007194e-13
707945.78438413667027 18.94737 3.67351158682669e-13
707945.78438413667027 23.68421 3.76208547255122e-13
707945.78438413667027 28.42105 3.87559443338001e-13
707945.78438413667027 33.15789 4.01738975274564e-13
707945.78438413667027 37.89474 4.19350592212891e-13
707945.78438413667027 42.63158 4.40931432982604e-13
707945.78438413667027 47.36842 4.67376843007990e-13
707945.78438413667027 52.10526 4.99932866625537e-13
707945.78438413667027 56.84211 5.40374788563776e-13
707945.78438413667027 61.57895 5.90944473621975e-13
707945.78438413667027 66.31579 6.54885946524109e-13
707945.78438413667027 71.05263 7.36243032881614e-13
707945.78438413667027 75.78947 8.38566503934609e-13
707945.78438413667027 80.52632 9.56273468203692e-13
707945.78438413667027 85.26316 1.02162026751102e-12
707945.78438413667027 90.00000 6.74814376650383e-13
891250.93813374498859 0.00000 1.56892183883709e-13
891250.93813374498859 4.73684 1.57323501038059e-13
891250.93813374498859 9.47368 1.58574714001941e-13
891250.93813374498859 14.21053 1.60726746610361e-13
891250.93813374498859 18.94737 1.63816381777539e-13
891250.93813374498859 23.68421 1.67925623879402e-13
891250.93813374498859 28.42105 1.73204443592378e-13
891250.93813374498859 33.15789 1.79815640419751e-13
891250.93813374498859 37.89474 1.88049346965942e-13
891250.93813374498859 42.63158 1.98182088535910e-13
891250.93813374498859 47.36842 2.10667536118697e-13
891250.93813374498859 52.10526 2.26141016524184e-13
891250.93813374498859 56.84211 2.45517566350084e-13
891250.93813374498859 61.57895 2.70018296883470e-13
891250.93813374498859 66.31579 3.01469120610030e-13
891250.93813374498859 71.05263 3.42372710679292e-13
891250.93813374498859 75.78947 3.95645105287900e-13
891250.93813374498859 80.52632 4.61170459418341e-13
891250.93813374498859 85.26316 5.10407307686602e-13
891250.93813374498859 90.00000 3.61156534955553e-13
1122018.45430196286179 0.00000 6.94622635693191e-14
1122018.45430196286179 4.73684 6.96594990205478e-14
1122018.45430196286179 9.47368 7.02314025953366e-14
1122018.45430196286179 14.21053 7.12156756259510e-14
1122018.45430196286179 18.94737 7.26311016615076e-14
1122018.45430196286179 23.68421 7.45158881644004e-14
1122018.45430196286179 28.42105 7.69419723438856e-14
1122018.45430196286179 33.15789 7.99870760786239e-14
1122018.45430196286179 37.89474 8.37883729380356e-14
1122018.45430196286179 42.63158 8.84832842800689e-14
1122018.45430196286179 47.36842 9.42948724684506e-14
1122018.45430196286179 52.10526 1.01537362346551e-13
1122018.45430196286179 56.84211 1.10667538191024e-13
1122018.45430196286179 61.57895 1.22318690435452e-13
1122018.45430196286179 66.31579 1.37460950794721e-13
1122018.45430196286179 71.05263 1.57507210529021e-13
1122018.45430196286179 75.78947 1.84349898978052e-13
1122018.45430196286179 80.52632 2.19078511557179e-13
1122018.45430196286179 85.26316 2.50121839276588e-13
1122018.45430196286179 90.00000 1.87593331611842e-13
1412537.54462275258265 0.00000 3.05751839244063e-14
1412537.54462275258265 4.73684 3.06644283231214e-14
1412537.54462275258265 9.47368 3.09231725169506e-14
1412537.54462275258265 14.21053 3.13687022627988e-14
1412537.54462275258265 18.94737 3.20102589804379e-14
1412537.54462275258265 23.68421 3.28654819001801e-14
1412537.54462275258265 28.42105 3.39681698842323e-14
1412537.54462275258265 33.15789 3.53548486641603e-14
1412537.54462275258265 37.89474 3.70894046387444e-14
1412537.54462275258265 42.63158 3.92383008524351e-14
1412537.54462275258265 47.36842 4.19086007055291e-14
1412537.54462275258265 52.10526 4.52519249218075e-14
1412537.54462275258265 56.84211 4.94904193661265e-14
1412537.54462275258265 61.57895 5.49406920751923e-14
1412537.54462275258265 66.31579 6.20967967294729e-14
1412537.54462275258265 71.05263 7.17093136783485e-14
1412537.54462275258265 75.78947 8.48725201588740e-14
1412537.54462275258265 80.52632 1.02588510183052e-13
1412537.54462275258265 85.26316 1.20357531457595e-13
1412537.54462275258265 90.00000 9.48457214342317e-14
1778279.41003891918808 0.00000 1.33936815746831e-14
1778279.41003891918808 4.73684 1.34337099399987e-14
1778279.41003891918808 9.47368 1.35497797858977e-14
1778279.41003891918808 14.21053 1.37497158855970e-14
1778279.41003891918808 18.94737 1.40379461469673e-14
1778279.41003891918808 23.68421 1.44225486528806e-14
1778279.41003891918808 28.42105 1.49191496921663e-14
1778279.41003891918808 33.15789 1.55446961698912e-14
1778279.41003891918808 37.89474 1.63285794036502e-14
1778279.41003891918808 42.63158 1.73022916476882e-14
1778279.41003891918808 47.36842 1.85162719402629e-14
1778279.41003891918808 52.10526 2.00422903181850e-14
1778279.41003891918808 56.84211 2.19862039721189e-14
1778279.41003891918808 61.57895 2.45020267635748e-14
1778279.41003891918808 66.31579 2.78335796574911e-14
1778279.41003891918808 71.05263 3.23628866509507e-14
1778279.41003891918808 75.78947 3.86795984186608e-14
1778279.41003891918808 80.52632 4.74518327155486e-14
1778279.41003891918808 85.26316 5.70020339560666e-14
1778279.41003891918808 90.00000 4.68047980332695e-14
2238721.13856833800673 0.00000 5.84423892485388e-15
2238721.13856833800673 4.73684 5.86205826958431e-15
2238721.13856833800673 9.47368 5.91374754758811e-15
2238721.13856833800673 14.21053 6.00281029165952e-15
2238721.13856833800673 18.94737 6.13132469751485e-15
2238721.13856833800673 23.68421 6.30296409376139e-15
2238721.13856833800673 28.42105 6.52485650206537e-15
2238721.13856833800673 33.15789 6.80477995851428e-15
2238721.13856833800673 37.89474 7.15611554728072e-15
2238721.13856833800673 42.63158 7.59354040388079e-15
2238721.13856833800673 47.36842 8.14045711825006e-15
2238721.13856833800673 52.10526 8.83030908906679e-15
2238721.13856833800673 56.84211 9.71270957442750e-15
2238721.13856833800673 61.57895 1.08609795528107e-14
2238721.13856833800673 66.31579 1.23925283393792e-14
2238721.13856833800673 71.05263 1.44956207456671e-14
2238721.13856833800673 75.78947 1.74728184880958e-14
2238721.13856833800673 80.52632 2.17120759400545e-14
2238721.13856833800673 85.26316 2.66136596092172e-14
2238721.13856833800673 90.00000 2.25949343251827e-14
2818382.93126445496455 0.00000 2.54101083694922e-15
2818382.93126445496455 4.73684 2.54889215501095e-15
2818382.93126445496455 9.47368 2.57176509060594e-15
2818382.93126445496455 14.21053 2.61118463559442e-15
2818382.93126445496455 18.94737 2.66811124989937e-15
2818382.93126445496455 23.68421 2.74420386387019e-15
2818382.93126445496455 28.42105 2.84267957939765e-15
2818382.93126445496455 33.15789 2.96707525384971e-15
2818382.93126445496455 37.89474 3.12342935592035e-15
2818382.93126445496455 42.63158 3.31849457522201e-15
2818382.93126445496455 47.36842 3.56299912207734e-15
2818382.93126445496455 52.10526 3.87233467316001e-15
2818382.93126445496455 56.84211 4.26945161943627e-15
2818382.93126445496455 61.57895 4.78869068360058e-15
2818382.93126445496455 66.31579 5.48555849623868e-15
2818382.93126445496455 71.05263 6.45068483130751e-15
2818382.93126445496455 75.78947 7.83418997238326e-15
2818382.93126445496455 80.52632 9.84500073918052e-15
2818382.93126445496455 85.26316 1.22808053955260e-14
2818382.93126445496455 90.00000 1.07285876496423e-14
3548133.89233575342223 0.00000 1.10051499566255e-15
3548133.89233575342223 4.73684 1.10397816537704e-15
3548133.89233575342223 9.47368 1.11403462797151e-15
3548133.89233575342223 14.21053 1.13136888187270e-15
3548133.89233575342223 18.94737 1.15641884784156e-15
3548133.89233575342223 23.68421 1.18992811384848e-15
3548133.89233575342223 28.42105 1.23333439920162e-15
3548133.89233575342223 33.15789 1.28823120813613e-15
3548133.89233575342223 37.89474 1.35731988573928e-15
3548133.89233575342223 42.63158 1.44367075629191e-15
3548133.89233575342223 47.36842 1.55214728094837e-15
3548133.89233575342223 52.10526 1.68975238826937e-15
3548133.89233575342223 56.84211 1.86697599068514e-15
3548133.89233575342223 61.57895 2.09967364654377e-15
3548133.89233575342223 66.31579 2.41367534212430e-15
3548133.89233575342223 71.05263 2.85177395298306e-15
3548133.89233575342223 75.78947 3.48652616920736e-15
3548133.89233575342223 80.52632 4.42493109510731e-15
3548133.89233575342223 85.26316 5.60403882087641e-15
3548133.89233575342223 90.00000 5.01204361657919e-15
4466835.92150962632149 0.00000 4.74993430658620e-16
4466835.92150962632149 4.73684 4.76506367261480e-16
4466835.92150962632149 9.47368 4.80902635358740e-16
4466835.92150962632149 14.21053 4.88481227066061e-16
4466835.92150962632149 18.94737 4.99439466487322e-16
4466835.92150962632149 23.68421 5.14108477097820e-16
4466835.92150962632149 28.42105 5.33125008228417e-16
4466835.92150962632149 33.15789 5.57201148229603e-16
4466835.92150962632149 37.89474 5.87535868956908e-16
4466835.92150962632149 42.63158 6.25510629952585e-16
4466835.92150962632149 47.36842 6.73308255299858e-16
4466835.92150962632149 52.10526 7.34082483044275e-16
4466835.92150962632149 56.84211 8.12577217983935e-16
4466835.92150962632149 61.57895 9.16022293165056e-16
4466835.92150962632149 66.31579 1.05627499188579e-15
4466835.92150962632149 71.05263 1.25321461333487e-15
4466835.92150962632149 75.78947 1.54117107882313e-15
4466835.92150962632149 80.52632 1.97295263684528e-15
4466835.92150962632149 85.26316 2.53124198462904e-15
4466835.92150962632149 90.00000 2.30593053583609e-15
5623413.25190347898751 0.00000 2.04474750705078e-16
5623413.25190347898751 4.73684 2.05132528487475e-16
5623413.25190347898751 9.47368 2.07045326812876e-16
5623413.25190347898751 14.21053 2.10342898288176e-16
5623413.25190347898751 18.94737 2.15113315941787e-16
5623413.25190347898751 23.68421 2.21503170437491e-16
5623413.25190347898751 28.42105 2.29792351456501e-16
5623413.25190347898751 33.15789 2.40296829112143e-16
5623413.25190347898751 37.89474 2.53545123646204e-16
5623413.25190347898751 42.63158 2.70153362981319e-16
5623413.25190347898751 47.36842 2.91092945261918e-16
5623413.25190347898751 52.10526 3.17771751010245e-16
5623413.25190347898751 56.84211 3.52315660939457e-16
5623413.25190347898751 61.57895 3.97986872547321e-16
5623413.25190347898751 66.31579 4.60166873218808e-16
5623413.25190347898751 71.05263 5.47968553675081e-16
5623413.25190347898751 75.78947 6.77365059648546e-16
5623413.25190347898751 80.52632 8.73729975836159e-16
5623413.25190347898751 85.26316 1.13352375681517e-15
5623413.25190347898751 90.00000 1.04812743832024e-15
7079457.84384137298912 0.00000 8.78031203827869e-17
7079457.84384137298912 4.73684 8.80877596796675e-17
7079457.84384137298912 9.47368 8.89161480480397e-17
7079457.84384137298912 14.21053 9.03442502242056e-17
7079457.84384137298912 18.94737 9.24110470195624e-17
7079457.84384137298912 23.68421 9.51810460674219e-17
7079457.84384137298912 28.42105 9.87764175856189e-17
7079457.84384137298912 33.15789 1.03336404694496e-16
7079457.84384137298912 37.89474 1.09092436233440e-16
7079457.84384137298912 42.63158 1.16317072583968e-16
7079457.84384137298912 47.36842 1.25439169174879e-16
7079457.84384137298912 52.10526 1.37082061190964e-16
7079457.84384137298912 56.84211 1.52190259385660e-16
7079457.84384137298912 61.57895 1.72221566263530e-16
7079457.84384137298912 66.31579 1.99593241297767e-16
7079457.84384137298912 71.05263 2.38433905689437e-16
7079457.84384137298912 75.78947 2.96071061552049e-16
7079457.84384137298912 80.52632 3.84446484581562e-16
7079457.84384137298912 85.26316 5.03607310448912e-16
7079457.84384137298912 90.00000 4.71446933488791e-16
8912509.38133745826781 0.00000 3.76589904122416e-17
8912509.38133745826781 4.73684 3.77817413519964e-17
8912509.38133745826781 9.47368 3.81392804107828e-17
8912509.38133745826781 14.21053 3.87556384946227e-17
8912509.38133745826781 18.94737 3.96479568113866e-17
8912509.38133745826781 23.68421 4.08444857166816e-17
8912509.38133745826781 28.42105 4.23982700120879e-17
8912509.38133745826781 33.15789 4.43703398236960e-17
8912509.38133745826781 37.89474 4.68615107149510e-17
8912509.38133745826781 42.63158 4.99915881212144e-17
8912509.38133745826781 47.36842 5.39487230780749e-17
8912509.38133745826781 52.10526 5.90070994295000e-17
8912509.38133745826781 56.84211 6.55834859321389e-17
8912509.38133745826781 61.57895 7.43243395224651e-17
8912509.38133745826781 66.31579 8.63064781228256e-17
8912509.38133745826781 71.05263 1.03382884832627e-16
8912509.38133745826781 75.78947 1.28877541052534e-16
8912509.38133745826781 80.52632 1.68322668254764e-16
8912509.38133745826781 85.26316 2.22362795666903e-16
8912509.38133745826781 90.00000 2.10272613929961e-16
11220184.54301963001490 0.00000 1.61296223033095e-17
11220184.54301963001490 4.73684 1.61823740493200e-17
11220184.54301963001490 9.47368 1.63361597763325e-17
11220184.54301963001490 14.21053 1.66012491029638e-17
11220184.54301963001490 18.94737 1.69851318672341e-17
11220184.54301963001490 23.68421 1.75001240993696e-17
11220184.54301963001490 28.42105 1.81691327839779e-17
11220184.54301963001490 33.15789 1.90187673224437e-17
11220184.54301963001490 37.89474 2.00927197481893e-17
11220184.54301963001490 42.63158 2.14433193797804e-17
11220184.54301963001490 47.36842 2.31525992220133e-17
11220184.54301963001490 52.10526 2.53403812537603e-17
11220184.54301963001490 56.84211 2.81893142970461e-17
11220184.54301963001490 61.57895 3.19838671993400e-17
11220184.54301963001490 66.31579 3.71997670183332e-17
11220184.54301963001490 71.05263 4.46608941238199e-17
11220184.54301963001490 75.78947 5.58585166184929e-17
11220184.54301963001490 80.52632 7.33172434028072e-17
11220184.54301963001490 85.26316 9.75486746223787e-17
11220184.54301963001490 90.00000 9.29389459923827e-17
14125375.44622752629220 0.00000 6.90137702143582e-18
14125375.44622752629220 4.73684 6.92398156206804e-18
14125375.44622752629220 9.47368 6.98993873474275e-18
14125375.44622752629220 14.21053 7.10362095407235e-18
14125375.44622752629220 18.94737 7.26828502648301e-18
14125375.44622752629220 23.68421 7.48927856294683e-18
14125375.44622752629220 28.42105 7.77645183408833e-18
14125375.44622752629220 33.15789 8.14135551868602e-18
14125375.44622752629220 37.89474 8.60284428393130e-18
14125375.44622752629220 42.63158 9.18365946159774e-18
14125375.44622752629220 47.36842 9.91938721160665e-18
14125375.44622752629220 52.10526 1.08621147719474e-17
14125375.44622752629220 56.84211 1.20914408365108e-17
14125375.44622752629220 61.57895 1.37317683748206e-17
14125375.44622752629220 66.31579 1.59918648631865e-17
14125375.44622752629220 71.05263 1.92353080099293e-17
14125375.44622752629220 75.78947 2.41253607545256e-17
14125375.44622752629220 80.52632 3.18013146318224e-17
14125375.44622752629220 85.26316 4.25753270511902e-17
14125375.44622752629220 90.00000 4.08319937892345e-17
17782794.10038919001818 0.00000 2.95365511441564e-18
17782794.10038919001818 4.73684 2.96332412636106e-18
17782794.10038919001818 9.47368 2.99156285470904e-18
17782794.10038919001818 14.21053 3.04022794404466e-18
17782794.10038919001818 18.94737 3.11073082996052e-18
17782794.10038919001818 23.68421 3.20538693026516e-18
17782794.10038919001818 28.42105 3.32841920206461e-18
17782794.10038919001818 33.15789 3.48482599070376e-18
17782794.10038919001818 37.89474 3.68271869632203e-18
17782794.10038919001818 42.63158 3.93194397788512e-18
17782794.10038919001818 47.36842 4.24788172260469e-18
17782794.10038919001818 52.10526 4.65308447099006e-18
17782794.10038919001818 56.84211 5.18209297364528e-18
17782794.10038919001818 61.57895 5.88904723668109e-18
17782794.10038919001818 66.31579 6.86507358449995e-18
17782794.10038919001818 71.05263 8.26963718451159e-18
17782794.10038919001818 75.78947 1.03955968963785e-17
17782794.10038919001818 80.52632 1.37521793469668e-17
17782794.10038919001818 85.26316 1.85084641047817e-17
17782794.10038919001818 90.00000 1.78433335394853e-17
22387211.38568333163857 0.00000 1.26454291025230e-18
22387211.38568333163857 4.73684 1.26867105953555e-18
22387211.38568333163857 9.47368 1.28073889904621e-18
22387211.38568333163857 14.21053 1.30153259561905e-18
22387211.38568333163857 18.94737 1.33166167031483e-18
22387211.38568333163857 23.68421 1.37212608654638e-18
22387211.38568333163857 28.42105 1.42473062736681e-18
22387211.38568333163857 33.15789 1.49163175426577e-18
22387211.38568333163857 37.89474 1.57630867108018e-18
22387211.38568333163857 42.63158 1.68300914106396e-18
22387211.38568333163857 47.36842 1.81835560211361e-18
22387211.38568333163857 52.10526 1.99207470663623e-18
22387211.38568333163857 56.84211 2.21909252852716e-18
22387211.38568333163857 61.57895 2.52285823623156e-18
22387211.38568333163857 66.31579 2.94293918823339e-18
22387211.38568333163857 71.05263 3.54885287970748e-18
22387211.38568333163857 75.78947 4.46897165959406e-18
22387211.38568333163857 80.52632 5.92870560974555e-18
22387211.38568333163857 85.26316 8.01276365924630e-18
22387211.38568333163857 90.00000 7.75061945071131e-18
28183829.31264449283481 0.00000 5.41395267984444e-19
28183829.31264449283481 4.73684 5.43153418726845e-19
28183829.31264449283481 9.47368 5.48298063375474e-19
28183829.31264449283481 14.21053 5.57160974881054e-19
28183829.31264449283481 18.94737 5.70004416136649e-19
28183829.31264449283481 23.68421 5.87258920041220e-19
28183829.31264449283481 28.42105 6.09693113557729e-19
28183829.31264449283481 33.15789 6.38234242477582e-19
28183829.31264449283481 37.89474 6.74369550289851e-19
28183829.31264449283481 42.63158 7.19924395828927e-19
28183829.31264449283481 47.36842 7.77739138539877e-19
28183829.31264449283481 52.10526 8.51991542394895e-19
28183829.31264449283481 56.84211 9.49103614307333e-19
28183829.31264449283481 61.57895 1.07918279199168e-18
28183829.31264449283481 66.31579 1.25931960059758e-18
28183829.31264449283481 71.05263 1.51964126218212e-18
28183829.31264449283481 75.78947 1.91603377657577e-18
28183829.31264449283481 80.52632 2.54740996155740e-18
28183829.31264449283481 85.26316 3.45432338563215e-18
28183829.31264449283481 90.00000 3.34964911492412e-18
35481338.92335753142834 0.00000 2.31985591610159e-19
35481338.92335753142834 4.73684 2.32732870791334e-19
35481338.92335753142834 9.47368 2.34921730642553e-19
35481338.92335753142834 14.21053 2.38691794840150e-19
35481338.92335753142834 18.94737 2.44155586250444e-19
35481338.92335753142834 23.68421 2.51497994442180e-19
35481338.92335753142834 28.42105 2.61045439763025e-19
35481338.92335753142834 33.15789 2.73195526116432e-19
35481338.92335753142834 37.89474 2.88582222642036e-19
35481338.92335753142834 42.63158 3.07987483040836e-19
35481338.92335753142834 47.36842 3.32625663263314e-19
35481338.92335753142834 52.10526 3.64285206667493e-19
35481338.92335753142834 56.84211 4.05719451652912e-19
35481338.92335753142834 61.57895 4.61268092104724e-19
35481338.92335753142834 66.31579 5.38281814551185e-19
35481338.92335753142834 71.05263 6.49754602107552e-19
35481338.92335753142834 75.78947 8.19880747134737e-19
35481338.92335753142834 80.52632 1.09176055591105e-18
35481338.92335753142834 85.26316 1.48424053932171e-18
35481338.92335753142834 90.00000 1.44199997482834e-18
44668359.21509625762701 0.00000 9.95364559150585e-20
44668359.21509625762701 4.73684 9.98534517584882e-20
44668359.21509625762701 9.47368 1.00782924506851e-19
44668359.21509625762701 14.21053 1.02383472848312e-19
44668359.21509625762701 18.94737 1.04703244071266e-19
44668359.21509625762701 23.68421 1.07821450496194e-19
44668359.21509625762701 28.42105 1.11876342198015e-19
44668359.21509625762701 33.15789 1.17037979293259e-19
44668359.21509625762701 37.89474 1.23575902920541e-19
44668359.21509625762701 42.63158 1.31824126947038e-19
44668359.21509625762701 47.36842 1.42300315440987e-19
44668359.21509625762701 52.10526 1.55767755462771e-19
44668359.21509625762701 56.84211 1.73403138397038e-19
44668359.21509625762701 61.57895 1.97063222364699e-19
44668359.21509625762701 66.31579 2.29897609463728e-19
44668359.21509625762701 71.05263 2.77486896482398e-19
44668359.21509625762701 75.78947 3.50253862568473e-19
44668359.21509625762701 80.52632 4.66862844223126e-19
44668359.21509625762701 85.26316 6.35866454554293e-19
44668359.21509625762701 90.00000 6.18535215985808e-19
56234132.51903478801250 0.00000 4.28399812228983e-20
56234132.51903478801250 4.73684 4.29743226567457e-20
56234132.51903478801250 9.47368 4.33686462504421e-20
56234132.51903478801250 14.21053 4.40475030933201e-20
56234132.51903478801250 18.94737 4.50314622349167e-20
56234132.51903478801250 23.68421 4.63544157952040e-20
56234132.51903478801250 28.42105 4.80748219250955e-20
56234132.51903478801250 33.15789 5.02653107338382e-20
56234132.51903478801250 37.89474 5.30403062945741e-20
56234132.51903478801250 42.63158 5.65422334763429e-20
56234132.51903478801250 47.36842 6.09913686820125e-20
56234132.51903478801250 52.10526 6.67128575038028e-20
56234132.51903478801250 56.84211 7.42085606171186e-20
56234132.51903478801250 61.57895 8.42710777054202e-20
56234132.51903478801250 66.31579 9.82465090865396e-20
56234132.51903478801250 71.05263 1.18524515691281e-19
56234132.51903478801250 75.78947 1.49579242475803e-19
56234132.51903478801250 80.52632 1.99455424958839e-19
56234132.51903478801250 85.26316 2.71966111081597e-19
56234132.51903478801250 90.00000 2.64769114591333e-19
70794578.43841359019279 0.00000 1.85116818855388e-20
70794578.43841359019279 4.73684 1.85685788830930e-20
70794578.43841359019279 9.47368 1.87357676072216e-20
70794578.43841359019279 14.21053 1.90235188191207e-20
70794578.43841359019279 18.94737 1.94406085651612e-20
70794578.43841359019279 23.68421 2.00015252796029e-20
70794578.43841359019279 28.42105 2.07309543747013e-20
70794578.43841359019279 33.15789 2.16598819769978e-20
70794578.43841359019279 37.89474 2.28368267043314e-20
70794578.43841359019279 42.63158 2.43224349067239e-20
70794578.43841359019279 47.36842 2.62103054109735e-20
70794578.43841359019279 52.10526 2.86387383547741e-20
70794578.43841359019279 56.84211 3.18214374852292e-20
70794578.43841359019279 61.57895 3.60961189527108e-20
70794578.43841359019279 66.31579 4.20369082678944e-20
70794578.43841359019279 71.05263 5.06646073580172e-20
70794578.43841359019279 75.78947 6.38941206608566e-20
70794578.43841359019279 80.52632 8.51789609621809e-20
70794578.43841359019279 85.26316 1.16192064160075e-19
70794578.43841359019279 90.00000 1.13126799655745e-19
89125093.81337440013885 0.00000 8.03712452605249e-21
89125093.81337440013885 4.73684 8.06119369321784e-21
89125093.81337440013885 9.47368 8.13200091554127e-21
89125093.81337440013885 14.21053 8.25383321855869e-21
89125093.81337440013885 18.94737 8.43042735844740e-21
89125093.81337440013885 23.68421 8.66796997873690e-21
89125093.81337440013885 28.42105 8.97686396761538e-21
89125093.81337440013885 33.15789 9.37030945110822e-21
89125093.81337440013885 37.89474 9.86884678277882e-21
89125093.81337440013885 42.63158 1.04982492648418e-20
89125093.81337440013885 47.36842 1.12982105394397e-20
89125093.81337440013885 52.10526 1.23274401415371e-20
89125093.81337440013885 56.84211 1.36767523048652e-20
89125093.81337440013885 61.57895 1.54897063182678e-20
89125093.81337440013885 66.31579 1.80105550777248e-20
89125093.81337440013885 71.05263 2.16741000046163e-20
89125093.81337440013885 75.78947 2.72970695968528e-20
89125093.81337440013885 80.52632 3.63551167718281e-20
89125093.81337440013885 85.26316 4.95679403523252e-20
89125093.81337440013885 90.00000 4.82029028877822e-20
112201845.43019630014896 0.00000 3.50796119087548e-21
112201845.43019630014896 4.73684 3.51812684584649e-21
112201845.43019630014896 9.47368 3.54806810698135e-21
112201845.43019630014896 14.21053 3.59956977800420e-21
112201845.43019630014896 18.94737 3.67421920461702e-21
112201845.43019630014896 23.68421 3.77465384649761e-21
112201845.43019630014896 28.42105 3.90524744017592e-21
112201845.43019630014896 33.15789 4.07161264670585e-21
112201845.43019630014896 37.89474 4.28242809446159e-21
112201845.43019630014896 42.63158 4.54862191204516e-21
112201845.43019630014896 47.36842 4.88698945798907e-21
112201845.43019630014896 52.10526 5.32239688719882e-21
112201845.43019630014896 56.84211 5.89334640887154e-21
112201845.43019630014896 61.57895 6.66070835009489e-21
112201845.43019630014896 66.31579 7.72811927825998e-21
112201845.43019630014896 71.05263 9.28023766819223e-21
112201845.43019630014896 75.78947 1.16642551823965e-20
112201845.43019630014896 80.52632 1.55081521829440e-20
112201845.43019630014896 85.26316 2.11180293405589e-20
112201845.43019630014896 90.00000 2.05098645127537e-20
141253754.46227526664734 0.00000 1.54218115362293e-21
141253754.46227526664734 4.73684 1.54646992663521e-21
141253754.46227526664734 9.47368 1.55911699236461e-21
141253754.46227526664734 14.21053 1.58086418338606e-21
141253754.46227526664734 18.94737 1.61238484366309e-21
141253754.46227526664734 23.68421 1.65480176362098e-21
141253754.46227526664734 28.42105 1.70995113282823e-21
141253754.46227526664734 33.15789 1.78021603481761e-21
141253754.46227526664734 37.89474 1.86925813380824e-21
141253754.46227526664734 42.63158 1.98170409576123e-21
141253754.46227526664734 47.36842 2.12464985951293e-21
141253754.46227526664734 52.10526 2.30861133718068e-21
141253754.46227526664734 56.84211 2.54988627209401e-21
141253754.46227526664734 61.57895 2.87424220238544e-21
141253754.46227526664734 66.31579 3.32557813681931e-21
141253754.46227526664734 71.05263 3.98217976461518e-21
141253754.46227526664734 75.78947 4.99136808215006e-21
141253754.46227526664734 80.52632 6.61989723409498e-21
141253754.46227526664734 85.26316 8.99823959217116e-21
141253754.46227526664734 90.00000 8.73679113598325e-21
177827941.00389191508293 0.00000 6.84125905353221e-22
177827941.00389191508293 4.73684 6.85934411252039e-22
177827941.00389191508293 9.47368 6.91274121247116e-22
177827941.00389191508293 14.21053 7.00452922097231e-22
177827941.00389191508293 18.94737 7.13756145522854e-22
177827941.00389191508293 23.68421 7.31661575464439e-22
177827941.00389191508293 28.42105 7.54939242870280e-22
177827941.00389191508293 33.15789 7.84600327215784e-22
177827941.00389191508293 37.89474 8.22188608531561e-22
177827941.00389191508293 42.63158 8.69660974177222e-22
177827941.00389191508293 47.36842 9.30012572718420e-22
177827941.00389191508293 52.10526 1.00768640873424e-21
177827941.00389191508293 56.84211 1.10957445824019e-21
177827941.00389191508293 61.57895 1.24657245288239e-21
177827941.00389191508293 66.31579 1.43725360070045e-21
177827941.00389191508293 71.05263 1.71476373977809e-21
177827941.00389191508293 75.78947 2.14152192901244e-21
177827941.00389191508293 80.52632 2.83063818548546e-21
177827941.00389191508293 85.26316 3.83749045447645e-21
177827941.00389191508293 90.00000 3.72436829205303e-21
223872113.85683333873749 0.00000 3.06488126144191e-22
223872113.85683333873749 4.73684 3.07250237520151e-22
223872113.85683333873749 9.47368 3.09503355423105e-22
223872113.85683333873749 14.21053 3.13375029309923e-22
223872113.85683333873749 18.94737 3.18985990601329e-22
223872113.85683333873749 23.68421 3.26539484128385e-22
223872113.85683333873749 28.42105 3.36357973534187e-22
223872113.85683333873749 33.15789 3.48870205449634e-22
223872113.85683333873749 37.89474 3.64726504099250e-22
223872113.85683333873749 42.63158 3.84753523065496e-22
223872113.85683333873749 47.36842 4.10214008658407e-22
223872113.85683333873749 52.10526 4.42983007427485e-22
223872113.85683333873749 56.84211 4.85971609398264e-22
223872113.85683333873749 61.57895 5.43780714577143e-22
223872113.85683333873749 66.31579 6.24257173341328e-22
223872113.85683333873749 71.05263 7.41412207884089e-22
223872113.85683333873749 75.78947 9.21643391540204e-22
223872113.85683333873749 80.52632 1.21280057271432e-21
223872113.85683333873749 85.26316 1.63820520302785e-21
223872113.85683333873749 90.00000 1.58863859510197e-21
281838293.12644493579865 0.00000 1.39046669812464e-22
281838293.12644493579865 4.73684 1.39368046978613e-22
281838293.12644493579865 9.47368 1.40319477572723e-22
281838293.12644493579865 14.21053 1.41953771384136e-22
281838293.12644493579865 18.94737 1.44322006948073e-22
281838293.12644493579865 23.68421 1.47510737660496e-22
281838293.12644493579865 28.42105 1.51654989752599e-22
281838293.12644493579865 33.15789 1.56936679810886e-22
281838293.12644493579865 37.89474 1.63629916055952e-22
281838293.12644493579865 42.63158 1.72083959464065e-22
281838293.12644493579865 47.36842 1.82831305400399e-22
281838293.12644493579865 52.10526 1.96663490850743e-22
281838293.12644493579865 56.84211 2.14810458289392e-22
281838293.12644493579865 61.57895 2.39215142775209e-22
281838293.12644493579865 66.31579 2.73192770429614e-22
281838293.12644493579865 71.05263 3.22665341252497e-22
281838293.12644493579865 75.78947 3.98793094417738e-22
281838293.12644493579865 80.52632 5.21805204384912e-22
281838293.12644493579865 85.26316 7.01481840764775e-22
281838293.12644493579865 90.00000 6.79590672630080e-22
354813389.23357534408569 0.00000 6.39644582851750e-23
354813389.23357534408569 4.73684 6.41000522066209e-23
354813389.23357534408569 9.47368 6.45020591878239e-23
354813389.23357534408569 14.21053 6.51923246688707e-23
354813389.23357534408569 18.94737 6.61924390139041e-23
354813389.23357534408569 23.68421 6.75393068911942e-23
354813389.23357534408569 28.42105 6.92894412675429e-23
354813389.23357534408569 33.15789 7.15200739537542e-23
354813389.23357534408569 37.89474 7.43468016498515e-23
354813389.23357534408569 42.63158 7.79171564882701e-23
354813389.23357534408569 47.36842 8.24556866138818e-23
354813389.23357534408569 52.10526 8.82965644332487e-23
354813389.23357534408569 56.84211 9.59595008645881e-23
354813389.23357534408569 61.57895 1.06264826169013e-22
354813389.23357534408569 66.31579 1.20612876544112e-22
354813389.23357534408569 71.05263 1.41505596839557e-22
354813389.23357534408569 75.78947 1.73658003480318e-22
354813389.23357534408569 80.52632 2.25611772240352e-22
354813389.23357534408569 85.26316 3.01430620691201e-22
354813389.23357534408569 90.00000 2.91492139158897e-22
446683592.15096253156662 0.00000 2.98182560359827e-23
446683592.15096253156662 4.73684 2.98754499522397e-23
446683592.15096253156662 9.47368 3.00452723542336e-23
446683592.15096253156662 14.21053 3.03367476177354e-23
446683592.15096253156662 18.94737 3.07589785823048e-23
446683592.15096253156662 23.68421 3.13277041781443e-23
446683592.15096253156662 28.42105 3.20665436946737e-23
446683592.15096253156662 33.15789 3.30082692158570e-23
446683592.15096253156662 37.89474 3.42016158488221e-23
446683592.15096253156662 42.63158 3.57088186652005e-23
446683592.15096253156662 47.36842 3.76244734217120e-23
446683592.15096253156662 52.10526 4.00895406441443e-23
446683592.15096253156662 56.84211 4.33234431509728e-23
446683592.15096253156662 61.57895 4.76721338729717e-23
446683592.15096253156662 66.31579 5.37264275514044e-23
446683592.15096253156662 71.05263 6.25419518299937e-23
446683592.15096253156662 75.78947 7.61076407963284e-23
446683592.15096253156662 80.52632 9.80231390517619e-23
446683592.15096253156662 85.26316 1.29962937379884e-22
446683592.15096253156662 90.00000 1.25395548991401e-22
562341325.19034790992737 0.00000 1.41047101851986e-23
562341325.19034790992737 4.73684 1.41288702016639e-23
562341325.19034790992737 9.47368 1.42007125693592e-23
562341325.19034790992737 14.21053 1.43239692014352e-23
562341325.19034790992737 18.94737 1.45024704005480e-23
562341325.19034790992737 23.68421 1.47429354719320e-23
562341325.19034790992737 28.42105 1.50552368861642e-23
562341325.19034790992737 33.15789 1.54532870116253e-23
562341325.19034790992737 37.89474 1.59576536756946e-23
562341325.19034790992737 42.63158 1.65945824953061e-23
562341325.19034790992737 47.36842 1.74039343468942e-23
562341325.19034790992737 52.10526 1.84451927554627e-23
562341325.19034790992737 56.84211 1.98110391290405e-23
562341325.19034790992737 61.57895 2.16473924317231e-23
562341325.19034790992737 66.31579 2.42035749999716e-23
562341325.19034790992737 71.05263 2.79250274222801e-23
562341325.19034790992737 75.78947 3.36507541020814e-23
562341325.19034790992737 80.52632 4.28975988802115e-23
562341325.19034790992737 85.26316 5.63540539843786e-23
562341325.19034790992737 90.00000 5.42499667141554e-23
707945784.38413584232330 0.00000 6.77089517920204e-24
707945784.38413584232330 4.73684 6.78113618237062e-24
707945784.38413584232330 9.47368 6.81163256664481e-24
707945784.38413584232330 14.21053 6.86393079260101e-24
707945784.38413584232330 18.94737 6.93963924257308e-24
707945784.38413584232330 23.68421 7.04163223330390e-24
707945784.38413584232330 28.42105 7.17403849509835e-24
707945784.38413584232330 33.15789 7.34277119620157e-24
707945784.38413584232330 37.89474 7.55652641820273e-24
707945784.38413584232330 42.63158 7.82637458799101e-24
707945784.38413584232330 47.36842 8.16912652059284e-24
707945784.38413584232330 52.10526 8.60990966833279e-24
707945784.38413584232330 56.84211 9.18791622980239e-24
707945784.38413584232330 61.57895 9.96473979279988e-24
707945784.38413584232330 66.31579 1.10456816848670e-23
707945784.38413584232330 71.05263 1.26188330403047e-23
707945784.38413584232330 75.78947 1.50382917669211e-23
707945784.38413584232330 80.52632 1.89432938340695e-23
707945784.38413584232330 85.26316 2.46144899711511e-23
707945784.38413584232330 90.00000 2.36238700612123e-23
891250938.13374412059784 0.00000 3.29517671712716e-24
891250938.13374412059784 4.73684 3.29953684260885e-24
891250938.13374412059784 9.47368 3.31253895326365e-24
891250938.13374412059784 14.21053 3.33482446563443e-24
891250938.13374412059784 18.94737 3.36706542185612e-24
891250938.13374412059784 23.68421 3.41049280145880e-24
891250938.13374412059784 28.42105 3.46683074441977e-24
891250938.13374412059784 33.15789 3.53859253402559e-24
891250938.13374412059784 37.89474 3.62945698835645e-24
891250938.13374412059784 42.63158 3.74408615260788e-24
891250938.13374412059784 47.36842 3.88956422133252e-24
891250938.13374412059784 52.10526 4.07650087748532e-24
891250938.13374412059784 56.84211 4.32146529055486e-24
891250938.13374412059784 61.57895 4.65043529410672e-24
891250938.13374412059784 66.31579 5.10785439656946e-24
891250938.13374412059784 71.05263 5.77307505828301e-24
891250938.13374412059784 75.78947 6.79536081026190e-24
891250938.13374412059784 80.52632 8.44356195453641e-24
891250938.13374412059784 85.26316 1.08298764988817e-23
891250938.13374412059784 90.00000 1.03510374682833e-23
1122018454.30196285247803 0.00000 1.62180525081332e-24
1122018454.30196285247803 4.73684 1.62367617038986e-24
1122018454.30196285247803 9.47368 1.62926211887309e-24
1122018454.30196285247803 14.21053 1.63883012766740e-24
1122018454.30196285247803 18.94737 1.65265905197932e-24
1122018454.30196285247803 23.68421 1.67127653408935e-24
1122018454.30196285247803 28.42105 1.69540169221475e-24
1122018454.30196285247803 33.15789 1.72610242769284e-24
1122018454.30196285247803 37.89474 1.76493637291471e-24
1122018454.30196285247803 42.63158 1.81386271671251e-24
1122018454.30196285247803 47.36842 1.87586412109642e-24
1122018454.30196285247803 52.10526 1.95541805676153e-24
1122018454.30196285247803 56.84211 2.05952779435131e-24
1122018454.30196285247803 61.57895 2.19914016573697e-24
1122018454.30196285247803 66.31579 2.39300082937296e-24
1122018454.30196285247803 71.05263 2.67456025377425e-24
1122018454.30196285247803 75.78947 3.10667102482617e-24
1122018454.30196285247803 80.52632 3.80221252305273e-24
1122018454.30196285247803 85.26316 4.80514035648717e-24
1122018454.30196285247803 90.00000 4.57070020963770e-24
1412537544.62275242805481 0.00000 8.05993612697504e-25
1412537544.62275242805481 4.73684 8.06805048841856e-25
1412537544.62275242805481 9.47368 8.09229820628380e-25
1412537544.62275242805481 14.21053 8.13379797743710e-25
1412537544.62275242805481 18.94737 8.19369615107313e-25
1412537544.62275242805481 23.68421 8.27425433661132e-25
1412537544.62275242805481 28.42105 8.37846792906322e-25
1412537544.62275242805481 33.15789 8.51086938262332e-25
1412537544.62275242805481 37.89474 8.67805755566332e-25
1412537544.62275242805481 42.63158 8.88824043174990e-25
1412537544.62275242805481 47.36842 9.15395632687795e-25
1412537544.62275242805481 52.10526 9.49407868600576e-25
1412537544.62275242805481 56.84211 9.93818296160415e-25
1412537544.62275242805481 61.57895 1.05323248022056e-24
1412537544.62275242805481 66.31579 1.13554676644939e-24
1412537544.62275242805481 71.05263 1.25484129317067e-24
1412537544.62275242805481 75.78947 1.43753622709263e-24
1412537544.62275242805481 80.52632 1.73090556121653e-24
1412537544.62275242805481 85.26316 2.15166085705348e-24
1412537544.62275242805481 90.00000 2.03542017907012e-24
1778279410.03891897201538 0.00000 4.04448178175299e-25
1778279410.03891897201538 4.73684 4.04805097179626e-25
1778279410.03891897201538 9.47368 4.05872185357742e-25
1778279410.03891897201538 14.21053 4.07696695276449e-25
1778279410.03891897201538 18.94737 4.10325258299444e-25
1778279410.03891897201538 23.68421 4.13854936541154e-25
1778279410.03891897201538 28.42105 4.18410401961952e-25
1778279410.03891897201538 33.15789 4.24183984905043e-25
1778279410.03891897201538 37.89474 4.31455667396131e-25
1778279410.03891897201538 42.63158 4.40568334634282e-25
1778279410.03891897201538 47.36842 4.52048475838651e-25
1778279410.03891897201538 52.10526 4.66691113657532e-25
1778279410.03891897201538 56.84211 4.85744892988340e-25
1778279410.03891897201538 61.57895 5.11145128655710e-25
1778279410.03891897201538 66.31579 5.46215221263241e-25
1778279410.03891897201538 71.05263 5.96875843485834e-25
1778279410.03891897201538 75.78947 6.74218451474129e-25
1778279410.03891897201538 80.52632 7.97999755667154e-25
1778279410.03891897201538 85.26316 9.74318269324172e-25
1778279410.03891897201538 90.00000 9.16257180523182e-25
2238721138.56833314895630 0.00000 2.04558892920956e-25
2238721138.56833314895630 4.73684 2.04719155111346e-25
2238721138.56833314895630 9.47368 2.05198259654531e-25
2238721138.56833314895630 14.21053 2.06016439599302e-25
2238721138.56833314895630 18.94737 2.07192370284935e-25
2238721138.56833314895630 23.68421 2.08767765118257e-25
2238721138.56833314895630 28.42105 2.10794501399500e-25
2238721138.56833314895630 33.15789 2.13354150402737e-25
2238721138.56833314895630 37.89474 2.16565751672374e-25
2238721138.56833314895630 42.63158 2.20571936726219e-25
2238721138.56833314895630 47.36842 2.25593394799001e-25
2238721138.56833314895630 52.10526 2.31964594267848e-25
2238721138.56833314895630 56.84211 2.40212270444066e-25
2238721138.56833314895630 61.57895 2.51147922338655e-25
2238721138.56833314895630 66.31579 2.66167944906673e-25
2238721138.56833314895630 71.05263 2.87757141433923e-25
2238721138.56833314895630 75.78947 3.20560895399653e-25
2238721138.56833314895630 80.52632 3.72806446023706e-25
2238721138.56833314895630 85.26316 4.46553057105904e-25
2238721138.56833314895630 90.00000 4.17217659181779e-25
2818382931.26444959640503 0.00000 1.04128199253600e-25
2818382931.26444959640503 4.73684 1.04202093279048e-25
2818382931.26444959640503 9.47368 1.04422835429438e-25
2818382931.26444959640503 14.21053 1.04799265377013e-25
2818382931.26444959640503 18.94737 1.05338725213950e-25
2818382931.26444959640503 23.68421 1.06059186495457e-25
2818382931.26444959640503 28.42105 1.06982289170565e-25
2818382931.26444959640503 33.15789 1.08142646723361e-25
2818382931.26444959640503 37.89474 1.09591060498763e-25
2818382931.26444959640503 42.63158 1.11386616416584e-25
2818382931.26444959640503 47.36842 1.13621713107235e-25
2818382931.26444959640503 52.10526 1.16436938204016e-25
2818382931.26444959640503 56.84211 1.20054384497980e-25
2818382931.26444959640503 61.57895 1.24813566119690e-25
2818382931.26444959640503 66.31579 1.31300184943853e-25
2818382931.26444959640503 71.05263 1.40554864354532e-25
2818382931.26444959640503 75.78947 1.54518085248440e-25
2818382931.26444959640503 80.52632 1.76601663155888e-25
2818382931.26444959640503 85.26316 2.07401560188243e-25
2818382931.26444959640503 90.00000 1.92477491567538e-25
3548133892.33575296401978 0.00000 5.33286434823401e-26
3548133892.33575296401978 4.73684 5.33636345514683e-26
3548133892.33575296401978 9.47368 5.34680551085487e-26
3548133892.33575296401978 14.21053 5.36458415749547e-26
3548133892.33575296401978 18.94737 5.38998257894380e-26
3548133892.33575296401978 23.68421 5.42378073654290e-26
3548133892.33575296401978 28.42105 5.46688519611465e-26
3548133892.33575296401978 33.15789 5.52077063525305e-26
3548133892.33575296401978 37.89474 5.58761823183916e-26
3548133892.33575296401978 42.63158 5.66986796478805e-26
3548133892.33575296401978 47.36842 5.77138727981900e-26
3548133892.33575296401978 52.10526 5.89808457227379e-26
3548133892.33575296401978 56.84211 6.05932481178547e-26
3548133892.33575296401978 61.57895 6.26927626451034e-26
3548133892.33575296401978 66.31579 6.55245260189213e-26
3548133892.33575296401978 71.05263 6.95231046008200e-26
3548133892.33575296401978 75.78947 7.54960716718454e-26
3548133892.33575296401978 80.52632 8.48498128952841e-26
3548133892.33575296401978 85.26316 9.76879213662036e-26
3548133892.33575296401978 90.00000 9.00246205613227e-26
4466835921.50962543487549 0.00000 2.74164034329160e-26
4466835921.50962543487549 4.73684 2.74334649592674e-26
4466835921.50962543487549 9.47368 2.74843243227459e-26
4466835921.50962543487549 14.21053 2.75707743695617e-26
4466835921.50962543487549 18.94737 2.76938870062857e-26
4466835921.50962543487549 23.68421 2.78570917750013e-26
4466835921.50962543487549 28.42105 2.80642223600885e-26
4466835921.50962543487549 33.15789 2.83216178414596e-26
4466835921.50962543487549 37.89474 2.86387381709042e-26
4466835921.50962543487549 42.63158 2.90256503375976e-26
4466835921.50962543487549 47.36842 2.94985723376772e-26
4466835921.50962543487549 52.10526 3.00823718605120e-26
4466835921.50962543487549 56.84211 3.08165890988989e-26
4466835921.50962543487549 61.57895 3.17601981550756e-26
4466835921.50962543487549 66.31579 3.30155514999759e-26
4466835921.50962543487549 71.05263 3.47634675415937e-26
4466835921.50962543487549 75.78947 3.73383493587390e-26
4466835921.50962543487549 80.52632 4.13150541981376e-26
4466835921.50962543487549 85.26316 4.66567177822083e-26
4466835921.50962543487549 90.00000 4.26934862696115e-26
5623413251.90347957611084 0.00000 1.41219689140586e-26
5623413251.90347957611084 4.73684 1.41305475274937e-26
5623413251.90347957611084 9.47368 1.41560944109205e-26
5623413251.90347957611084 14.21053 1.41994488453215e-26
5623413251.90347957611084 18.94737 1.42610118263508e-26
5623413251.90347957611084 23.68421 1.43423223344301e-26
5623413251.90347957611084 28.42105 1.44450315427185e-26
5623413251.90347957611084 33.15789 1.45719089259652e-26
5623413251.90347957611084 37.89474 1.47271240187866e-26
5623413251.90347957611084 42.63158 1.49148477699586e-26
5623413251.90347957611084 47.36842 1.51419234277739e-26
5623413251.90347957611084 52.10526 1.54188673006023e-26
5623413251.90347957611084 56.84211 1.57624362623156e-26
5623413251.90347957611084 61.57895 1.61971320971868e-26
5623413251.90347957611084 66.31579 1.67655924697090e-26
5623413251.90347957611084 71.05263 1.75427160302414e-26
5623413251.90347957611084 75.78947 1.86660187261731e-26
5623413251.90347957611084 80.52632 2.03675760154392e-26
5623413251.90347957611084 85.26316 2.25872274420318e-26
5623413251.90347957611084 90.00000 2.05234657699837e-26
7079457843.84135913848877 0.00000 7.26884215661014e-27
7079457843.84135913848877 4.73684 7.27327653536239e-27
7079457843.84135913848877 9.47368 7.28647178070396e-27
7079457843.84135913848877 14.21053 7.30883314667018e-27
7079457843.84135913848877 18.94737 7.34051335846634e-27
7079457843.84135913848877 23.68421 7.38222227208988e-27
7079457843.84135913848877 28.42105 7.43469401674393e-27
7079457843.84135913848877 33.15789 7.49916984870437e-27
7079457843.84135913848877 37.89474 7.57753074693234e-27
7079457843.84135913848877 42.63158 7.67153048113339e-27
7079457843.84135913848877 47.36842 7.78409685857204e-27
7079457843.84135913848877 52.10526 7.91972344516222e-27
7079457843.84135913848877 56.84211 8.08556689939016e-27
7079457843.84135913848877 61.57895 8.29181076969836e-27
7079457843.84135913848877 66.31579 8.55619112711490e-27
7079457843.84135913848877 71.05263 8.90956972712135e-27
7079457843.84135913848877 75.78947 9.40797207713637e-27
7079457843.84135913848877 80.52632 1.01434190813760e-26
7079457843.84135913848877 85.26316 1.10660537059042e-26
7079457843.84135913848877 90.00000 9.99054128607596e-27
8912509381.33744049072266 0.00000 3.74181261522894e-27
8912509381.33744049072266 4.73684 3.74415488068061e-27
8912509381.33744049072266 9.47368 3.75112242418953e-27
8912509381.33744049072266 14.21053 3.76291663914679e-27
8912509381.33744049072266 18.94737 3.77960044045184e-27
8912509381.33744049072266 23.68421 3.80151379771808e-27
8912509381.33744049072266 28.42105 3.82899820948386e-27
8912509381.33744049072266 33.15789 3.86263187580815e-27
8912509381.33744049072266 37.89474 3.90329141533959e-27
8912509381.33744049072266 42.63158 3.95173851815851e-27
8912509381.33744049072266 47.36842 4.00925930520235e-27
8912509381.33744049072266 52.10526 4.07781407596581e-27
8912509381.33744049072266 56.84211 4.16050893288371e-27
8912509381.33744049072266 61.57895 4.26160494612277e-27
8912509381.33744049072266 66.31579 4.38849906978364e-27
8912509381.33744049072266 71.05263 4.55385941066668e-27
8912509381.33744049072266 75.78947 4.78026630575611e-27
8912509381.33744049072266 80.52632 5.10329051019407e-27
8912509381.33744049072266 85.26316 5.48840525097243e-27
8912509381.33744049072266 90.00000 4.92699657996519e-27
11220184543.01963043212891 0.00000 1.92215171765362e-27
11220184543.01963043212891 4.73684 1.92340572492373e-27
11220184543.01963043212891 9.47368 1.92713701513727e-27
11220184543.01963043212891 14.21053 1.93344795787398e-27
11220184543.01963043212891 18.94737 1.94236862437991e-27
11220184543.01963043212891 23.68421 1.95406931635631e-27
11220184543.01963043212891 28.42105 1.96871756933170e-27
11220184543.01963043212891 33.15789 1.98659641218213e-27
11220184543.01963043212891 37.89474 2.00813118097620e-27
11220184543.01963043212891 42.63158 2.03367083593667e-27
11220184543.01963043212891 47.36842 2.06380414013370e-27
11220184543.01963043212891 52.10526 2.09941602917672e-27
11220184543.01963043212891 56.84211 2.14189248068469e-27
11220184543.01963043212891 61.57895 2.19304771551727e-27
11220184543.01963043212891 66.31579 2.25599767045067e-27
11220184543.01963043212891 71.05263 2.33594095545155e-27
11220184543.01963043212891 75.78947 2.44186710735646e-27
11220184543.01963043212891 80.52632 2.58699965884400e-27
11220184543.01963043212891 85.26316 2.74922348650339e-27
11220184543.01963043212891 90.00000 2.45526047686972e-27
14125375446.22752571105957 0.00000 9.84868412958014e-28
14125375446.22752571105957 4.73684 9.85543090527339e-28
14125375446.22752571105957 9.47368 9.87552145979895e-28
14125375446.22752571105957 14.21053 9.90948498126440e-28
14125375446.22752571105957 18.94737 9.95749227027525e-28
14125375446.22752571105957 23.68421 1.00204335711659e-27
14125375446.22752571105957 28.42105 1.00991765840637e-27
14125375446.22752571105957 33.15789 1.01951802403243e-27
14125375446.22752571105957 37.89474 1.03105975377342e-27
14125375446.22752571105957 42.63158 1.04471447567363e-27
14125375446.22752571105957 47.36842 1.06076680647402e-27
14125375446.22752571105957 52.10526 1.07963571338421e-27
14125375446.22752571105957 56.84211 1.10196508165330e-27
14125375446.22752571105957 61.57895 1.12855360136454e-27
14125375446.22752571105957 66.31579 1.16074326708288e-27
14125375446.22752571105957 71.05263 1.20068400618452e-27
14125375446.22752571105957 75.78947 1.25191359449557e-27
14125375446.22752571105957 80.52632 1.31905524781367e-27
14125375446.22752571105957 85.26316 1.38859427549139e-27
14125375446.22752571105957 90.00000 1.23488605880919e-27
17782794100.38919067382812 0.00000 5.03375178339813e-28
17782794100.38919067382812 4.73684 5.03737243053468e-28
17782794100.38919067382812 9.47368 5.04816761595039e-28
17782794100.38919067382812 14.21053 5.06641306906135e-28
17782794100.38919067382812 18.94737 5.09221699978303e-28
17782794100.38919067382812 23.68421 5.12606170277573e-28
17782794100.38919067382812 28.42105 5.16841600728255e-28
17782794100.38919067382812 33.15789 5.22006678439923e-28
17782794100.38919067382812 37.89474 5.28214661392869e-28
17782794100.38919067382812 42.63158 5.35556267865361e-28
17782794100.38919067382812 47.36842 5.44177380635333e-28
17782794100.38919067382812 52.10526 5.54287690642141e-28
17782794100.38919067382812 56.84211 5.66201853930082e-28
17782794100.38919067382812 61.57895 5.80290022358485e-28
17782794100.38919067382812 66.31579 5.97152990436693e-28
17782794100.38919067382812 71.05263 6.17699633461641e-28
17782794100.38919067382812 75.78947 6.43313305683228e-28
17782794100.38919067382812 80.52632 6.75444495738711e-28
17782794100.38919067382812 85.26316 7.06074166062601e-28
17782794100.38919067382812 90.00000 6.25787495929886e-28
22387211385.68337631225586 0.00000 2.56409036256289e-28
22387211385.68337631225586 4.73684 2.56601978086341e-28
22387211385.68337631225586 9.47368 2.57178153119392e-28
22387211385.68337631225586 14.21053 2.58151985460932e-28
22387211385.68337631225586 18.94737 2.59530593793541e-28
22387211385.68337631225586 23.68421 2.61340704081765e-28
22387211385.68337631225586 28.42105 2.63608390319721e-28
22387211385.68337631225586 33.15789 2.66377449037810e-28
22387211385.68337631225586 37.89474 2.69709248843505e-28
22387211385.68337631225586 42.63158 2.73654632247772e-28
22387211385.68337631225586 47.36842 2.78292429694821e-28
22387211385.68337631225586 52.10526 2.83733492683981e-28
22387211385.68337631225586 56.84211 2.90140158970134e-28
22387211385.68337631225586 61.57895 2.97695868289700e-28
22387211385.68337631225586 66.31579 3.06685676130945e-28
22387211385.68337631225586 71.05263 3.17511939962660e-28
22387211385.68337631225586 75.78947 3.30722702699332e-28
22387211385.68337631225586 80.52632 3.46682569981348e-28
22387211385.68337631225586 85.26316 3.60745007541372e-28
22387211385.68337631225586 90.00000 3.18995954504410e-28
28183829312.64454650878906 0.00000 1.30428165734406e-28
28183829312.64454650878906 4.73684 1.30529817878406e-28
28183829312.64454650878906 9.47368 1.30833938001053e-28
28183829312.64454650878906 14.21053 1.31348045332040e-28
28183829312.64454650878906 18.94737 1.32076755427945e-28
28183829312.64454650878906 23.68421 1.33035028820344e-28
28183829312.64454650878906 28.42105 1.34237513555916e-28
28183829312.64454650878906 33.15789 1.35708962210737e-28
28183829312.64454650878906 37.89474 1.37483201070200e-28
28183829312.64454650878906 42.63158 1.39589652878870e-28
28183829312.64454650878906 47.36842 1.42072439606524e-28
28183829312.64454650878906 52.10526 1.44992641774241e-28
28183829312.64454650878906 56.84211 1.48437960116650e-28
28183829312.64454650878906 61.57895 1.52505491678227e-28
28183829312.64454650878906 66.31579 1.57339793723434e-28
28183829312.64454650878906 71.05263 1.63131484081000e-28
28183829312.64454650878906 75.78947 1.70107432356439e-28
28183829312.64454650878906 80.52632 1.78303962676031e-28
28183829312.64454650878906 85.26316 1.85072155489440e-28
28183829312.64454650878906 90.00000 1.63386994858573e-28
35481338923.35752868652344 0.00000 6.61501659860352e-29
35481338923.35752868652344 4.73684 6.62029339819556e-29
35481338923.35752868652344 9.47368 6.63611257054070e-29
35481338923.35752868652344 14.21053 6.66286273170710e-29
35481338923.35752868652344 18.94737 6.70083308771917e-29
35481338923.35752868652344 23.68421 6.75085983345185e-29
35481338923.35752868652344 28.42105 6.81376298328418e-29
35481338923.35752868652344 33.15789 6.89094289443466e-29
35481338923.35752868652344 37.89474 6.98427338728500e-29
35481338923.35752868652344 42.63158 7.09547248391581e-29
35481338923.35752868652344 47.36842 7.22705065834355e-29
35481338923.35752868652344 52.10526 7.38245520248881e-29
35481338923.35752868652344 56.84211 7.56657408136882e-29
35481338923.35752868652344 61.57895 7.78481898135412e-29
35481338923.35752868652344 66.31579 8.04498954601084e-29
35481338923.35752868652344 71.05263 8.35687281621025e-29
35481338923.35752868652344 75.78947 8.73075610230200e-29
35481338923.35752868652344 80.52632 9.16306661074075e-29
35481338923.35752868652344 85.26316 9.50528364344571e-29
35481338923.35752868652344 90.00000 8.38347338231138e-29
44668359215.09626007080078 0.00000 3.35255144264497e-29
44668359215.09626007080078 4.73684 3.35524685665116e-29
44668359215.09626007080078 9.47368 3.36334488839838e-29
44668359215.09626007080078 14.21053 3.37704398088194e-29
44668359215.09626007080078 18.94737 3.39651819344915e-29
44668359215.09626007080078 23.68421 3.42223025616843e-29
44668359215.09626007080078 28.42105 3.45463331865892e-29
44668359215.09626007080078 33.15789 3.49451213921509e-29
44668359215.09626007080078 37.89474 3.54289964489595e-29
44668359215.09626007080078 42.63158 3.60079096870884e-29
44668359215.09626007080078 47.36842 3.66961476262234e-29
44668359215.09626007080078 52.10526 3.75132972268341e-29
44668359215.09626007080078 56.84211 3.84869816986869e-29
44668359215.09626007080078 61.57895 3.96482377130474e-29
44668359215.09626007080078 66.31579 4.10409984651302e-29
44668359215.09626007080078 71.05263 4.27191584223743e-29
44668359215.09626007080078 75.78947 4.47353253810234e-29
44668359215.09626007080078 80.52632 4.70547847993616e-29
44668359215.09626007080078 85.26316 4.88581624578791e-29
44668359215.09626007080078 90.00000 4.30780234264044e-29
56234132519.03479766845703 0.00000 1.69683137389324e-29
56234132519.03479766845703 4.73684 1.69818335856666e-29
56234132519.03479766845703 9.47368 1.70225453906266e-29
56234132519.03479766845703 14.21053 1.70914457936897e-29
56234132519.03479766845703 18.94737 1.71895388589772e-29
56234132519.03479766845703 23.68421 1.73193449003095e-29
56234132519.03479766845703 28.42105 1.74833175435285e-29
56234132519.03479766845703 33.15789 1.76857810730176e-29
56234132519.03479766845703 37.89474 1.79323580382999e-29
56234132519.03479766845703 42.63158 1.82287027104373e-29
56234132519.03479766845703 47.36842 1.85828487798261e-29
56234132519.03479766845703 52.10526 1.90058498115940e-29
56234132519.03479766845703 56.84211 1.95133040158214e-29
56234132519.03479766845703 61.57895 2.01231429900232e-29
56234132519.03479766845703 66.31579 2.08606353483067e-29
56234132519.03479766845703 71.05263 2.17568505354170e-29
56234132519.03479766845703 75.78947 2.28418404665817e-29
56234132519.03479766845703 80.52632 2.40953399984891e-29
56234132519.03479766845703 85.26316 2.50732664866703e-29
56234132519.03479766845703 90.00000 2.21098107294661e-29
70794578438.41374206542969 0.00000 8.59448116439651e-30
70794578438.41374206542969 4.73684 8.60113774028398e-30
70794578438.41374206542969 9.47368 8.62123045989614e-30
70794578438.41374206542969 14.21053 8.65525075914817e-30
70794578438.41374206542969 18.94737 8.70375540670954e-30
70794578438.41374206542969 23.68421 8.76809125790257e-30
70794578438.41374206542969 28.42105 8.84955659360150e-30
70794578438.41374206542969 33.15789 8.95048597616309e-30
70794578438.41374206542969 37.89474 9.07388859979416e-30
70794578438.41374206542969 42.63158 9.22290129156504e-30
70794578438.41374206542969 47.36842 9.40195978786799e-30
70794578438.41374206542969 52.10526 9.61721021895754e-30
70794578438.41374206542969 56.84211 9.87736804104069e-30
70794578438.41374206542969 61.57895 1.01927202580906e-29
70794578438.41374206542969 66.31579 1.05778404385543e-29
70794578438.41374206542969 71.05263 1.10509942959667e-29
70794578438.41374206542969 75.78947 1.16305419875556e-29
70794578438.41374206542969 80.52632 1.23077879705657e-29
70794578438.41374206542969 85.26316 1.28467620780074e-29
70794578438.41374206542969 90.00000 1.13377942057726e-29
89125093813.37458801269531 0.00000 4.35907963578480e-30
89125093813.37458801269531 4.73684 4.36230147285552e-30
89125093813.37458801269531 9.47368 4.37205135720408e-30
89125093813.37458801269531 14.21053 4.38856662971419e-30
89125093813.37458801269531 18.94737 4.41214477338239e-30
89125093813.37458801269531 23.68421 4.44349201163367e-30
89125093813.37458801269531 28.42105 4.48327841571690e-30
89125093813.37458801269531 33.15789 4.53273781530360e-30
89125093813.37458801269531 37.89474 4.59345076580448e-30
89125093813.37458801269531 42.63158 4.66711241332305e-30
89125093813.37458801269531 47.36842 4.75611850822762e-30
89125093813.37458801269531 52.10526 4.86381968986928e-30
89125093813.37458801269531 56.84211 4.99500409264466e-30
89125093813.37458801269531 61.57895 5.15547227654102e-30
89125093813.37458801269531 66.31579 5.35353590580142e-30
89125093813.37458801269531 71.05263 5.59989915864797e-30
89125093813.37458801269531 75.78947 5.90596663910960e-30
89125093813.37458801269531 80.52632 6.26939242902128e-30
89125093813.37458801269531 85.26316 6.56697504604652e-30
89125093813.37458801269531 90.00000 5.80051966437224e-30
