0.08912509381337 0.00000 2.35253535396301e-06
0.08912509381337 4.73684 2.31429584868856e-06
0.08912509381337 9.47368 2.20351325527287e-06
0.08912509381337 14.21053 2.03083643920786e-06
0.08912509381337 18.94737 1.81033063941015e-06
0.08912509381337 23.68421 1.55463032501494e-06
0.08912509381337 28.42105 1.28769847039500e-06
0.08912509381337 33.15789 1.02374525451333e-06
0.08912509381337 37.89474 7.80368035606960e-07
0.08912509381337 42.63158 5.69360798970576e-07
0.08912509381337 47.36842 3.96031522187546e-07
0.08912509381337 52.10526 2.60523772487980e-07
0.08912509381337 56.84211 1.60711954960429e-07
0.08912509381337 61.57895 9.11589059795367e-08
0.08912509381337 66.31579 4.60874723705316e-08
0.08912509381337 71.05263 1.98409411008843e-08
0.08912509381337 75.78947 6.80415855901600e-09
0.08912509381337 80.52632 1.65832635331612e-09
0.08912509381337 85.26316 2.19467709580002e-10
0.08912509381337 90.00000 9.19144123817947e-12
0.11220184543020 0.00000 2.48188405699244e-06
0.11220184543020 4.73684 2.44260416483932e-06
0.11220184543020 9.47368 2.32871533411871e-06
0.11220184543020 14.21053 2.15085135458476e-06
0.11220184543020 18.94737 1.92303220186591e-06
0.11220184543020 23.68421 1.65782596046083e-06
0.11220184543020 28.42105 1.37955046223805e-06
0.11220184543020 33.15789 1.10265209044529e-06
0.11220184543020 37.89474 8.45462140632604e-07
0.11220184543020 42.63158 6.20615850116009e-07
0.11220184543020 47.36842 4.34285263873763e-07
0.11220184543020 52.10526 2.87305294603999e-07
0.11220184543020 56.84211 1.78165402043340e-07
0.11220184543020 61.57895 1.01566017893667e-07
0.11220184543020 66.31579 5.16037258831788e-08
0.11220184543020 71.05263 2.23242679115658e-08
0.11220184543020 75.78947 7.68731068945982e-09
0.11220184543020 80.52632 1.87761661643917e-09
0.11220184543020 85.26316 2.48676835467920e-10
0.11220184543020 90.00000 1.04090053251467e-11
0.14125375446228 0.00000 2.61824222350445e-06
0.14125375446228 4.73684 2.57791081599688e-06
0.14125375446228 9.47368 2.46090386637274e-06
0.14125375446228 14.21053 2.27786455919670e-06
0.14125375446228 18.94737 2.04270941777610e-06
0.14125375446228 23.68421 1.76778702646738e-06
0.14125375446228 28.42105 1.47789303949918e-06
0.14125375446228 33.15789 1.18761039620130e-06
0.14125375446228 37.89474 9.15958196032088e-07
0.14125375446228 42.63158 6.76474354182292e-07
0.14125375446228 47.36842 4.76221097348006e-07
0.14125375446228 52.10526 3.16835852294490e-07
0.14125375446228 56.84211 1.97512440331192e-07
0.14125375446228 61.57895 1.13159688060772e-07
0.14125375446228 66.31579 5.77797829553824e-08
0.14125375446228 71.05263 2.51177434021944e-08
0.14125375446228 75.78947 8.68490292340848e-09
0.14125375446228 80.52632 2.12587234597583e-09
0.14125375446228 85.26316 2.81768953530416e-10
0.14125375446228 90.00000 1.17876675719988e-11
0.17782794100389 0.00000 2.73022256794591e-06
0.17782794100389 4.73684 2.68949452075396e-06
0.17782794100389 9.47368 2.57125001196020e-06
0.17782794100389 14.21053 2.38591017439743e-06
0.17782794100389 18.94737 2.14688084881630e-06
0.17782794100389 23.68421 1.86619489859796e-06
0.17782794100389 28.42105 1.56838368922661e-06
0.17782794100389 33.15789 1.26801273164493e-06
0.17782794100389 37.89474 9.84521146134074e-07
0.17782794100389 42.63158 7.32153343251553e-07
0.17782794100389 47.36842 5.18918922282019e-07
0.17782794100389 52.10526 3.47440318543744e-07
0.17782794100389 56.84211 2.17833579451914e-07
0.17782794100389 61.57895 1.25455743826044e-07
0.17782794100389 66.31579 6.43660755823599e-08
0.17782794100389 71.05263 2.81082602689257e-08
0.17782794100389 75.78947 9.75882678796201e-09
0.17782794100389 80.52632 2.39478319340162e-09
0.17782794100389 85.26316 3.17756678326911e-10
0.17782794100389 90.00000 1.32853074497744e-11
0.22387211385683 0.00000 2.81487520907819e-06
0.22387211385683 4.73684 2.77452447592228e-06
0.22387211385683 9.47368 2.65685830912133e-06
0.22387211385683 14.21053 2.47202282913869e-06
0.22387211385683 18.94737 2.23285510486017e-06
0.22387211385683 23.68421 1.95037660624940e-06
0.22387211385683 28.42105 1.64874577204168e-06
0.22387211385683 33.15789 1.34192897194070e-06
0.22387211385683 37.89474 1.04956383880822e-06
0.22387211385683 42.63158 7.86500147655336e-07
0.22387211385683 47.36842 5.61695409954566e-07
0.22387211385683 52.10526 3.78736578114688e-07
0.22387211385683 56.84211 2.38996762339984e-07
0.22387211385683 61.57895 1.38433095140707e-07
0.22387211385683 66.31579 7.13847860745489e-08
0.22387211385683 71.05263 3.13230597174634e-08
0.22387211385683 75.78947 1.09242560597928e-08
0.22387211385683 80.52632 2.68920318036076e-09
0.22387211385683 85.26316 3.57380362278556e-10
0.22387211385683 90.00000 1.49332625731010e-11
0.28183829312645 0.00000 2.86659383872598e-06
0.28183829312645 4.73684 2.82708898588588e-06
0.28183829312645 9.47368 2.71212111725673e-06
0.28183829312645 14.21053 2.53085984417896e-06
0.28183829312645 18.94737 2.29522394861839e-06
0.28183829312645 23.68421 2.01541235016296e-06
0.28183829312645 28.42105 1.71450169720177e-06
0.28183829312645 33.15789 1.40558287671576e-06
0.28183829312645 37.89474 1.10811089134052e-06
0.28183829312645 42.63158 8.37251004700128e-07
0.28183829312645 47.36842 6.02978058966891e-07
0.28183829312645 52.10526 4.09808772837513e-07
0.28183829312645 56.84211 2.60519281696896e-07
0.28183829312645 61.57895 1.51899058268532e-07
0.28183829312645 66.31579 7.87899050861507e-08
0.28183829312645 71.05263 3.47633400012337e-08
0.28183829312645 75.78947 1.21905238132489e-08
0.28183829312645 80.52632 3.01308055151843e-09
0.28183829312645 85.26316 4.01311811125480e-10
0.28183829312645 90.00000 1.67606408781655e-11
0.35481338923358 0.00000 2.87707838440231e-06
0.35481338923358 4.73684 2.83933199273753e-06
0.35481338923358 9.47368 2.72876561232002e-06
0.35481338923358 14.21053 2.55423401290848e-06
0.35481338923358 18.94737 2.32644999501685e-06
0.35481338923358 23.68421 2.05404658615813e-06
0.35481338923358 28.42105 1.75881359021646e-06
0.35481338923358 33.15789 1.45302167024979e-06
0.35481338923358 37.89474 1.15528534419937e-06
0.35481338923358 42.63158 8.80783688463951e-07
0.35481338923358 47.36842 6.40151409608328e-07
0.35481338923358 52.10526 4.38994464060399e-07
0.35481338923358 56.84211 2.81445122758727e-07
0.35481338923358 61.57895 1.65387731434074e-07
0.35481338923358 66.31579 8.63891735640336e-08
0.35481338923358 71.05263 3.83770382125059e-08
0.35481338923358 75.78947 1.35514651891571e-08
0.35481338923358 80.52632 3.36719382420976e-09
0.35481338923358 85.26316 4.49859034651211e-10
0.35481338923358 90.00000 1.87826794034413e-11
0.44668359215096 0.00000 2.83145407232066e-06
0.44668359215096 4.73684 2.79623889951298e-06
0.44668359215096 9.47368 2.69265674390782e-06
0.44668359215096 14.21053 2.52828357712941e-06
0.44668359215096 18.94737 2.31337425027400e-06
0.44668359215096 23.68421 2.05412191974438e-06
0.44668359215096 28.42105 1.77136339610545e-06
0.44668359215096 33.15789 1.47521776014218e-06
0.44668359215096 37.89474 1.18357234962882e-06
0.44668359215096 42.63158 9.11251039046031e-07
0.44668359215096 47.36842 6.68979407084130e-07
0.44668359215096 52.10526 4.63424185361566e-07
0.44668359215096 56.84211 3.00056526841714e-07
0.44668359215096 61.57895 1.77967431707160e-07
0.44668359215096 66.31579 9.37644352881651e-08
0.44668359215096 71.05263 4.20130245881287e-08
0.44668359215096 75.78947 1.49663517791864e-08
0.44668359215096 80.52632 3.74439781690563e-09
0.44668359215096 85.26316 5.02368096961218e-10
0.44668359215096 90.00000 2.09765254468675e-11
0.56234132519035 0.00000 2.72908522961081e-06
0.56234132519035 4.73684 2.69672023253392e-06
0.56234132519035 9.47368 2.60221519171153e-06
0.56234132519035 14.21053 2.45186863605310e-06
0.56234132519035 18.94737 2.25358691377854e-06
0.56234132519035 23.68421 2.01346413574789e-06
0.56234132519035 28.42105 1.74886605459130e-06
0.56234132519035 33.15789 1.46911044956988e-06
0.56234132519035 37.89474 1.19003763282712e-06
0.56234132519035 42.63158 9.25919484530688e-07
0.56234132519035 47.36842 6.87233602697807e-07
0.56234132519035 52.10526 4.81553459074799e-07
0.56234132519035 56.84211 3.15374511944381e-07
0.56234132519035 61.57895 1.89120829124590e-07
0.56234132519035 66.31579 1.00698259943261e-07
0.56234132519035 71.05263 4.56071041484716e-08
0.56234132519035 75.78947 1.64266149568247e-08
0.56234132519035 80.52632 4.14597550966373e-09
0.56234132519035 85.26316 5.59479807895172e-10
0.56234132519035 90.00000 2.33753033954594e-11
0.70794578438414 0.00000 2.56705792728792e-06
0.70794578438414 4.73684 2.53860815169804e-06
0.70794578438414 9.47368 2.45455694906401e-06
0.70794578438414 14.21053 2.32106449362000e-06
0.70794578438414 18.94737 2.14348880997934e-06
0.70794578438414 23.68421 1.92753138432574e-06
0.70794578438414 28.42105 1.68705005058299e-06
0.70794578438414 33.15789 1.42992428969089e-06
0.70794578438414 37.89474 1.17029293573584e-06
0.70794578438414 42.63158 9.20836403220276e-07
0.70794578438414 47.36842 6.91917089257400e-07
0.70794578438414 52.10526 4.90947940569519e-07
0.70794578438414 56.84211 3.25716136520456e-07
0.70794578438414 61.57895 1.97868090964129e-07
0.70794578438414 66.31579 1.06682267544978e-07
0.70794578438414 71.05263 4.89694197770954e-08
0.70794578438414 75.78947 1.78833297853227e-08
0.70794578438414 80.52632 4.56504541855868e-09
0.70794578438414 85.26316 6.20797039769502e-10
0.70794578438414 90.00000 2.59744079028159e-11
0.89125093813375 0.00000 2.35047725758357e-06
0.89125093813375 4.73684 2.32592715587801e-06
0.89125093813375 9.47368 2.25406706631517e-06
0.89125093813375 14.21053 2.13913066118572e-06
0.89125093813375 18.94737 1.98540355617255e-06
0.89125093813375 23.68421 1.79700742860190e-06
0.89125093813375 28.42105 1.58563605703073e-06
0.89125093813375 33.15789 1.35678602729546e-06
0.89125093813375 37.89474 1.12229829100484e-06
0.89125093813375 42.63158 8.93886229090933e-07
0.89125093813375 47.36842 6.80523998755215e-07
0.89125093813375 52.10526 4.89780904196053e-07
0.89125093813375 56.84211 3.29684778099438e-07
0.89125093813375 61.57895 2.03272658522569e-07
0.89125093813375 66.31579 1.11280457418112e-07
0.89125093813375 71.05263 5.19263081605331e-08
0.89125093813375 75.78947 1.92898738356241e-08
0.89125093813375 80.52632 4.99366194714823e-09
0.89125093813375 85.26316 6.85990281418959e-10
0.89125093813375 90.00000 2.87775636238909e-11
1.12201845430196 0.00000 2.08819652659753e-06
1.12201845430196 4.73684 2.06812844413933e-06
1.12201845430196 9.47368 2.00843256608598e-06
1.12201845430196 14.21053 1.91292390673843e-06
1.12201845430196 18.94737 1.78511467172652e-06
1.12201845430196 23.68421 1.62636734508416e-06
1.12201845430196 28.42105 1.44678600414684e-06
1.12201845430196 33.15789 1.25031114375248e-06
1.12201845430196 37.89474 1.04612398117682e-06
1.12201845430196 42.63158 8.44007476846893e-07
1.12201845430196 47.36842 6.51781289093930e-07
1.12201845430196 52.10526 4.76291288326604e-07
1.12201845430196 56.84211 3.25817393267517e-07
1.12201845430196 61.57895 2.04298445614909e-07
1.12201845430196 66.31579 1.13846168604216e-07
1.12201845430196 71.05263 5.42130790869120e-08
1.12201845430196 75.78947 2.05641404221080e-08
1.12201845430196 80.52632 5.41748044338083e-09
1.12201845430196 85.26316 7.54133735380619e-10
1.12201845430196 90.00000 3.17685107597341e-11
1.41253754462275 0.00000 1.79650306854116e-06
1.41253754462275 4.73684 1.78039767283917e-06
1.41253754462275 9.47368 1.73314105986289e-06
1.41253754462275 14.21053 1.65688557643806e-06
1.41253754462275 18.94737 1.55439569047024e-06
1.41253754462275 23.68421 1.42584006043228e-06
1.41253754462275 28.42105 1.27919149054255e-06
1.41253754462275 33.15789 1.11649132908538e-06
1.41253754462275 37.89474 9.45450222002744e-07
1.41253754462275 42.63158 7.72993882272431e-07
1.41253754462275 47.36842 6.06006936862746e-07
1.41253754462275 52.10526 4.50096651945549e-07
1.41253754462275 56.84211 3.13439041258632e-07
1.41253754462275 61.57895 2.00331384687604e-07
1.41253754462275 66.31579 1.14005955671667e-07
1.41253754462275 71.05263 5.56110122493738e-08
1.41253754462275 75.78947 2.16262304866336e-08
1.41253754462275 80.52632 5.82409441529288e-09
1.41253754462275 85.26316 8.24639159226068e-10
1.41253754462275 90.00000 3.49539411703267e-11
1.77827941003892 0.00000 1.49128568393806e-06
1.77827941003892 4.73684 1.47919045974378e-06
1.77827941003892 9.47368 1.44294808958138e-06
1.77827941003892 14.21053 1.38464059027451e-06
1.77827941003892 18.94737 1.30561446853896e-06
1.77827941003892 23.68421 1.20611943400830e-06
1.77827941003892 28.42105 1.09126642657560e-06
1.77827941003892 33.15789 9.62384668574418e-07
1.77827941003892 37.89474 8.24962209609283e-07
1.77827941003892 42.63158 6.83872782920556e-07
1.77827941003892 47.36842 5.44348830913422e-07
1.77827941003892 52.10526 4.11528322191532e-07
1.77827941003892 56.84211 2.92211285787613e-07
1.77827941003892 61.57895 1.90768503430513e-07
1.77827941003892 66.31579 1.11282704953637e-07
1.77827941003892 71.05263 5.58601198620091e-08
1.77827941003892 75.78947 2.23671726670868e-08
1.77827941003892 80.52632 6.18604018746952e-09
1.77827941003892 85.26316 8.95215830705461e-10
1.77827941003892 90.00000 3.82836752659524e-11
2.23872113856834 0.00000 1.19253131161635e-06
2.23872113856834 4.73684 1.18359854842283e-06
2.23872113856834 9.47368 1.15732488275568e-06
2.23872113856834 14.21053 1.11460725113773e-06
2.23872113856834 18.94737 1.05650379958191e-06
2.23872113856834 23.68421 9.82704224518665e-07
2.23872113856834 28.42105 8.96391413881030e-07
2.23872113856834 33.15789 7.98717873156459e-07
2.23872113856834 37.89474 6.92967778841306e-07
2.23872113856834 42.63158 5.82519361923111e-07
2.23872113856834 47.36842 4.71109114539458e-07
2.23872113856834 52.10526 3.62759540883799e-07
2.23872113856834 56.84211 2.62941607268958e-07
2.23872113856834 61.57895 1.75927529461658e-07
2.23872113856834 66.31579 1.05694065512956e-07
2.23872113856834 71.05263 5.48270336199717e-08
2.23872113856834 75.78947 2.27159432635639e-08
2.23872113856834 80.52632 6.48321233122278e-09
2.23872113856834 85.26316 9.64221444504394e-10
2.23872113856834 90.00000 4.17536176242337e-11
2.81838293126445 0.00000 9.14744155953941e-07
2.81838293126445 4.73684 9.08633682996029e-07
2.81838293126445 9.47368 8.90199048568319e-07
2.81838293126445 14.21053 8.60380984703613e-07
2.81838293126445 18.94737 8.19519772085460e-07
2.81838293126445 23.68421 7.67289967805978e-07
2.81838293126445 28.42105 7.05853687009942e-07
2.81838293126445 33.15789 6.35198123868532e-07
2.81838293126445 37.89474 5.57584046708157e-07
2.81838293126445 42.63158 4.75340280132512e-07
2.81838293126445 47.36842 3.90955441131896e-07
2.81838293126445 52.10526 3.06880030593261e-07
2.81838293126445 56.84211 2.27623015852945e-07
2.81838293126445 61.57895 1.56595511838011e-07
2.81838293126445 66.31579 9.71918399219895e-08
2.81838293126445 71.05263 5.23631867308880e-08
2.81838293126445 75.78947 2.25385669923896e-08
2.81838293126445 80.52632 6.68132881403653e-09
2.81838293126445 85.26316 1.02802329078741e-09
2.81838293126445 90.00000 4.52920506101027e-11
3.54813389233575 0.00000 6.70275576391751e-07
3.54813389233575 4.73684 6.66170777230579e-07
3.54813389233575 9.47368 6.54069617342756e-07
3.54813389233575 14.21053 6.34278924797635e-07
3.54813389233575 18.94737 6.06948321422179e-07
3.54813389233575 23.68421 5.71863669298618e-07
3.54813389233575 28.42105 5.30455627021656e-07
3.54813389233575 33.15789 4.82156476775029e-07
3.54813389233575 37.89474 4.28308294983340e-07
3.54813389233575 42.63158 3.70513391264609e-07
3.54813389233575 47.36842 3.10104901923899e-07
3.54813389233575 52.10526 2.48800906088176e-07
3.54813389233575 56.84211 1.89318729453337e-07
3.54813389233575 61.57895 1.34356045629204e-07
3.54813389233575 66.31579 8.64785407291423e-08
3.54813389233575 71.05263 4.85204687765998e-08
3.54813389233575 75.78947 2.18096625509110e-08
3.54813389233575 80.52632 6.75691554184351e-09
3.54813389233575 85.26316 1.08389050886828e-09
3.54813389233575 90.00000 4.88498078243601e-11
4.46683592150963 0.00000 4.66539785259377e-07
4.46683592150963 4.73684 4.63961760218966e-07
4.46683592150963 9.47368 4.56458689721215e-07
4.46683592150963 14.21053 4.44251392642299e-07
4.46683592150963 18.94737 4.27373458341158e-07
4.46683592150963 23.68421 4.05348187088737e-07
4.46683592150963 28.42105 3.79180859384817e-07
4.46683592150963 33.15789 3.48382235156259e-07
4.46683592150963 37.89474 3.13659589646474e-07
4.46683592150963 42.63158 2.75748502944017e-07
4.46683592150963 47.36842 2.35242095357569e-07
4.46683592150963 52.10526 1.93289084317022e-07
4.46683592150963 56.84211 1.51283783531998e-07
4.46683592150963 61.57895 1.11022395597392e-07
4.46683592150963 66.31579 7.43063675201707e-08
4.46683592150963 71.05263 4.34875460129603e-08
4.46683592150963 75.78947 2.04748734973674e-08
4.46683592150963 80.52632 6.68595585959501e-09
4.46683592150963 85.26316 1.12713294965947e-09
4.46683592150963 90.00000 5.23301164509030e-11
5.62341325190349 0.00000 3.10043271569182e-07
5.62341325190349 4.73684 3.08649947885171e-07
5.62341325190349 9.47368 3.04328570497581e-07
5.62341325190349 14.21053 2.97260980270725e-07
5.62341325190349 18.94737 2.87654035700348e-07
5.62341325190349 23.68421 2.74893578202626e-07
5.62341325190349 28.42105 2.59463059921910e-07
5.62341325190349 33.15789 2.41241758418905e-07
5.62341325190349 37.89474 2.20334110267498e-07
5.62341325190349 42.63158 1.97075723259031e-07
5.62341325190349 47.36842 1.71715456212734e-07
5.62341325190349 52.10526 1.44519720326605e-07
5.62341325190349 56.84211 1.16514938604611e-07
5.62341325190349 61.57895 8.83591067387830e-08
5.62341325190349 66.31579 6.14360454036115e-08
5.62341325190349 71.05263 3.75983470147900e-08
5.62341325190349 75.78947 1.86051782457792e-08
5.62341325190349 80.52632 6.44585107696693e-09
5.62341325190349 85.26316 1.15400332236387e-09
5.62341325190349 90.00000 5.56576405706830e-11
7.07945784384137 0.00000 1.99915816974541e-07
7.07945784384137 4.73684 1.99144018700393e-07
7.07945784384137 9.47368 1.96865448138311e-07
7.07945784384137 14.21053 1.93041918794668e-07
7.07945784384137 18.94737 1.87851648195096e-07
7.07945784384137 23.68421 1.80841338174233e-07
7.07945784384137 28.42105 1.72345168881107e-07
7.07945784384137 33.15789 1.62058713363012e-07
7.07945784384137 37.89474 1.50122589644251e-07
7.07945784384137 42.63158 1.36509115631968e-07
7.07945784384137 47.36842 1.21320470015028e-07
7.07945784384137 52.10526 1.04494821013023e-07
7.07945784384137 56.84211 8.66089630206134e-08
7.07945784384137 61.57895 6.77994860423936e-08
7.07945784384137 66.31579 4.89543410851956e-08
7.07945784384137 71.05263 3.13037268346113e-08
7.07945784384137 75.78947 1.63750090091890e-08
7.07945784384137 80.52632 6.05467069066037e-09
7.07945784384137 85.26316 1.16248984412149e-09
7.07945784384137 90.00000 5.88349892984848e-11
8.91250938133745 0.00000 1.26055268417676e-07
8.91250938133745 4.73684 1.25668275513456e-07
8.91250938133745 9.47368 1.24470200240107e-07
8.91250938133745 14.21053 1.22493231538480e-07
8.91250938133745 18.94737 1.19755749430318e-07
8.91250938133745 23.68421 1.16073275655512e-07
8.91250938133745 28.42105 1.11536405250988e-07
8.91250938133745 33.15789 1.05972834297962e-07
8.91250938133745 37.89474 9.93758891833446e-08
8.91250938133745 42.63158 9.16870620873945e-08
8.91250938133745 47.36842 8.29000292904256e-08
8.91250938133745 52.10526 7.29007449914076e-08
8.91250938133745 56.84211 6.18871322897415e-08
8.91250938133745 61.57895 4.99170563451312e-08
8.91250938133745 66.31579 3.73581058191813e-08
8.91250938133745 71.05263 2.50121882540738e-08
8.91250938133745 75.78947 1.38798174676244e-08
8.91250938133745 80.52632 5.51872986401050e-09
8.91250938133745 85.26316 1.14632549636723e-09
8.91250938133745 90.00000 6.16616944960204e-11
11.22018454301962 0.00000 7.76007588720096e-08
11.22018454301962 4.73684 7.73976617025476e-08
11.22018454301962 9.47368 7.67969602156671e-08
11.22018454301962 14.21053 7.57941165072893e-08
11.22018454301962 18.94737 7.43819127281092e-08
11.22018454301962 23.68421 7.24691802947983e-08
11.22018454301962 28.42105 7.00950497796746e-08
11.22018454301962 33.15789 6.71508681371959e-08
11.22018454301962 37.89474 6.36012278578031e-08
11.22018454301962 42.63158 5.94196048516642e-08
11.22018454301962 47.36842 5.45211388932162e-08
11.22018454301962 52.10526 4.88367693722368e-08
11.22018454301962 56.84211 4.24203420621353e-08
11.22018454301962 61.57895 3.51916714906640e-08
11.22018454301962 66.31579 2.73012902978795e-08
11.22018454301962 71.05263 1.91519240264262e-08
11.22018454301962 75.78947 1.12862177473769e-08
11.22018454301962 80.52632 4.84888018599143e-09
11.22018454301962 85.26316 1.10505487317993e-09
11.22018454301962 90.00000 6.39140808009798e-11
14.12537544622753 0.00000 4.58155172600237e-08
14.12537544622753 4.73684 4.57246840908879e-08
14.12537544622753 9.47368 4.54349681444944e-08
14.12537544622753 14.21053 4.49696855376584e-08
14.12537544622753 18.94737 4.42882329804764e-08
14.12537544622753 23.68421 4.33730032657932e-08
14.12537544622753 28.42105 4.22323579095139e-08
14.12537544622753 33.15789 4.07807053020837e-08
14.12537544622753 37.89474 3.90248766518879e-08
14.12537544622753 42.63158 3.69045272921554e-08
14.12537544622753 47.36842 3.43816503214407e-08
14.12537544622753 52.10526 3.13714526078435e-08
14.12537544622753 56.84211 2.78803798813515e-08
14.12537544622753 61.57895 2.38006958072345e-08
14.12537544622753 66.31579 1.91606711200734e-08
14.12537544622753 71.05263 1.40787258201023e-08
14.12537544622753 75.78947 8.80755625439432e-09
14.12537544622753 80.52632 4.10121979436596e-09
14.12537544622753 85.26316 1.03422953986468e-09
14.12537544622753 90.00000 6.53464027097029e-11
17.78279410038921 0.00000 2.64540088938046e-08
17.78279410038921 4.73684 2.64119084934502e-08
17.78279410038921 9.47368 2.62875508758234e-08
17.78279410038921 14.21053 2.60770414092813e-08
17.78279410038921 18.94737 2.57793059876223e-08
17.78279410038921 23.68421 2.53660842820812e-08
17.78279410038921 28.42105 2.48413130450960e-08
17.78279410038921 33.15789 2.41755937510537e-08
17.78279410038921 37.89474 2.33452913485353e-08
17.78279410038921 42.63158 2.23257080515895e-08
17.78279410038921 47.36842 2.10935202906425e-08
17.78279410038921 52.10526 1.95759595581192e-08
17.78279410038921 56.84211 1.77527561175796e-08
17.78279410038921 61.57895 1.55608058541222e-08
17.78279410038921 66.31579 1.29566132741684e-08
17.78279410038921 71.05263 9.93877679833577e-09
17.78279410038921 75.78947 6.60482803499333e-09
17.78279410038921 80.52632 3.33797515256939e-09
17.78279410038921 85.26316 9.36376028242377e-10
17.78279410038921 90.00000 6.57696736142113e-11
22.38721138568340 0.00000 1.48702839522566e-08
22.38721138568340 4.73684 1.48546492044938e-08
22.38721138568340 9.47368 1.48025362575884e-08
22.38721138568340 14.21053 1.47156611813659e-08
22.38721138568340 18.94737 1.45981654316446e-08
22.38721138568340 23.68421 1.44220687632841e-08
22.38721138568340 28.42105 1.42011759185931e-08
22.38721138568340 33.15789 1.39148628280874e-08
22.38721138568340 37.89474 1.35500865466211e-08
22.38721138568340 42.63158 1.30961146769830e-08
22.38721138568340 47.36842 1.25247480306575e-08
22.38721138568340 52.10526 1.18041976460092e-08
22.38721138568340 56.84211 1.09126334826741e-08
22.38721138568340 61.57895 9.80321350293329e-09
22.38721138568340 66.31579 8.42232519179994e-09
22.38721138568340 71.05263 6.73625934697446e-09
22.38721138568340 75.78947 4.74819966085725e-09
22.38721138568340 80.52632 2.60458058396050e-09
22.38721138568340 85.26316 8.19585853818754e-10
22.38721138568340 90.00000 6.49564776070049e-11
28.18382931264455 0.00000 8.17937409713396e-09
28.18382931264455 4.73684 8.17344229005403e-09
28.18382931264455 9.47368 8.15604932803604e-09
28.18382931264455 14.21053 8.12610014942375e-09
28.18382931264455 18.94737 8.08396524161892e-09
28.18382931264455 23.68421 8.01860142065769e-09
28.18382931264455 28.42105 7.93580806840903e-09
28.18382931264455 33.15789 7.82604302301313e-09
28.18382931264455 37.89474 7.68060156153317e-09
28.18382931264455 42.63158 7.49358304348961e-09
28.18382931264455 47.36842 7.25063353913931e-09
28.18382931264455 52.10526 6.93262865605552e-09
28.18382931264455 56.84211 6.52543246920930e-09
28.18382931264455 61.57895 5.99200201076031e-09
28.18382931264455 66.31579 5.29853049127937e-09
28.18382931264455 71.05263 4.40875415458353e-09
28.18382931264455 75.78947 3.27813622045706e-09
28.18382931264455 80.52632 1.94867122893334e-09
28.18382931264455 85.26316 6.91827157578154e-10
28.18382931264455 90.00000 6.27344197297376e-11
35.48133892335753 0.00000 4.41729672841558e-09
35.48133892335753 4.73684 4.41615358383607e-09
35.48133892335753 9.47368 4.41132508006286e-09
35.48133892335753 14.21053 4.40376804356096e-09
35.48133892335753 18.94737 4.39220138787664e-09
35.48133892335753 23.68421 4.37421476862673e-09
35.48133892335753 28.42105 4.34955791455464e-09
35.48133892335753 33.15789 4.31390182939070e-09
35.48133892335753 37.89474 4.26463569678766e-09
35.48133892335753 42.63158 4.19623010097982e-09
35.48133892335753 47.36842 4.10332406974819e-09
35.48133892335753 52.10526 3.97637893044909e-09
35.48133892335753 56.84211 3.80217960335656e-09
35.48133892335753 61.57895 3.56483281736651e-09
35.48133892335753 66.31579 3.23677652065176e-09
35.48133892335753 71.05263 2.79187334683603e-09
35.48133892335753 75.78947 2.18249027911397e-09
35.48133892335753 80.52632 1.40125573847658e-09
35.48133892335753 85.26316 5.61400119651030e-10
35.48133892335753 90.00000 5.90601572705683e-11
44.66835921509626 0.00000 2.35003118485203e-09
44.66835921509626 4.73684 2.35007370014632e-09
44.66835921509626 9.47368 2.35028354230023e-09
44.66835921509626 14.21053 2.35037556245726e-09
44.66835921509626 18.94737 2.35031659793861e-09
44.66835921509626 23.68421 2.34857655297829e-09
44.66835921509626 28.42105 2.34559020958279e-09
44.66835921509626 33.15789 2.33823588669858e-09
44.66835921509626 37.89474 2.32678937853747e-09
44.66835921509626 42.63158 2.30816193037084e-09
44.66835921509626 47.36842 2.27908233698882e-09
44.66835921509626 52.10526 2.23445211686250e-09
44.66835921509626 56.84211 2.16889002038456e-09
44.66835921509626 61.57895 2.07113782608605e-09
44.66835921509626 66.31579 1.92678903908227e-09
44.66835921509626 71.05263 1.71707373555771e-09
44.66835921509626 75.78947 1.40782318871004e-09
44.66835921509626 80.52632 9.69864508385183e-10
44.66835921509626 85.26316 4.36114345905430e-10
44.66835921509626 90.00000 5.39709925240656e-11
56.23413251903485 0.00000 1.23289426325609e-09
56.23413251903485 4.73684 1.23341314098575e-09
56.23413251903485 9.47368 1.23460948226836e-09
56.23413251903485 14.21053 1.23673274269791e-09
56.23413251903485 18.94737 1.23975299561096e-09
56.23413251903485 23.68421 1.24243782891061e-09
56.23413251903485 28.42105 1.24573352125844e-09
56.23413251903485 33.15789 1.24830277986735e-09
56.23413251903485 37.89474 1.24953027577346e-09
56.23413251903485 42.63158 1.24847197989925e-09
56.23413251903485 47.36842 1.24381491662338e-09
56.23413251903485 52.10526 1.23265128991427e-09
56.23413251903485 56.84211 1.21268563775602e-09
56.23413251903485 61.57895 1.17782290127625e-09
56.23413251903485 66.31579 1.12048006618555e-09
56.23413251903485 71.05263 1.02799834909962e-09
56.23413251903485 75.78947 8.78980511960861e-10
56.23413251903485 80.52632 6.46720703738288e-10
56.23413251903485 85.26316 3.24436048716164e-10
56.23413251903485 90.00000 4.77302508294633e-11
70.79457843841374 0.00000 6.37080679178122e-10
70.79457843841374 4.73684 6.37501778966617e-10
70.79457843841374 9.47368 6.38779924133985e-10
70.79457843841374 14.21053 6.40860643075911e-10
70.79457843841374 18.94737 6.43739503783421e-10
70.79457843841374 23.68421 6.47227900328700e-10
70.79457843841374 28.42105 6.51325533171336e-10
70.79457843841374 33.15789 6.55697022859848e-10
70.79457843841374 37.89474 6.60132826342151e-10
70.79457843841374 42.63158 6.64083364107582e-10
70.79457843841374 47.36842 6.67074618982394e-10
70.79457843841374 52.10526 6.67760811112243e-10
70.79457843841374 56.84211 6.65014860722307e-10
70.79457843841374 61.57895 6.56115595852977e-10
70.79457843841374 66.31579 6.36672978545511e-10
70.79457843841374 71.05263 6.00049530629101e-10
70.79457843841374 75.78947 5.33350847311129e-10
70.79457843841374 80.52632 4.16728757858195e-10
70.79457843841374 85.26316 2.31379053130651e-10
70.79457843841374 90.00000 4.06827865334682e-11
89.12509381337449 0.00000 3.24228077199443e-10
89.12509381337449 4.73684 3.24511370185590e-10
89.12509381337449 9.47368 3.25441747344911e-10
89.12509381337449 14.21053 3.27054556745524e-10
89.12509381337449 18.94737 3.29191850817599e-10
89.12509381337449 23.68421 3.31888889375608e-10
89.12509381337449 28.42105 3.35147226730572e-10
89.12509381337449 33.15789 3.38871663276078e-10
89.12509381337449 37.89474 3.42993442349395e-10
89.12509381337449 42.63158 3.47286018106762e-10
89.12509381337449 47.36842 3.51518355248288e-10
89.12509381337449 52.10526 3.55308579217034e-10
89.12509381337449 56.84211 3.58010448602010e-10
89.12509381337449 61.57895 3.58285504992249e-10
89.12509381337449 66.31579 3.54065294232445e-10
89.12509381337449 71.05263 3.42009618226636e-10
89.12509381337449 75.78947 3.14736930574844e-10
89.12509381337449 80.52632 2.59660433200132e-10
89.12509381337449 85.26316 1.59122083856039e-10
89.12509381337449 90.00000 3.33362502295152e-11
112.20184543019630 0.00000 1.62529287313335e-10
112.20184543019630 4.73684 1.62738047651645e-10
112.20184543019630 9.47368 1.63325261097076e-10
112.20184543019630 14.21053 1.64323672869411e-10
112.20184543019630 18.94737 1.65728984611621e-10
112.20184543019630 23.68421 1.67522738930928e-10
112.20184543019630 28.42105 1.69726051044413e-10
112.20184543019630 33.15789 1.72320893132067e-10
112.20184543019630 37.89474 1.75258217158969e-10
112.20184543019630 42.63158 1.78506765496295e-10
112.20184543019630 47.36842 1.82011757962138e-10
112.20184543019630 52.10526 1.85616717286743e-10
112.20184543019630 56.84211 1.88995610774252e-10
112.20184543019630 61.57895 1.91699464157607e-10
112.20184543019630 66.31579 1.92771443012915e-10
112.20184543019630 71.05263 1.90406064726784e-10
112.20184543019630 75.78947 1.80947742854136e-10
112.20184543019630 80.52632 1.56984595492190e-10
112.20184543019630 85.26316 1.05018534375106e-10
112.20184543019630 90.00000 2.61845443903494e-11
141.25375446227525 0.00000 8.00373118777114e-11
141.25375446227525 4.73684 8.01555137179870e-11
141.25375446227525 9.47368 8.05122249913692e-11
141.25375446227525 14.21053 8.11053800805972e-11
141.25375446227525 18.94737 8.19391241342045e-11
141.25375446227525 23.68421 8.30432735307646e-11
141.25375446227525 28.42105 8.43928292386244e-11
141.25375446227525 33.15789 8.59926149427321e-11
141.25375446227525 37.89474 8.78726919768162e-11
141.25375446227525 42.63158 9.00104586744618e-11
141.25375446227525 47.36842 9.23956487169652e-11
141.25375446227525 52.10526 9.50078312787966e-11
141.25375446227525 56.84211 9.77468932387592e-11
141.25375446227525 61.57895 1.00398799396153e-10
141.25375446227525 66.31579 1.02593077247221e-10
141.25375446227525 71.05263 1.03539182868438e-10
141.25375446227525 75.78947 1.01334539911470e-10
141.25375446227525 80.52632 9.19677151714721e-11
141.25375446227525 85.26316 6.67532524213174e-11
141.25375446227525 90.00000 1.96883136448790e-11
177.82794100389211 0.00000 3.87782672880413e-11
177.82794100389211 4.73684 3.88464911426274e-11
177.82794100389211 9.47368 3.90439738399846e-11
177.82794100389211 14.21053 3.93789666417892e-11
177.82794100389211 18.94737 3.98564132871841e-11
177.82794100389211 23.68421 4.04753117835592e-11
177.82794100389211 28.42105 4.12486257277652e-11
177.82794100389211 33.15789 4.21819803250692e-11
177.82794100389211 37.89474 4.32928839925894e-11
177.82794100389211 42.63158 4.45841381020750e-11
177.82794100389211 47.36842 4.60645316425256e-11
177.82794100389211 52.10526 4.77370888283279e-11
177.82794100389211 56.84211 4.95981095332945e-11
177.82794100389211 61.57895 5.15545601330957e-11
177.82794100389211 66.31579 5.34970975874595e-11
177.82794100389211 71.05263 5.50784802647826e-11
177.82794100389211 75.78947 5.54369972887480e-11
177.82794100389211 80.52632 5.24297959407832e-11
177.82794100389211 85.26316 4.10837098266386e-11
177.82794100389211 90.00000 1.41505740825414e-11
223.87211385683378 0.00000 1.85496691720851e-11
223.87211385683378 4.73684 1.85853907127200e-11
223.87211385683378 9.47368 1.86930466023543e-11
223.87211385683378 14.21053 1.88730335542384e-11
223.87211385683378 18.94737 1.91304664149970e-11
223.87211385683378 23.68421 1.94677592977298e-11
223.87211385683378 28.42105 1.98920262913790e-11
223.87211385683378 33.15789 2.04093449655905e-11
223.87211385683378 37.89474 2.10283750929081e-11
223.87211385683378 42.63158 2.17622630772060e-11
223.87211385683378 47.36842 2.26170079876386e-11
223.87211385683378 52.10526 2.36103668218261e-11
223.87211385683378 56.84211 2.47438495519367e-11
223.87211385683378 61.57895 2.60160005140846e-11
223.87211385683378 66.31579 2.73853549887416e-11
223.87211385683378 71.05263 2.87242395392872e-11
223.87211385683378 75.78947 2.96649008029291e-11
223.87211385683378 80.52632 2.91843616063982e-11
223.87211385683378 85.26316 2.44247872145095e-11
223.87211385683378 90.00000 9.73013894480961e-12
281.83829312644519 0.00000 8.77272517359897e-12
281.83829312644519 4.73684 8.79159667935248e-12
281.83829312644519 9.47368 8.84705339660472e-12
281.83829312644519 14.21053 8.94102766877654e-12
281.83829312644519 18.94737 9.07560699856551e-12
281.83829312644519 23.68421 9.25250881826903e-12
281.83829312644519 28.42105 9.47592594469788e-12
281.83829312644519 33.15789 9.75112845203416e-12
281.83829312644519 37.89474 1.00838558815189e-11
281.83829312644519 42.63158 1.04804085096708e-11
281.83829312644519 47.36842 1.09501690915603e-11
281.83829312644519 52.10526 1.15075779290079e-11
281.83829312644519 56.84211 1.21600794549044e-11
281.83829312644519 61.57895 1.29155534229172e-11
281.83829312644519 66.31579 1.37738400648443e-11
281.83829312644519 71.05263 1.47022927096193e-11
281.83829312644519 75.78947 1.55459497166188e-11
281.83829312644519 80.52632 1.58703250088013e-11
281.83829312644519 85.26316 1.40814321021985e-11
281.83829312644519 90.00000 6.41601193248758e-12
354.81338923357532 0.00000 4.10754610783001e-12
354.81338923357532 4.73684 4.11693310398751e-12
354.81338923357532 9.47368 4.14520837633052e-12
354.81338923357532 14.21053 4.19267403672186e-12
354.81338923357532 18.94737 4.26130552140625e-12
354.81338923357532 23.68421 4.35080549665366e-12
354.81338923357532 28.42105 4.46507535015547e-12
354.81338923357532 33.15789 4.60702491381073e-12
354.81338923357532 37.89474 4.77930527161030e-12
354.81338923357532 42.63158 4.98735226290584e-12
354.81338923357532 47.36842 5.23658487030448e-12
354.81338923357532 52.10526 5.53565901871409e-12
354.81338923357532 56.84211 5.89354015060250e-12
354.81338923357532 61.57895 6.31792177633804e-12
354.81338923357532 66.31579 6.81903807973883e-12
354.81338923357532 71.05263 7.39691963241457e-12
354.81338923357532 75.78947 8.00260145979162e-12
354.81338923357532 80.52632 8.43393343580882e-12
354.81338923357532 85.26316 7.89892812776145e-12
354.81338923357532 90.00000 4.05547232448266e-12
446.68359215096257 0.00000 1.90537490583069e-12
446.68359215096257 4.73684 1.91005745597119e-12
446.68359215096257 9.47368 1.92394787504365e-12
446.68359215096257 14.21053 1.94747963079176e-12
446.68359215096257 18.94737 1.98143083950644e-12
446.68359215096257 23.68421 2.02599427224752e-12
446.68359215096257 28.42105 2.08300614216418e-12
446.68359215096257 33.15789 2.15418654979455e-12
446.68359215096257 37.89474 2.24087375298666e-12
446.68359215096257 42.63158 2.34655862256675e-12
446.68359215096257 47.36842 2.47453931483909e-12
446.68359215096257 52.10526 2.62960320726923e-12
446.68359215096257 56.84211 2.81808562783026e-12
446.68359215096257 61.57895 3.04697053036172e-12
446.68359215096257 66.31579 3.32538390869021e-12
446.68359215096257 71.05263 3.65946761764126e-12
446.68359215096257 75.78947 4.04053285612548e-12
446.68359215096257 80.52632 4.38869173581957e-12
446.68359215096257 85.26316 4.32383540985700e-12
446.68359215096257 90.00000 2.45797639667144e-12
562.34132519034802 0.00000 8.76125632006601e-13
562.34132519034802 4.73684 8.78431546007537e-13
562.34132519034802 9.47368 8.85164034989242e-13
562.34132519034802 14.21053 8.96464676280333e-13
562.34132519034802 18.94737 9.13006956576363e-13
562.34132519034802 23.68421 9.34728658812665e-13
562.34132519034802 28.42105 9.62645429826655e-13
562.34132519034802 33.15789 9.97401441171949e-13
562.34132519034802 37.89474 1.04019771443596e-12
562.34132519034802 42.63158 1.09259819884189e-12
562.34132519034802 47.36842 1.15646622595680e-12
562.34132519034802 52.10526 1.23490834804977e-12
562.34132519034802 56.84211 1.33094158985944e-12
562.34132519034802 61.57895 1.44995982173276e-12
562.34132519034802 66.31579 1.59800413784344e-12
562.34132519034802 71.05263 1.78185836221193e-12
562.34132519034802 75.78947 2.00327488192585e-12
562.34132519034802 80.52632 2.23885518105493e-12
562.34132519034802 85.26316 2.30488607573751e-12
562.34132519034802 90.00000 1.43355907291486e-12
707.94578438413669 0.00000 3.99560955520174e-13
707.94578438413669 4.73684 4.00630108302769e-13
707.94578438413669 9.47368 4.03851024995260e-13
707.94578438413669 14.21053 4.09280799510391e-13
707.94578438413669 18.94737 4.17116414863611e-13
707.94578438413669 23.68421 4.27562804770313e-13
707.94578438413669 28.42105 4.40926923283145e-13
707.94578438413669 33.15789 4.57656490446139e-13
707.94578438413669 37.89474 4.78358722001955e-13
707.94578438413669 42.63158 5.03810594422487e-13
707.94578438413669 47.36842 5.35044660379073e-13
707.94578438413669 52.10526 5.73663196023772e-13
707.94578438413669 56.84211 6.21546282179459e-13
707.94578438413669 61.57895 6.81546483144341e-13
707.94578438413669 66.31579 7.57623022428943e-13
707.94578438413669 71.05263 8.54843864413967e-13
707.94578438413669 75.78947 9.77253164648202e-13
707.94578438413669 80.52632 1.11923496441160e-12
707.94578438413669 85.26316 1.19938017542186e-12
707.94578438413669 90.00000 8.06564673699969e-13
891.25093813374497 0.00000 1.80776914863805e-13
891.25093813374497 4.73684 1.81281270828044e-13
891.25093813374497 9.47368 1.82788194621097e-13
891.25093813374497 14.21053 1.85350927735196e-13
891.25093813374497 18.94737 1.89014305935291e-13
891.25093813374497 23.68421 1.93952613806233e-13
891.25093813374497 28.42105 2.00250382063762e-13
891.25093813374497 33.15789 2.08177154533787e-13
891.25093813374497 37.89474 2.18003334776482e-13
891.25093813374497 42.63158 2.30142484916046e-13
891.25093813374497 47.36842 2.45111301098043e-13
891.25093813374497 52.10526 2.63753389847476e-13
891.25093813374497 56.84211 2.87066717029431e-13
891.25093813374497 61.57895 3.16615136842190e-13
891.25093813374497 66.31579 3.54693810834130e-13
891.25093813374497 71.05263 4.04354949888345e-13
891.25093813374497 75.78947 4.69355003992954e-13
891.25093813374497 80.52632 5.49392480703925e-13
891.25093813374497 85.26316 6.10589777016537e-13
891.25093813374497 90.00000 4.38192606341021e-13
1122.01845430196295 0.00000 8.11506440446722e-14
1122.01845430196295 4.73684 8.13866394635340e-14
1122.01845430196295 9.47368 8.20843027519173e-14
1122.01845430196295 14.21053 8.32644643556872e-14
1122.01845430196295 18.94737 8.49725008380998e-14
1122.01845430196295 23.68421 8.72601188737038e-14
1122.01845430196295 28.42105 9.01904573168053e-14
1122.01845430196295 33.15789 9.38874681336739e-14
1122.01845430196295 37.89474 9.84771077691697e-14
1122.01845430196295 42.63158 1.04173273340884e-13
1122.01845430196295 47.36842 1.11230640408867e-13
1122.01845430196295 52.10526 1.20081983450740e-13
1122.01845430196295 56.84211 1.31191707704414e-13
1122.01845430196295 61.57895 1.45445738569657e-13
1122.01845430196295 66.31579 1.64025445905550e-13
1122.01845430196295 71.05263 1.88704423700997e-13
1122.01845430196295 75.78947 2.21918953365890e-13
1122.01845430196295 80.52632 2.64986379946712e-13
1122.01845430196295 85.26316 3.03598416053500e-13
1122.01845430196295 90.00000 2.30633232524275e-13
1412.53754462275265 0.00000 3.61537962307932e-14
1412.53754462275265 4.73684 3.62599780423591e-14
1412.53754462275265 9.47368 3.65798238914332e-14
1412.53754462275265 14.21053 3.71190151539500e-14
1412.53754462275265 18.94737 3.79042403541747e-14
1412.53754462275265 23.68421 3.89503934197492e-14
1412.53754462275265 28.42105 4.02972043030683e-14
1412.53754462275265 33.15789 4.19980576882865e-14
1412.53754462275265 37.89474 4.41172072873256e-14
1412.53754462275265 42.63158 4.67510877347829e-14
1412.53754462275265 47.36842 5.00288594215665e-14
1412.53754462275265 52.10526 5.41549219837506e-14
1412.53754462275265 56.84211 5.93780628105787e-14
1412.53754462275265 61.57895 6.61176094276310e-14
1412.53754462275265 66.31579 7.49931117152012e-14
1412.53754462275265 71.05263 8.69697648346185e-14
1412.53754462275265 75.78947 1.03458389958364e-13
1412.53754462275265 80.52632 1.25700657010105e-13
1412.53754462275265 85.26316 1.47944553011957e-13
1412.53754462275265 90.00000 1.17948800456297e-13
1778.27941003891920 0.00000 1.59908727308790e-14
1778.27941003891920 4.73684 1.60389660993774e-14
1778.27941003891920 9.47368 1.61834186128935e-14
1778.27941003891920 14.21053 1.64281220326445e-14
1778.27941003891920 18.94737 1.67821185712985e-14
1778.27941003891920 23.68421 1.72569618209324e-14
1778.27941003891920 28.42105 1.78690165786765e-14
1778.27941003891920 33.15789 1.86415511046099e-14
1778.27941003891920 37.89474 1.96075044209614e-14
1778.27941003891920 42.63158 2.08104841835187e-14
1778.27941003891920 47.36842 2.23116771784364e-14
1778.27941003891920 52.10526 2.42092380337484e-14
1778.27941003891920 56.84211 2.66259283301133e-14
1778.27941003891920 61.57895 2.97610735057199e-14
1778.27941003891920 66.31579 3.39295839597153e-14
1778.27941003891920 71.05263 3.96193204662244e-14
1778.27941003891920 75.78947 4.76153546394457e-14
1778.27941003891920 80.52632 5.87412732177342e-14
1778.27941003891920 85.26316 7.08273318022959e-14
1778.27941003891920 90.00000 5.86852923397502e-14
2238.72113856833812 0.00000 7.02409304119766e-15
2238.72113856833812 4.73684 7.04577594404142e-15
2238.72113856833812 9.47368 7.11040886726826e-15
2238.72113856833812 14.21053 7.21985834544620e-15
2238.72113856833812 18.94737 7.37843035359787e-15
2238.72113856833812 23.68421 7.59137800343173e-15
2238.72113856833812 28.42105 7.86576902419242e-15
2238.72113856833812 33.15789 8.21336607870209e-15
2238.72113856833812 37.89474 8.64821579843609e-15
2238.72113856833812 42.63158 9.19154950115333e-15
2238.72113856833812 47.36842 9.87129621579278e-15
2238.72113856833812 52.10526 1.07332697429538e-14
2238.72113856833812 56.84211 1.18341396459330e-14
2238.72113856833812 61.57895 1.32728220623836e-14
2238.72113856833812 66.31579 1.51993415645022e-14
2238.72113856833812 71.05263 1.78543317118051e-14
2238.72113856833812 75.78947 2.16381157960922e-14
2238.72113856833812 80.52632 2.70474659833599e-14
2238.72113856833812 85.26316 3.33131643693530e-14
2238.72113856833812 90.00000 2.84867879817575e-14
2818.38293126445524 0.00000 3.06673804815121e-15
2818.38293126445524 4.73684 3.07626651626822e-15
2818.38293126445524 9.47368 3.10497001131560e-15
2818.38293126445524 14.21053 3.15356825079144e-15
2818.38293126445524 18.94737 3.22397106337701e-15
2818.38293126445524 23.68421 3.31857761762311e-15
2818.38293126445524 28.42105 3.44060737547122e-15
2818.38293126445524 33.15789 3.59542597222356e-15
2818.38293126445524 37.89474 3.78933132808454e-15
2818.38293126445524 42.63158 4.03211229846420e-15
2818.38293126445524 47.36842 4.33658905913452e-15
2818.38293126445524 52.10526 4.72362882910936e-15
2818.38293126445524 56.84211 5.21987407461326e-15
2818.38293126445524 61.57895 5.87166449115103e-15
2818.38293126445524 66.31579 6.74992558277550e-15
2818.38293126445524 71.05263 7.97071217117174e-15
2818.38293126445524 75.78947 9.73088931307528e-15
2818.38293126445524 80.52632 1.23030665925699e-14
2818.38293126445524 85.26316 1.54214044382638e-14
2818.38293126445524 90.00000 1.35634242275484e-14
3548.13389233575344 0.00000 1.33215215433009e-15
3548.13389233575344 4.73684 1.33634682112766e-15
3548.13389233575344 9.47368 1.34897667075226e-15
3548.13389233575344 14.21053 1.37038594269167e-15
3548.13389233575344 18.94737 1.40139302855428e-15
3548.13389233575344 23.68421 1.44310580315964e-15
3548.13389233575344 28.42105 1.49694695094524e-15
3548.13389233575344 33.15789 1.56531787742770e-15
3548.13389233575344 37.89474 1.65112974657075e-15
3548.13389233575344 42.63158 1.75865955144273e-15
3548.13389233575344 47.36842 1.89382104483202e-15
3548.13389233575344 52.10526 2.06600563366333e-15
3548.13389233575344 56.84211 2.28765177329943e-15
3548.13389233575344 61.57895 2.57977022628828e-15
3548.13389233575344 66.31579 2.97562948012933e-15
3548.13389233575344 71.05263 3.52988593123253e-15
3548.13389233575344 75.78947 4.33861863625029e-15
3548.13389233575344 80.52632 5.54026956564171e-15
3548.13389233575344 85.26316 7.04777497760834e-15
3548.13389233575344 90.00000 6.34586676622765e-15
4466.83592150962613 0.00000 5.76249088657318e-16
4466.83592150962613 4.73684 5.78083631709647e-16
4466.83592150962613 9.47368 5.83609273809400e-16
4466.83592150962613 14.21053 5.92971401491234e-16
4466.83592150962613 18.94737 6.06545038594695e-16
4466.83592150962613 23.68421 6.24810139742268e-16
4466.83592150962613 28.42105 6.48391087290201e-16
4466.83592150962613 33.15789 6.78403666189866e-16
4466.83592150962613 37.89474 7.16074678133824e-16
4466.83592150962613 42.63158 7.63364336205847e-16
4466.83592150962613 47.36842 8.22949759796130e-16
4466.83592150962613 52.10526 8.98986395760504e-16
4466.83592150962613 56.84211 9.97135618251015e-16
4466.83592150962613 61.57895 1.12689852672836e-15
4466.83592150962613 66.31579 1.30350266664764e-15
4466.83592150962613 71.05263 1.55245537541308e-15
4466.83592150962613 75.78947 1.91931565291948e-15
4466.83592150962613 80.52632 2.47163065841228e-15
4466.83592150962613 85.26316 3.18622871416759e-15
4466.83592150962613 90.00000 2.92060883869664e-15
5623.41325190347925 0.00000 2.48513278414568e-16
5623.41325190347925 4.73684 2.49308089270138e-16
5623.41325190347925 9.47368 2.51713723485053e-16
5623.41325190347925 14.21053 2.55796298793445e-16
5623.41325190347925 18.94737 2.61697540535528e-16
5623.41325190347925 23.68421 2.69660659727461e-16
5623.41325190347925 28.42105 2.79945880891599e-16
5623.41325190347925 33.15789 2.93030289101194e-16
5623.41325190347925 37.89474 3.09482026266289e-16
5623.41325190347925 42.63158 3.30167146897965e-16
5623.41325190347925 47.36842 3.56260117894147e-16
5623.41325190347925 52.10526 3.89632122964713e-16
5623.41325190347925 56.84211 4.32787086849809e-16
5623.41325190347925 61.57895 4.90022184729465e-16
5623.41325190347925 66.31579 5.68225965484847e-16
5623.41325190347925 71.05263 6.79051589202235e-16
5623.41325190347925 75.78947 8.43526551288465e-16
5623.41325190347925 80.52632 1.09442814586373e-15
5623.41325190347925 85.26316 1.42700856011796e-15
5623.41325190347925 90.00000 1.32743143583883e-15
7079.45784384137278 0.00000 1.06968112804383e-16
7079.45784384137278 4.73684 1.07313901170945e-16
7079.45784384137278 9.47368 1.08356432495651e-16
7079.45784384137278 14.21053 1.10124161901001e-16
7079.45784384137278 18.94737 1.12687009697371e-16
7079.45784384137278 23.68421 1.16140472988411e-16
7079.45784384137278 28.42105 1.20606757240400e-16
7079.45784384137278 33.15789 1.26292632975513e-16
7079.45784384137278 37.89474 1.33446969183607e-16
7079.45784384137278 42.63158 1.42451502890461e-16
7079.45784384137278 47.36842 1.53819600040479e-16
7079.45784384137278 52.10526 1.68387401631818e-16
7079.45784384137278 56.84211 1.87262248448013e-16
7079.45784384137278 61.57895 2.12367635253687e-16
7079.45784384137278 66.31579 2.46780369925025e-16
7079.45784384137278 71.05263 2.95769871533038e-16
7079.45784384137278 75.78947 3.68952854528219e-16
7079.45784384137278 80.52632 4.81811841199791e-16
7079.45784384137278 85.26316 6.33976594831582e-16
7079.45784384137278 90.00000 5.97247708937173e-16
8912.50938133745876 0.00000 4.59992348733539e-17
8912.50938133745876 4.73684 4.61490856347229e-17
8912.50938133745876 9.47368 4.65996358353680e-17
8912.50938133745876 14.21053 4.73631052083150e-17
8912.50938133745876 18.94737 4.84720659941852e-17
8912.50938133745876 23.68421 4.99663984130650e-17
8912.50938133745876 28.42105 5.18987838864843e-17
8912.50938133745876 33.15789 5.43615883474298e-17
8912.50938133745876 37.89474 5.74622367314803e-17
8912.50938133745876 42.63158 6.13687439882497e-17
8912.50938133745876 47.36842 6.63043546602998e-17
8912.50938133745876 52.10526 7.26388792694296e-17
8912.50938133745876 56.84211 8.08608772938125e-17
8912.50938133745876 61.57895 9.18197600340190e-17
8912.50938133745876 66.31579 1.06881941499000e-16
8912.50938133745876 71.05263 1.28415615748507e-16
8912.50938133745876 75.78947 1.60764078471739e-16
8912.50938133745876 80.52632 2.11072740653136e-16
8912.50938133745876 85.26316 2.79975552377082e-16
8912.50938133745876 90.00000 2.66425512172670e-16
11220.18454301962993 0.00000 1.97676265703735e-17
11220.18454301962993 4.73684 1.98321302544947e-17
11220.18454301962993 9.47368 2.00264551389397e-17
11220.18454301962993 14.21053 2.03559646033471e-17
11220.18454301962993 18.94737 2.08340360189469e-17
11220.18454301962993 23.68421 2.14789851141216e-17
11220.18454301962993 28.42105 2.23134358832105e-17
11220.18454301962993 33.15789 2.33767886519984e-17
11220.18454301962993 37.89474 2.47167590269618e-17
11220.18454301962993 42.63158 2.64062463352487e-17
11220.18454301962993 47.36842 2.85431199078698e-17
11220.18454301962993 52.10526 3.12884329871608e-17
11220.18454301962993 56.84211 3.48572539649294e-17
11220.18454301962993 61.57895 3.96211739700993e-17
11220.18454301962993 66.31579 4.61869638216261e-17
11220.18454301962993 71.05263 5.56027789542940e-17
11220.18454301962993 75.78947 6.98148381391799e-17
11220.18454301962993 80.52632 9.20731498444315e-17
11220.18454301962993 85.26316 1.22966980750902e-16
11220.18454301962993 90.00000 1.17912332339690e-16
14125.37544622752648 0.00000 8.49194149020912e-18
14125.37544622752648 4.73684 8.51968004381366e-18
14125.37544622752648 9.47368 8.60332692617255e-18
14125.37544622752648 14.21053 8.74520348213405e-18
14125.37544622752648 18.94737 8.95104223387976e-18
14125.37544622752648 23.68421 9.22871605415072e-18
14125.37544622752648 28.42105 9.58816352883093e-18
14125.37544622752648 33.15789 1.00465238574370e-17
14125.37544622752648 37.89474 1.06243141797247e-17
14125.37544622752648 42.63158 1.13531666579532e-17
14125.37544622752648 47.36842 1.22758724805607e-17
14125.37544622752648 52.10526 1.34623147808745e-17
14125.37544622752648 56.84211 1.50069384603646e-17
14125.37544622752648 61.57895 1.70712680896482e-17
14125.37544622752648 66.31579 1.99228365609829e-17
14125.37544622752648 71.05263 2.40228968729448e-17
14125.37544622752648 75.78947 3.02393058697222e-17
14125.37544622752648 80.52632 4.00260201036114e-17
14125.37544622752648 85.26316 5.37604268709684e-17
14125.37544622752648 90.00000 5.18755115952420e-17
17782.79410038919013 0.00000 3.64761575597679e-18
17782.79410038919013 4.73684 3.65954440435619e-18
17782.79410038919013 9.47368 3.69547995285638e-18
17782.79410038919013 14.21053 3.75642188138885e-18
17782.79410038919013 18.94737 3.84490920233607e-18
17782.79410038919013 23.68421 3.96424756454333e-18
17782.79410038919013 28.42105 4.11879599245576e-18
17782.79410038919013 33.15789 4.31597751535584e-18
17782.79410038919013 37.89474 4.56461192900927e-18
17782.79410038919013 42.63158 4.87841238140877e-18
17782.79410038919013 47.36842 5.27593861690494e-18
17782.79410038919013 52.10526 5.78748513039241e-18
17782.79410038919013 56.84211 6.45398974763779e-18
17782.79410038919013 61.57895 7.34610118988284e-18
17782.79410038919013 66.31579 8.58034406886349e-18
17782.79410038919013 71.05263 1.03593679282645e-17
17782.79410038919013 75.78947 1.30649684956619e-17
17782.79410038919013 80.52632 1.73493915986633e-17
17782.79410038919013 85.26316 2.34100735772381e-17
17782.79410038919013 90.00000 2.26972906648737e-17
22387.21138568333117 0.00000 1.56660325271541e-18
22387.21138568333117 4.73684 1.57171544500984e-18
22387.21138568333117 9.47368 1.58712771018874e-18
22387.21138568333117 14.21053 1.61327425248857e-18
22387.21138568333117 18.94737 1.65122152507823e-18
22387.21138568333117 23.68421 1.70243244053983e-18
22387.21138568333117 28.42105 1.76875757563451e-18
22387.21138568333117 33.15789 1.85339519144779e-18
22387.21138568333117 37.89474 1.96016480752215e-18
22387.21138568333117 42.63158 2.09497698711765e-18
22387.21138568333117 47.36842 2.26583679381979e-18
22387.21138568333117 52.10526 2.48586849226292e-18
22387.21138568333117 56.84211 2.77274373707231e-18
22387.21138568333117 61.57895 3.15717103594598e-18
22387.21138568333117 66.31579 3.68972209167110e-18
22387.21138568333117 71.05263 4.45888108756969e-18
22387.21138568333117 75.78947 5.63178555436993e-18
22387.21138568333117 80.52632 7.49713939574410e-18
22387.21138568333117 85.26316 1.01527158751639e-17
22387.21138568333117 90.00000 9.87442939058327e-18
28183.82931264449508 0.00000 6.72566107329432e-19
28183.82931264449508 4.73684 6.74755363915633e-19
28183.82931264449508 9.47368 6.81350600810919e-19
28183.82931264449508 14.21053 6.92534895767106e-19
28183.82931264449508 18.94737 7.08780833852194e-19
28183.82931264449508 23.68421 7.30697652306908e-19
28183.82931264449508 28.42105 7.59099961239463e-19
28183.82931264449508 33.15789 7.95343827655070e-19
28183.82931264449508 37.89474 8.41080191448977e-19
28183.82931264449508 42.63158 8.98850163085651e-19
28183.82931264449508 47.36842 9.72094989790548e-19
28183.82931264449508 52.10526 1.06646755933243e-18
28183.82931264449508 56.84211 1.18960284378794e-18
28183.82931264449508 61.57895 1.35472983638533e-18
28183.82931264449508 66.31579 1.58376507697356e-18
28183.82931264449508 71.05263 1.91505601401607e-18
28183.82931264449508 75.78947 2.42145511069354e-18
28183.82931264449508 80.52632 3.22939112811204e-18
28183.82931264449508 85.26316 4.38562855331365e-18
28183.82931264449508 90.00000 4.27401934085348e-18
35481.33892335752898 0.00000 2.88579193650663e-19
35481.33892335752898 4.73684 2.89513359254889e-19
35481.33892335752898 9.47368 2.92327672259501e-19
35481.33892335752898 14.21053 2.97103253420720e-19
35481.33892335752898 18.94737 3.04036307918078e-19
35481.33892335752898 23.68421 3.13394518003574e-19
35481.33892335752898 28.42105 3.25522196555336e-19
35481.33892335752898 33.15789 3.41001547168334e-19
35481.33892335752898 37.89474 3.60538870009236e-19
35481.33892335752898 42.63158 3.85223756724814e-19
35481.33892335752898 47.36842 4.16530605944577e-19
35481.33892335752898 52.10526 4.56887430158356e-19
35481.33892335752898 56.84211 5.09569818809728e-19
35481.33892335752898 61.57895 5.80266274087574e-19
35481.33892335752898 66.31579 6.78414164722812e-19
35481.33892335752898 71.05263 8.20570473207395e-19
35481.33892335752898 75.78947 1.03823587090193e-18
35481.33892335752898 80.52632 1.38651760951704e-18
35481.33892335752898 85.26316 1.88675714663258e-18
35481.33892335752898 90.00000 1.84083778838689e-18
44668.35921509625769 0.00000 1.23733445802937e-19
44668.35921509625769 4.73684 1.24131095621541e-19
44668.35921509625769 9.47368 1.25329020876234e-19
44668.35921509625769 14.21053 1.27360027636515e-19
44668.35921509625769 18.94737 1.30311411318036e-19
44668.35921509625769 23.68421 1.34293778189075e-19
44668.35921509625769 28.42105 1.39454827420478e-19
44668.35921509625769 33.15789 1.46045824821679e-19
44668.35921509625769 37.89474 1.54365212419176e-19
44668.35921509625769 42.63158 1.64881113765728e-19
44668.35921509625769 47.36842 1.78218936394615e-19
44668.35921509625769 52.10526 1.95417272175905e-19
44668.35921509625769 56.84211 2.17878666368334e-19
44668.35921509625769 61.57895 2.48038296838798e-19
44668.35921509625769 66.31579 2.89939263038634e-19
44668.35921509625769 71.05263 3.50690497589141e-19
44668.35921509625769 75.78947 4.43853416112936e-19
44668.35921509625769 80.52632 5.93203041391881e-19
44668.35921509625769 85.26316 8.08341069262288e-19
44668.35921509625769 90.00000 7.88745304274118e-19
56234.13251903479249 0.00000 5.30099579430534e-20
56234.13251903479249 4.73684 5.31787251604905e-20
56234.13251903479249 9.47368 5.36863628904758e-20
56234.13251903479249 14.21053 5.45480610480063e-20
56234.13251903479249 18.94737 5.58005564549620e-20
56234.13251903479249 23.68421 5.74875844200755e-20
56234.13251903479249 28.42105 5.96776279217736e-20
56234.13251903479249 33.15789 6.24736973363238e-20
56234.13251903479249 37.89474 6.60023673955260e-20
56234.13251903479249 42.63158 7.04647441503784e-20
56234.13251903479249 47.36842 7.61269815269074e-20
56234.13251903479249 52.10526 8.34287453235827e-20
56234.13251903479249 56.84211 9.29678981778758e-20
56234.13251903479249 61.57895 1.05781722788627e-19
56234.13251903479249 66.31579 1.23595186052415e-19
56234.13251903479249 71.05263 1.49442547949912e-19
56234.13251903479249 75.78947 1.89126409704008e-19
56234.13251903479249 80.52632 2.52841041411164e-19
56234.13251903479249 85.26316 3.44759709885733e-19
56234.13251903479249 90.00000 3.36155881739944e-19
70794.57843841359136 0.00000 2.26858250462081e-20
70794.57843841359136 4.73684 2.27565731909492e-20
70794.57843841359136 9.47368 2.29711917910053e-20
70794.57843841359136 14.21053 2.33352437643817e-20
70794.57843841359136 18.94737 2.38645415810414e-20
70794.57843841359136 23.68421 2.45773823254314e-20
70794.57843841359136 28.42105 2.55026537357171e-20
70794.57843841359136 33.15789 2.66836415706530e-20
70794.57843841359136 37.89474 2.81745844375297e-20
70794.57843841359136 42.63158 3.00599469440121e-20
70794.57843841359136 47.36842 3.24523618892881e-20
70794.57843841359136 52.10526 3.55398517358871e-20
70794.57843841359136 56.84211 3.95725476982878e-20
70794.57843841359136 61.57895 4.49925651697258e-20
70794.57843841359136 66.31579 5.25300964333995e-20
70794.57843841359136 71.05263 6.34744876748861e-20
70794.57843841359136 75.78947 8.02922818233027e-20
70794.57843841359136 80.52632 1.07323015196395e-19
70794.57843841359136 85.26316 1.46346726712254e-19
70794.57843841359136 90.00000 1.42475590952849e-19
89125.09381337440573 0.00000 9.69741685144500e-21
89125.09381337440573 4.73684 9.72736193403122e-21
89125.09381337440573 9.47368 9.81755987506322e-21
89125.09381337440573 14.21053 9.97044563322588e-21
89125.09381337440573 18.94737 1.01926486484660e-20
89125.09381337440573 23.68421 1.04927498418416e-20
89125.09381337440573 28.42105 1.08815597573200e-20
89125.09381337440573 33.15789 1.13780737186336e-20
89125.09381337440573 37.89474 1.20048081032783e-20
89125.09381337440573 42.63158 1.27975950090088e-20
89125.09381337440573 47.36842 1.38037238958328e-20
89125.09381337440573 52.10526 1.51020713248004e-20
89125.09381337440573 56.84211 1.67984106930335e-20
89125.09381337440573 61.57895 1.90793066665085e-20
89125.09381337440573 66.31579 2.22519614829128e-20
89125.09381337440573 71.05263 2.68606214416570e-20
89125.09381337440573 75.78947 3.39466119764013e-20
89125.09381337440573 80.52632 4.53429103951052e-20
89125.09381337440573 85.26316 6.17903816681517e-20
89125.09381337440573 90.00000 5.99957604139633e-20
112201.84543019630655 0.00000 4.14031002260577e-21
112201.84543019630655 4.73684 4.15287365936710e-21
112201.84543019630655 9.47368 4.19052272635216e-21
112201.84543019630655 14.21053 4.25463153383313e-21
112201.84543019630655 18.94737 4.34737814087555e-21
112201.84543019630655 23.68421 4.47277275579785e-21
112201.84543019630655 28.42105 4.63551749468238e-21
112201.84543019630655 33.15789 4.84302549144430e-21
112201.84543019630655 37.89474 5.10528994795172e-21
112201.84543019630655 42.63158 5.43688672978545e-21
112201.84543019630655 47.36842 5.85770700714699e-21
112201.84543019630655 52.10526 6.40086213151137e-21
112201.84543019630655 56.84211 7.11067608388672e-21
112201.84543019630655 61.57895 8.06488722545198e-21
112201.84543019630655 66.31579 9.39276646871567e-21
112201.84543019630655 71.05263 1.13221390202517e-20
112201.84543019630655 75.78947 1.42901191050265e-20
112201.84543019630655 80.52632 1.90642746140659e-20
112201.84543019630655 85.26316 2.59492912761689e-20
112201.84543019630655 90.00000 2.51212902041242e-20
141253.75446227527573 0.00000 1.76603702123128e-21
141253.75446227527573 4.73684 1.77124484482275e-21
141253.75446227527573 9.47368 1.78693405229699e-21
141253.75446227527573 14.21053 1.81349748790861e-21
141253.75446227527573 18.94737 1.85222653605146e-21
141253.75446227527573 23.68421 1.90422423256647e-21
141253.75446227527573 28.42105 1.97188073361260e-21
141253.75446227527573 33.15789 2.05826338067148e-21
141253.75446227527573 37.89474 2.16736167415091e-21
141253.75446227527573 42.63158 2.30526732629138e-21
141253.75446227527573 47.36842 2.48012565075610e-21
141253.75446227527573 52.10526 2.70618735371589e-21
141253.75446227527573 56.84211 3.00135099168775e-21
141253.75446227527573 61.57895 3.39826613391272e-21
141253.75446227527573 66.31579 3.95068993675348e-21
141253.75446227527573 71.05263 4.75361808237997e-21
141253.75446227527573 75.78947 5.98932799900732e-21
141253.75446227527573 80.52632 7.97693617186071e-21
141253.75446227527573 85.26316 1.08408233917855e-20
141253.75446227527573 90.00000 1.04685468059478e-20
177827.94100389193045 0.00000 7.52468764340065e-22
177827.94100389193045 4.73684 7.54633558521551e-22
177827.94100389193045 9.47368 7.61096441389187e-22
177827.94100389193045 14.21053 7.72041650743432e-22
177827.94100389193045 18.94737 7.88084724812863e-22
177827.94100389193045 23.68421 8.09558066495165e-22
177827.94100389193045 28.42105 8.37472948684603e-22
177827.94100389193045 33.15789 8.73198340214530e-22
177827.94100389193045 37.89474 9.18286967800674e-22
177827.94100389193045 42.63158 9.75267063730270e-22
177827.94100389193045 47.36842 1.04749681029871e-21
177827.94100389193045 52.10526 1.14086761826475e-21
177827.94100389193045 56.84211 1.26280667717532e-21
177827.94100389193045 61.57895 1.42685745748462e-21
177827.94100389193045 66.31579 1.65516601347521e-21
177827.94100389193045 71.05263 1.98702420271312e-21
177827.94100389193045 75.78947 2.49773323064922e-21
177827.94100389193045 80.52632 3.31955907654381e-21
177827.94100389193045 85.26316 4.50153775403951e-21
177827.94100389193045 90.00000 4.33465917911742e-21
223872.11385683334083 0.00000 3.20124203696188e-22
223872.11385683334083 4.73684 3.21007151236992e-22
223872.11385683334083 9.47368 3.23667243731639e-22
223872.11385683334083 14.21053 3.28149609536384e-22
223872.11385683334083 18.94737 3.34736031598596e-22
223872.11385683334083 23.68421 3.43537895410942e-22
223872.11385683334083 28.42105 3.55005847191278e-22
223872.11385683334083 33.15789 3.69646741850486e-22
223872.11385683334083 37.89474 3.88118977679453e-22
223872.11385683334083 42.63158 4.11487411967811e-22
223872.11385683334083 47.36842 4.41135199945396e-22
223872.11385683334083 52.10526 4.79399022715147e-22
223872.11385683334083 56.84211 5.29443932524902e-22
223872.11385683334083 61.57895 5.96712436789464e-22
223872.11385683334083 66.31579 6.90317939466110e-22
223872.11385683334083 71.05263 8.26423714065451e-22
223872.11385683334083 75.78947 1.03588079381349e-21
223872.11385683334083 80.52632 1.37276740495233e-21
223872.11385683334083 85.26316 1.85640580966934e-21
223872.11385683334083 90.00000 1.78123099907957e-21
281838.29312644491438 0.00000 1.36057049948332e-22
281838.29312644491438 4.73684 1.36419753695199e-22
281838.29312644491438 9.47368 1.37497387363102e-22
281838.29312644491438 14.21053 1.39330730722860e-22
281838.29312644491438 18.94737 1.41996842107376e-22
281838.29312644491438 23.68421 1.45582862183333e-22
281838.29312644491438 28.42105 1.50250551955116e-22
281838.29312644491438 33.15789 1.56205196980589e-22
281838.29312644491438 37.89474 1.63715948702421e-22
281838.29312644491438 42.63158 1.73222560910067e-22
281838.29312644491438 47.36842 1.85291752176001e-22
281838.29312644491438 52.10526 2.00865492528476e-22
281838.29312644491438 56.84211 2.21213055211035e-22
281838.29312644491438 61.57895 2.48566125245165e-22
281838.29312644491438 66.31579 2.86652257866314e-22
281838.29312644491438 71.05263 3.41993190484877e-22
281838.29312644491438 75.78947 4.27162960237589e-22
281838.29312644491438 80.52632 5.64052264784604e-22
281838.29312644491438 85.26316 7.60206372026749e-22
281838.29312644491438 90.00000 7.26354008845441e-22
354813.38923357537715 0.00000 5.78159436971444e-23
354813.38923357537715 4.73684 5.79582283084228e-23
354813.38923357537715 9.47368 5.83948734944060e-23
354813.38923357537715 14.21053 5.91406203040572e-23
354813.38923357537715 18.94737 6.02075867092512e-23
354813.38923357537715 23.68421 6.16618824604527e-23
354813.38923357537715 28.42105 6.35407880741764e-23
354813.38923357537715 33.15789 6.59441947271203e-23
354813.38923357537715 37.89474 6.89717148909733e-23
354813.38923357537715 42.63158 7.28103421046593e-23
354813.38923357537715 47.36842 7.76716755680802e-23
354813.38923357537715 52.10526 8.39514431644623e-23
354813.38923357537715 56.84211 9.21553921910446e-23
354813.38923357537715 61.57895 1.03181252616087e-22
354813.38923357537715 66.31579 1.18531677390824e-22
354813.38923357537715 71.05263 1.40839322152719e-22
354813.38923357537715 75.78947 1.75156664215898e-22
354813.38923357537715 80.52632 2.30272907625587e-22
354813.38923357537715 85.26316 3.09026222340500e-22
354813.38923357537715 90.00000 2.93944690031792e-22
446683.59215096256230 0.00000 2.45757266453332e-23
446683.59215096256230 4.73684 2.46337267949245e-23
446683.59215096256230 9.47368 2.48084834708736e-23
446683.59215096256230 14.21053 2.51037429393813e-23
446683.59215096256230 18.94737 2.55333665316886e-23
446683.59215096256230 23.68421 2.61131152235082e-23
446683.59215096256230 28.42105 2.68648257410710e-23
446683.59215096256230 33.15789 2.78249614004293e-23
446683.59215096256230 37.89474 2.90372411995408e-23
446683.59215096256230 42.63158 3.05693807623728e-23
446683.59215096256230 47.36842 3.25148299978290e-23
446683.59215096256230 52.10526 3.50226873462167e-23
446683.59215096256230 56.84211 3.83009135816838e-23
446683.59215096256230 61.57895 4.27058356598390e-23
446683.59215096256230 66.31579 4.88341756446542e-23
446683.59215096256230 71.05263 5.77434972466819e-23
446683.59215096256230 75.78947 7.14442034607247e-23
446683.59215096256230 80.52632 9.34345612402023e-23
446683.59215096256230 85.26316 1.24741408882565e-22
446683.59215096256230 90.00000 1.18084031910488e-22
562341.32519034796860 0.00000 1.04665745265322e-23
562341.32519034796860 4.73684 1.04905087850956e-23
562341.32519034796860 9.47368 1.05593551103597e-23
562341.32519034796860 14.21053 1.06750734545776e-23
562341.32519034796860 18.94737 1.08472405467195e-23
562341.32519034796860 23.68421 1.10753849796474e-23
562341.32519034796860 28.42105 1.13737921802856e-23
562341.32519034796860 33.15789 1.17547420968232e-23
562341.32519034796860 37.89474 1.22346782483020e-23
562341.32519034796860 42.63158 1.28413116772726e-23
562341.32519034796860 47.36842 1.36122116648340e-23
562341.32519034796860 52.10526 1.46070795007052e-23
562341.32519034796860 56.84211 1.59039896463286e-23
562341.32519034796860 61.57895 1.76481895741340e-23
562341.32519034796860 66.31579 2.00759421449090e-23
562341.32519034796860 71.05263 2.36003589418468e-23
562341.32519034796860 75.78947 2.90201319354343e-23
562341.32519034796860 80.52632 3.77140428107287e-23
562341.32519034796860 85.26316 5.00392789517066e-23
562341.32519034796860 90.00000 4.71314678001786e-23
707945.78438413585536 0.00000 4.47463159983068e-24
707945.78438413585536 4.73684 4.48386496794878e-24
707945.78438413585536 9.47368 4.51087761603069e-24
707945.78438413585536 14.21053 4.55696072533629e-24
707945.78438413585536 18.94737 4.62406793772059e-24
707945.78438413585536 23.68421 4.71396612926236e-24
707945.78438413585536 28.42105 4.83175819286377e-24
707945.78438413585536 33.15789 4.98095934648320e-24
707945.78438413585536 37.89474 5.16974497214628e-24
707945.78438413585536 42.63158 5.40838455053479e-24
707945.78438413585536 47.36842 5.71032569417079e-24
707945.78438413585536 52.10526 6.10158369441156e-24
707945.78438413585536 56.84211 6.61096535142412e-24
707945.78438413585536 61.57895 7.29498038355632e-24
707945.78438413585536 66.31579 8.24754674050511e-24
707945.78438413585536 71.05263 9.63040643583578e-24
707945.78438413585536 75.78947 1.17552109442567e-23
707945.78438413585536 80.52632 1.51576529680504e-23
707945.78438413585536 85.26316 1.99683702023095e-23
707945.78438413585536 90.00000 1.87109103254931e-23
891250.93813374417368 0.00000 1.92489758358985e-24
891250.93813374417368 4.73684 1.92833259903625e-24
891250.93813374417368 9.47368 1.93896236440815e-24
891250.93813374417368 14.21053 1.95705770298495e-24
891250.93813374417368 18.94737 1.98318821894041e-24
891250.93813374417368 23.68421 2.01847814464548e-24
891250.93813374417368 28.42105 2.06416697528576e-24
891250.93813374417368 33.15789 2.12241067767148e-24
891250.93813374417368 37.89474 2.19611196666146e-24
891250.93813374417368 42.63158 2.28935177829737e-24
891250.93813374417368 47.36842 2.40681420401137e-24
891250.93813374417368 52.10526 2.55909489459684e-24
891250.93813374417368 56.84211 2.75756210970590e-24
891250.93813374417368 61.57895 3.02387732632536e-24
891250.93813374417368 66.31579 3.39417637198464e-24
891250.93813374417368 71.05263 3.93230962993024e-24
891250.93813374417368 75.78947 4.75794935915444e-24
891250.93813374417368 80.52632 6.07798353147143e-24
891250.93813374417368 85.26316 7.93920064109910e-24
891250.93813374417368 90.00000 7.39878967856915e-24
1122018.45430196286179 0.00000 8.34434544003774e-25
1122018.45430196286179 4.73684 8.35808991996108e-25
1122018.45430196286179 9.47368 8.39951909431903e-25
1122018.45430196286179 14.21053 8.46932914952445e-25
1122018.45430196286179 18.94737 8.57131774178897e-25
1122018.45430196286179 23.68421 8.70860924687091e-25
1122018.45430196286179 28.42105 8.88525984213699e-25
1122018.45430196286179 33.15789 9.11218172269364e-25
1122018.45430196286179 37.89474 9.39695882711934e-25
1122018.45430196286179 42.63158 9.75829342887357e-25
1122018.45430196286179 47.36842 1.02145149828631e-24
1122018.45430196286179 52.10526 1.08040472131863e-24
1122018.45430196286179 56.84211 1.15735096565153e-24
1122018.45430196286179 61.57895 1.26016648940347e-24
1122018.45430196286179 66.31579 1.40319295274083e-24
1122018.45430196286179 71.05263 1.61096356766955e-24
1122018.45430196286179 75.78947 1.92995876542090e-24
1122018.45430196286179 80.52632 2.43834257305037e-24
1122018.45430196286179 85.26316 3.15124895627770e-24
1122018.45430196286179 90.00000 2.92209889265360e-24
1412537.54462275234982 0.00000 3.65271273072183e-25
1412537.54462275234982 4.73684 3.65838820544734e-25
1412537.54462275234982 9.47368 3.67432231719081e-25
1412537.54462275234982 14.21053 3.70132221934663e-25
1412537.54462275234982 18.94737 3.74050633940227e-25
1412537.54462275234982 23.68421 3.79416730950881e-25
1412537.54462275234982 28.42105 3.86275572838900e-25
1412537.54462275234982 33.15789 3.95078283908996e-25
1412537.54462275234982 37.89474 4.06077944220173e-25
1412537.54462275234982 42.63158 4.20063887304770e-25
1412537.54462275234982 47.36842 4.37718931797939e-25
1412537.54462275234982 52.10526 4.60466100807962e-25
1412537.54462275234982 56.84211 4.90096082334716e-25
1412537.54462275234982 61.57895 5.29703925729565e-25
1412537.54462275234982 66.31579 5.84668627814521e-25
1412537.54462275234982 71.05263 6.64511464184570e-25
1412537.54462275234982 75.78947 7.86939475699736e-25
1412537.54462275234982 80.52632 9.81583216012166e-25
1412537.54462275234982 85.26316 1.25324175222712e-24
1412537.54462275234982 90.00000 1.15668232719131e-24
1778279.41003891895525 0.00000 1.62119883845302e-25
1778279.41003891895525 4.73684 1.62341958899677e-25
1778279.41003891895525 9.47368 1.62962882434282e-25
1778279.41003891895525 14.21053 1.64002481785412e-25
1778279.41003891895525 18.94737 1.65548736053694e-25
1778279.41003891895525 23.68421 1.67618557483222e-25
1778279.41003891895525 28.42105 1.70278953884923e-25
1778279.41003891895525 33.15789 1.73701709896321e-25
1778279.41003891895525 37.89474 1.77987793885084e-25
1778279.41003891895525 42.63158 1.83386715856304e-25
1778279.41003891895525 47.36842 1.90210917853344e-25
1778279.41003891895525 52.10526 1.98971455341799e-25
1778279.41003891895525 56.84211 2.10387018292418e-25
1778279.41003891895525 61.57895 2.25625811532420e-25
1778279.41003891895525 66.31579 2.46737591822550e-25
1778279.41003891895525 71.05263 2.77324812580148e-25
1778279.41003891895525 75.78947 3.24130845177654e-25
1778279.41003891895525 80.52632 3.98550713031972e-25
1778279.41003891895525 85.26316 5.01832032925254e-25
1778279.41003891895525 90.00000 4.61060180326454e-25
2238721.13856833335012 0.00000 7.30367285546483e-26
2238721.13856833335012 4.73684 7.31220682152270e-26
2238721.13856833335012 9.47368 7.33658572635358e-26
2238721.13856833335012 14.21053 7.37823843862757e-26
2238721.13856833335012 18.94737 7.43902527322963e-26
2238721.13856833335012 23.68421 7.51966038001489e-26
2238721.13856833335012 28.42105 7.62440109417515e-26
2238721.13856833335012 33.15789 7.75809812784555e-26
2238721.13856833335012 37.89474 7.92631506324330e-26
2238721.13856833335012 42.63158 8.13647987569067e-26
2238721.13856833335012 47.36842 8.40153691752193e-26
2238721.13856833335012 52.10526 8.74158753442504e-26
2238721.13856833335012 56.84211 9.18235586479630e-26
2238721.13856833335012 61.57895 9.77035763096623e-26
2238721.13856833335012 66.31579 1.05840753752520e-25
2238721.13856833335012 71.05263 1.17571717485909e-25
2238721.13856833335012 75.78947 1.35482901586089e-25
2238721.13856833335012 80.52632 1.63944224142973e-25
2238721.13856833335012 85.26316 2.03110521467968e-25
2238721.13856833335012 90.00000 1.85858355936170e-25
2818382.93126444984227 0.00000 3.33846256085192e-26
2818382.93126444984227 4.73684 3.34168847166804e-26
2818382.93126444984227 9.47368 3.35160743028669e-26
2818382.93126444984227 14.21053 3.36863546377239e-26
2818382.93126444984227 18.94737 3.39262288638266e-26
2818382.93126444984227 23.68421 3.42531799323209e-26
2818382.93126444984227 28.42105 3.46716378251943e-26
2818382.93126444984227 33.15789 3.52045381627931e-26
2818382.93126444984227 37.89474 3.58691723430018e-26
2818382.93126444984227 42.63158 3.67022749971298e-26
2818382.93126444984227 47.36842 3.77443714330125e-26
2818382.93126444984227 52.10526 3.90846463323227e-26
2818382.93126444984227 56.84211 4.08112258990130e-26
2818382.93126444984227 61.57895 4.30956834926229e-26
2818382.93126444984227 66.31579 4.62412278159439e-26
2818382.93126444984227 71.05263 5.07774602257386e-26
2818382.93126444984227 75.78947 5.76718764386012e-26
2818382.93126444984227 80.52632 6.85554721304932e-26
2818382.93126444984227 85.26316 8.34709493732115e-26
2818382.93126444984227 90.00000 7.60790640763663e-26
3548133.89233575295657 0.00000 1.54833481162434e-26
3548133.89233575295657 4.73684 1.54967534492230e-26
3548133.89233575295657 9.47368 1.55377595555794e-26
3548133.89233575295657 14.21053 1.56079583259105e-26
3548133.89233575295657 18.94737 1.57070182592092e-26
3548133.89233575295657 23.68421 1.58418800220699e-26
3548133.89233575295657 28.42105 1.60137157464669e-26
3548133.89233575295657 33.15789 1.62307680863276e-26
3548133.89233575295657 37.89474 1.65003699313879e-26
3548133.89233575295657 42.63158 1.68370764038682e-26
3548133.89233575295657 47.36842 1.72561187506457e-26
3548133.89233575295657 52.10526 1.77901085454173e-26
3548133.89233575295657 56.84211 1.84758793144324e-26
3548133.89233575295657 61.57895 1.93780695473725e-26
3548133.89233575295657 66.31579 2.06144661813702e-26
3548133.89233575295657 71.05263 2.23787365709159e-26
3548133.89233575295657 75.78947 2.50491313519871e-26
3548133.89233575295657 80.52632 2.92489274791347e-26
3548133.89233575295657 85.26316 3.49383155340120e-26
3548133.89233575295657 90.00000 3.17121299556266e-26
4466835.92150962539017 0.00000 7.27480405776296e-27
4466835.92150962539017 4.73684 7.28062479052310e-27
4466835.92150962539017 9.47368 7.29812665169160e-27
4466835.92150962539017 14.21053 7.32764150326094e-27
4466835.92150962539017 18.94737 7.37000806750367e-27
4466835.92150962539017 23.68421 7.42667712623505e-27
4466835.92150962539017 28.42105 7.49907366862752e-27
4466835.92150962539017 33.15789 7.59002372635953e-27
4466835.92150962539017 37.89474 7.70261853457257e-27
4466835.92150962539017 42.63158 7.84207583897114e-27
4466835.92150962539017 47.36842 8.01485307627904e-27
4466835.92150962539017 52.10526 8.23246961829618e-27
4466835.92150962539017 56.84211 8.50939976254859e-27
4466835.92150962539017 61.57895 8.87218960803810e-27
4466835.92150962539017 66.31579 9.36415051275316e-27
4466835.92150962539017 71.05263 1.00609832702711e-26
4466835.92150962539017 75.78947 1.11093392145970e-26
4466835.92150962539017 80.52632 1.27392110272956e-26
4466835.92150962539017 85.26316 1.49172296577713e-26
4466835.92150962539017 90.00000 1.34756367409139e-26
5623413.25190347991884 0.00000 3.45468379668281e-27
5623413.25190347991884 4.73684 3.45730421926815e-27
5623413.25190347991884 9.47368 3.46493701383485e-27
5623413.25190347991884 14.21053 3.47781567901363e-27
5623413.25190347991884 18.94737 3.49653933054730e-27
5623413.25190347991884 23.68421 3.52110664684265e-27
5623413.25190347991884 28.42105 3.55255651513818e-27
5623413.25190347991884 33.15789 3.59192047220324e-27
5623413.25190347991884 37.89474 3.64028112293034e-27
5623413.25190347991884 42.63158 3.69973261412570e-27
5623413.25190347991884 47.36842 3.77268183669974e-27
5623413.25190347991884 52.10526 3.86408716668721e-27
5623413.25190347991884 56.84211 3.97908248302216e-27
5623413.25190347991884 61.57895 4.12752955717821e-27
5623413.25190347991884 66.31579 4.32699112492287e-27
5623413.25190347991884 71.05263 4.60635340525096e-27
5623413.25190347991884 75.78947 5.02108709209790e-27
5623413.25190347991884 80.52632 5.65914782962506e-27
5623413.25190347991884 85.26316 6.49929766031545e-27
5623413.25190347991884 90.00000 5.83874362605807e-27
7079457.84384135901928 0.00000 1.65030353830565e-27
7079457.84384135901928 4.73684 1.65146358825099e-27
7079457.84384135901928 9.47368 1.65495703675694e-27
7079457.84384135901928 14.21053 1.66084012899460e-27
7079457.84384135901928 18.94737 1.66928610630807e-27
7079457.84384135901928 23.68421 1.68042999737753e-27
7079457.84384135901928 28.42105 1.69458336050061e-27
7079457.84384135901928 33.15789 1.71218051924247e-27
7079457.84384135901928 37.89474 1.73367883510968e-27
7079457.84384135901928 42.63158 1.75989470266966e-27
7079457.84384135901928 47.36842 1.79179611818337e-27
7079457.84384135901928 52.10526 1.83123803229251e-27
7079457.84384135901928 56.84211 1.88024248912632e-27
7079457.84384135901928 61.57895 1.94288538353485e-27
7079457.84384135901928 66.31579 2.02556629102289e-27
7079457.84384135901928 71.05263 2.13986693910192e-27
7079457.84384135901928 75.78947 2.30658235591900e-27
7079457.84384135901928 80.52632 2.55909794028711e-27
7079457.84384135901928 85.26316 2.88327025839692e-27
7079457.84384135901928 90.00000 2.57657158399795e-27
8912509.38133744150400 0.00000 7.93070179850593e-28
8912509.38133744150400 4.73684 7.93617640944278e-28
8912509.38133744150400 9.47368 7.95259283919031e-28
8912509.38133744150400 14.21053 7.98022698596486e-28
8912509.38133744150400 18.94737 8.01964177825094e-28
8912509.38133744150400 23.68421 8.07179213606558e-28
8912509.38133744150400 28.42105 8.13751593520996e-28
8912509.38133744150400 33.15789 8.21893146068571e-28
8912509.38133744150400 37.89474 8.31777198257412e-28
8912509.38133744150400 42.63158 8.43736030891813e-28
8912509.38133744150400 47.36842 8.58167709390030e-28
8912509.38133744150400 52.10526 8.75787433747509e-28
8912509.38133744150400 56.84211 8.97483363923317e-28
8912509.38133744150400 61.57895 9.24678907320901e-28
8912509.38133744150400 66.31579 9.60059836228066e-28
8912509.38133744150400 71.05263 1.00785703703467e-27
8912509.38133744150400 75.78947 1.07645530847104e-27
8912509.38133744150400 80.52632 1.17774263129842e-27
8912509.38133744150400 85.26316 1.30325633751422e-27
8912509.38133744150400 90.00000 1.15836612224533e-27
11220184.54301963001490 0.00000 3.82407089491377e-28
11220184.54301963001490 4.73684 3.82671912488651e-28
11220184.54301963001490 9.47368 3.83463999016561e-28
11220184.54301963001490 14.21053 3.84792987060143e-28
11220184.54301963001490 18.94737 3.86692496045685e-28
11220184.54301963001490 23.68421 3.89192806492402e-28
11220184.54301963001490 28.42105 3.92342022054256e-28
11220184.54301963001490 33.15789 3.96217229008323e-28
11220184.54301963001490 37.89474 4.00902970140547e-28
11220184.54301963001490 42.63158 4.06534199894158e-28
11220184.54301963001490 47.36842 4.13274326369982e-28
11220184.54301963001490 52.10526 4.21419564122126e-28
11220184.54301963001490 56.84211 4.31313524649317e-28
11220184.54301963001490 61.57895 4.43539400067332e-28
11220184.54301963001490 66.31579 4.59133360158293e-28
11220184.54301963001490 71.05263 4.79757133413924e-28
11220184.54301963001490 75.78947 5.08536285259636e-28
11220184.54301963001490 80.52632 5.49910682053632e-28
11220184.54301963001490 85.26316 5.98752145851032e-28
11220184.54301963001490 90.00000 5.29361899363260e-28
14125375.44622752629220 0.00000 1.84748320292674e-28
14125375.44622752629220 4.73684 1.84878171742805e-28
14125375.44622752629220 9.47368 1.85267154624903e-28
14125375.44622752629220 14.21053 1.85920762545706e-28
14125375.44622752629220 18.94737 1.86851963457280e-28
14125375.44622752629220 23.68421 1.88077103132189e-28
14125375.44622752629220 28.42105 1.89616987425318e-28
14125375.44622752629220 33.15789 1.91507080771277e-28
14125375.44622752629220 37.89474 1.93783412967687e-28
14125375.44622752629220 42.63158 1.96504822740570e-28
14125375.44622752629220 47.36842 1.99744516090188e-28
14125375.44622752629220 52.10526 2.03622657018431e-28
14125375.44622752629220 56.84211 2.08277342186476e-28
14125375.44622752629220 61.57895 2.13962639191115e-28
14125375.44622752629220 66.31579 2.21067808998375e-28
14125375.44622752629220 71.05263 2.30247325093002e-28
14125375.44622752629220 75.78947 2.42670933167186e-28
14125375.44622752629220 80.52632 2.59937317877749e-28
14125375.44622752629220 85.26316 2.79158426710925e-28
14125375.44622752629220 90.00000 2.45693436434428e-28
17782794.10038919001818 0.00000 8.94178549501464e-29
17782794.10038919001818 4.73684 8.94820470275160e-29
17782794.10038919001818 9.47368 8.96756737757562e-29
17782794.10038919001818 14.21053 8.99999677437520e-29
17782794.10038919001818 18.94737 9.04619641223444e-29
17782794.10038919001818 23.68421 9.10701731694655e-29
17782794.10038919001818 28.42105 9.18329431449909e-29
17782794.10038919001818 33.15789 9.27679862812534e-29
17782794.10038919001818 37.89474 9.38924433083723e-29
17782794.10038919001818 42.63158 9.52325480248583e-29
17782794.10038919001818 47.36842 9.68213540163608e-29
17782794.10038919001818 52.10526 9.87115735390398e-29
17782794.10038919001818 56.84211 1.00963258317670e-28
17782794.10038919001818 61.57895 1.03680755224009e-28
17782794.10038919001818 66.31579 1.07020879359411e-28
17782794.10038919001818 71.05263 1.11244442116724e-28
17782794.10038919001818 75.78947 1.16783428927408e-28
17782794.10038919001818 80.52632 1.24176721985405e-28
17782794.10038919001818 85.26316 1.31886549031117e-28
17782794.10038919001818 90.00000 1.15644599273119e-28
22387211.38568337634206 0.00000 4.32805055457927e-29
22387211.38568337634206 4.73684 4.33125277781337e-29
22387211.38568337634206 9.47368 4.34084431832951e-29
22387211.38568337634206 14.21053 4.35694263271694e-29
22387211.38568337634206 18.94737 4.37988243708567e-29
22387211.38568337634206 23.68421 4.41004405768518e-29
22387211.38568337634206 28.42105 4.44783408799843e-29
22387211.38568337634206 33.15789 4.49408016649258e-29
22387211.38568337634206 37.89474 4.54961228277641e-29
22387211.38568337634206 42.63158 4.61564584493186e-29
22387211.38568337634206 47.36842 4.69358048017774e-29
22387211.38568337634206 52.10526 4.78580546713365e-29
22387211.38568337634206 56.84211 4.89476792792557e-29
22387211.38568337634206 61.57895 5.02479337379254e-29
22387211.38568337634206 66.31579 5.18196954111241e-29
22387211.38568337634206 71.05263 5.37607955479153e-29
22387211.38568337634206 75.78947 5.62209944455170e-29
22387211.38568337634206 80.52632 5.93434615535375e-29
22387211.38568337634206 85.26316 6.23192233407197e-29
22387211.38568337634206 90.00000 5.44558496146233e-29
28183829.31264454871416 0.00000 2.09488627606281e-29
28183829.31264454871416 4.73684 2.09646368835356e-29
28183829.31264454871416 9.47368 2.10122785079569e-29
28183829.31264454871416 14.21053 2.10922120033237e-29
28183829.31264454871416 18.94737 2.12058908316532e-29
28183829.31264454871416 23.68421 2.13553436898359e-29
28183829.31264454871416 28.42105 2.15425333382156e-29
28183829.31264454871416 33.15789 2.17713919078532e-29
28183829.31264454871416 37.89474 2.20454377927387e-29
28183829.31264454871416 42.63158 2.23705884349315e-29
28183829.31264454871416 47.36842 2.27530251041072e-29
28183829.31264454871416 52.10526 2.32028825654330e-29
28183829.31264454871416 56.84211 2.37302697445315e-29
28183829.31264454871416 61.57895 2.43522454501821e-29
28183829.31264454871416 66.31579 2.50916190824322e-29
28183829.31264454871416 71.05263 2.59800975650431e-29
28183829.31264454871416 75.78947 2.70637875925744e-29
28183829.31264454871416 80.52632 2.83643265042052e-29
28183829.31264454871416 85.26316 2.94510768094077e-29
28183829.31264454871416 90.00000 2.56427204615342e-29
35481338.92335753142834 0.00000 1.01397810518711e-29
35481338.92335753142834 4.73684 1.01476268135774e-29
35481338.92335753142834 9.47368 1.01712638203501e-29
35481338.92335753142834 14.21053 1.02108117098707e-29
35481338.92335753142834 18.94737 1.02672459113713e-29
35481338.92335753142834 23.68421 1.03411955821202e-29
35481338.92335753142834 28.42105 1.04339038399072e-29
35481338.92335753142834 33.15789 1.05470505649726e-29
35481338.92335753142834 37.89474 1.06823164007067e-29
35481338.92335753142834 42.63158 1.08423641783621e-29
35481338.92335753142834 47.36842 1.10299768161588e-29
35481338.92335753142834 52.10526 1.12493842868539e-29
35481338.92335753142834 56.84211 1.15046452500679e-29
35481338.92335753142834 61.57895 1.18021197844704e-29
35481338.92335753142834 66.31579 1.21493265400204e-29
35481338.92335753142834 71.05263 1.25553797513193e-29
35481338.92335753142834 75.78947 1.30292550927754e-29
35481338.92335753142834 80.52632 1.35568315492134e-29
35481338.92335753142834 85.26316 1.39191721824076e-29
35481338.92335753142834 90.00000 1.20749030044331e-29
44668359.21509625762701 0.00000 4.90791127702935e-30
44668359.21509625762701 4.73684 4.91181415335722e-30
44668359.21509625762701 9.47368 4.92350749672426e-30
44668359.21509625762701 14.21053 4.94312453483261e-30
44668359.21509625762701 18.94737 4.97106146234554e-30
44668359.21509625762701 23.68421 5.00767596087372e-30
44668359.21509625762701 28.42105 5.05353315169071e-30
44668359.21509625762701 33.15789 5.10944209362735e-30
44668359.21509625762701 37.89474 5.17620716362995e-30
44668359.21509625762701 42.63158 5.25496555256172e-30
44668359.21509625762701 47.36842 5.34698163100626e-30
44668359.21509625762701 52.10526 5.45401045722691e-30
44668359.21509625762701 56.84211 5.57755414721250e-30
44668359.21509625762701 61.57895 5.71980231384576e-30
44668359.21509625762701 66.31579 5.88260569026796e-30
44668359.21509625762701 71.05263 6.06743504936532e-30
44668359.21509625762701 75.78947 6.27224381127213e-30
44668359.21509625762701 80.52632 6.47915778857808e-30
44668359.21509625762701 85.26316 6.57725013106627e-30
44668359.21509625762701 90.00000 5.68595219170348e-30
56234132.51903479546309 0.00000 2.37555357260206e-30
56234132.51903479546309 4.73684 2.37747629119448e-30
56234132.51903479546309 9.47368 2.38327288267257e-30
56234132.51903479546309 14.21053 2.39300126840802e-30
56234132.51903479546309 18.94737 2.40681898730378e-30
56234132.51903479546309 23.68421 2.42495191447633e-30
56234132.51903479546309 28.42105 2.44762609383447e-30
56234132.51903479546309 33.15789 2.47524246396110e-30
56234132.51903479546309 37.89474 2.50816316572833e-30
56234132.51903479546309 42.63158 2.54692051079862e-30
56234132.51903479546309 47.36842 2.59204361965943e-30
56234132.51903479546309 52.10526 2.64425221268309e-30
56234132.51903479546309 56.84211 2.70404799941436e-30
56234132.51903479546309 61.57895 2.77205775655057e-30
56234132.51903479546309 66.31579 2.84836950662722e-30
56234132.51903479546309 71.05263 2.93220158796823e-30
56234132.51903479546309 75.78947 3.01943078348449e-30
56234132.51903479546309 80.52632 3.09633095923380e-30
56234132.51903479546309 85.26316 3.10804264286613e-30
56234132.51903479546309 90.00000 2.67745855302467e-30
70794578.43841373920441 0.00000 1.14982819732597e-30
70794578.43841373920441 4.73684 1.15078217174635e-30
70794578.43841373920441 9.47368 1.15365309667199e-30
70794578.43841373920441 14.21053 1.15846175195354e-30
70794578.43841373920441 18.94737 1.16529998397669e-30
70794578.43841373920441 23.68421 1.17427063871901e-30
70794578.43841373920441 28.42105 1.18547565815282e-30
70794578.43841373920441 33.15789 1.19911599999753e-30
70794578.43841373920441 37.89474 1.21534724178913e-30
70794578.43841373920441 42.63158 1.23441895808906e-30
70794578.43841373920441 47.36842 1.25654341612433e-30
70794578.43841373920441 52.10526 1.28200501457537e-30
70794578.43841373920441 56.84211 1.31094719642627e-30
70794578.43841373920441 61.57895 1.34345681880401e-30
70794578.43841373920441 66.31579 1.37919937528449e-30
70794578.43841373920441 71.05263 1.41699393135265e-30
70794578.43841373920441 75.78947 1.45350236181750e-30
70794578.43841373920441 80.52632 1.47984982567108e-30
70794578.43841373920441 85.26316 1.46891525613705e-30
70794578.43841373920441 90.00000 1.26078870547412e-30
89125093.81337459385395 0.00000 5.56546018837087e-31
89125093.81337459385395 4.73684 5.57019383236519e-31
89125093.81337459385395 9.47368 5.58438024239006e-31
89125093.81337459385395 14.21053 5.60817176090619e-31
89125093.81337459385395 18.94737 5.64201019169152e-31
89125093.81337459385395 23.68421 5.68633898683289e-31
89125093.81337459385395 28.42105 5.74171843496793e-31
89125093.81337459385395 33.15789 5.80905406231932e-31
89125093.81337459385395 37.89474 5.88907071887904e-31
89125093.81337459385395 42.63158 5.98286762343363e-31
89125093.81337459385395 47.36842 6.09131627659073e-31
89125093.81337459385395 52.10526 6.21550911848242e-31
89125093.81337459385395 56.84211 6.35559870023689e-31
89125093.81337459385395 61.57895 6.51094821618184e-31
89125093.81337459385395 66.31579 6.67801025456020e-31
89125093.81337459385395 71.05263 6.84778181173018e-31
89125093.81337459385395 75.78947 6.99691440818278e-31
89125093.81337459385395 80.52632 7.07246078215425e-31
89125093.81337459385395 85.26316 6.94168225927063e-31
89125093.81337459385395 90.00000 5.93692910037915e-31
