89.12509381337455 0.00000 1.36437720525671e-06
89.12509381337455 4.73684 1.34274764957871e-06
89.12509381337455 9.47368 1.29607244288426e-06
89.12509381337455 14.21053 1.21640469878738e-06
89.12509381337455 18.94737 1.10307688582195e-06
89.12509381337455 23.68421 9.76791617048035e-07
89.12509381337455 28.42105 8.34205988845384e-07
89.12509381337455 33.15789 6.91508262860259e-07
89.12509381337455 37.89474 5.56541595310904e-07
89.12509381337455 42.63158 4.28881933808149e-07
89.12509381337455 47.36842 3.12632018281500e-07
89.12509381337455 52.10526 2.13776955896958e-07
89.12509381337455 56.84211 1.36201236130737e-07
89.12509381337455 61.57895 7.88262837486031e-08
89.12509381337455 66.31579 4.05059281121903e-08
89.12509381337455 71.05263 1.77885056003901e-08
89.12509381337455 75.78947 6.22766340331693e-09
89.12509381337455 80.52632 1.54185288239092e-09
89.12509381337455 85.26316 2.06333049608493e-10
89.12509381337455 90.00000 8.14793580326975e-12
112.20184543019636 0.00000 1.49866256740473e-06
112.20184543019636 4.73684 1.47551313192768e-06
112.20184543019636 9.47368 1.42547205420436e-06
112.20184543019636 14.21053 1.33990092824794e-06
112.20184543019636 18.94737 1.21779216054537e-06
112.20184543019636 23.68421 1.08112420029284e-06
112.20184543019636 28.42105 9.25963809693375e-07
112.20184543019636 33.15789 7.69768130032664e-07
112.20184543019636 37.89474 6.21237232649553e-07
112.20184543019636 42.63158 4.79954873146300e-07
112.20184543019636 47.36842 3.50595140746157e-07
112.20184543019636 52.10526 2.40140930022966e-07
112.20184543019636 56.84211 1.53263498122715e-07
112.20184543019636 61.57895 8.88547889290350e-08
112.20184543019636 66.31579 4.57411932819157e-08
112.20184543019636 71.05263 2.01209563613961e-08
112.20184543019636 75.78947 7.05397604977595e-09
112.20184543019636 80.52632 1.74836562728159e-09
112.20184543019636 85.26316 2.34086271828563e-10
112.20184543019636 90.00000 9.23967320190205e-12
141.25375446227540 0.00000 1.63567801409348e-06
141.25375446227540 4.73684 1.61107855258607e-06
141.25375446227540 9.47368 1.55788286826959e-06
141.25375446227540 14.21053 1.46670674326599e-06
141.25375446227540 18.94737 1.33610798794378e-06
141.25375446227540 23.68421 1.18930185426766e-06
141.25375446227540 28.42105 1.02163784914239e-06
141.25375446227540 33.15789 8.51846403606453e-07
141.25375446227540 37.89474 6.89517401312670e-07
141.25375446227540 42.63158 5.34195162737568e-07
141.25375446227540 47.36842 3.91149743874021e-07
141.25375446227540 52.10526 2.68471187691182e-07
141.25375446227540 56.84211 1.71727697380419e-07
141.25375446227540 61.57895 9.97905521705214e-08
141.25375446227540 66.31579 5.14958011433173e-08
141.25375446227540 71.05263 2.27037863800775e-08
141.25375446227540 75.78947 7.97487095378566e-09
141.25375446227540 80.52632 1.97968836329850e-09
141.25375446227540 85.26316 2.65257348920817e-10
141.25375446227540 90.00000 1.04645460543848e-11
177.82794100389219 0.00000 1.76615030242880e-06
177.82794100389219 4.73684 1.74029223549644e-06
177.82794100389219 9.47368 1.68444535279370e-06
177.82794100389219 14.21053 1.58845825660031e-06
177.82794100389219 18.94737 1.45036293458534e-06
177.82794100389219 23.68421 1.29448556763081e-06
177.82794100389219 28.42105 1.11534197474301e-06
177.82794100389219 33.15789 9.32853099625675e-07
177.82794100389219 37.89474 7.57472418356055e-07
177.82794100389219 42.63158 5.88636064708968e-07
177.82794100389219 47.36842 4.32190237980333e-07
177.82794100389219 52.10526 2.97386615620612e-07
177.82794100389219 56.84211 1.90765279446140e-07
177.82794100389219 61.57895 1.11190505407752e-07
177.82794100389219 66.31579 5.75630832041471e-08
177.82794100389219 71.05263 2.54555223768422e-08
177.82794100389219 75.78947 8.96498744126589e-09
177.82794100389219 80.52632 2.23019910847997e-09
177.82794100389219 85.26316 2.99148819044111e-10
177.82794100389219 90.00000 1.17948985151440e-11
223.87211385683389 0.00000 1.88658485033359e-06
223.87211385683389 4.73684 1.85972350364855e-06
223.87211385683389 9.47368 1.80185898358758e-06
223.87211385683389 14.21053 1.70208196140795e-06
223.87211385683389 18.94737 1.55781359826287e-06
223.87211385683389 23.68421 1.39429952872646e-06
223.87211385683389 28.42105 1.20512057517278e-06
223.87211385683389 33.15789 1.01125220097319e-06
223.87211385683389 37.89474 8.23958613563635e-07
223.87211385683389 42.63158 6.42496365163983e-07
223.87211385683389 47.36842 4.73248266005234e-07
223.87211385683389 52.10526 3.26658002509900e-07
223.87211385683389 56.84211 2.10302495978341e-07
223.87211385683389 61.57895 1.23062346417688e-07
223.87211385683389 66.31579 6.39761289047422e-08
223.87211385683389 71.05263 2.84039320199369e-08
223.87211385683389 75.78947 1.00387594996523e-08
223.87211385683389 80.52632 2.50447319357471e-09
223.87211385683389 85.26316 3.36462467441002e-10
223.87211385683389 90.00000 1.32586928905367e-11
281.83829312644536 0.00000 1.99205970801816e-06
281.83829312644536 4.73684 1.96450773130116e-06
281.83829312644536 9.47368 1.90538231440874e-06
281.83829312644536 14.21053 1.80305860898428e-06
281.83829312644536 18.94737 1.65428198039249e-06
281.83829312644536 23.68421 1.48497799383247e-06
281.83829312644536 28.42105 1.28772168544305e-06
281.83829312644536 33.15789 1.08435213410276e-06
281.83829312644536 37.89474 8.86849921036691e-07
281.83829312644536 42.63158 6.94212955435091e-07
281.83829312644536 47.36842 5.13285193989655e-07
281.83829312644536 52.10526 3.55678821872079e-07
281.83829312644536 56.84211 2.30038519697520e-07
281.83829312644536 61.57895 1.35293671919731e-07
281.83829312644536 66.31579 7.07138235462722e-08
281.83829312644536 71.05263 3.15570700447460e-08
281.83829312644536 75.78947 1.12054968408092e-08
281.83829312644536 80.52632 2.80623495570768e-09
281.83829312644536 85.26316 3.77831757592958e-10
281.83829312644536 90.00000 1.48818196066958e-11
354.81338923357532 0.00000 2.07516126970580e-06
354.81338923357532 4.73684 2.04728506736280e-06
354.81338923357532 9.47368 1.98778072557065e-06
354.81338923357532 14.21053 1.88438936546670e-06
354.81338923357532 18.94737 1.73315595041539e-06
354.81338923357532 23.68421 1.56041693140946e-06
354.81338923357532 28.42105 1.35772506352801e-06
354.81338923357532 33.15789 1.14753031724211e-06
354.81338923357532 37.89474 9.42370974811940e-07
354.81338923357532 42.63158 7.40894932525802e-07
354.81338923357532 47.36842 5.50273591680237e-07
354.81338923357532 52.10526 3.83166842545590e-07
354.81338923357532 56.84211 2.49247563496064e-07
354.81338923357532 61.57895 1.47533691635782e-07
354.81338923357532 66.31579 7.76388797962102e-08
354.81338923357532 71.05263 3.48762027501246e-08
354.81338923357532 75.78947 1.24602559928749e-08
354.81338923357532 80.52632 3.13621502250933e-09
354.81338923357532 85.26316 4.23553593881210e-10
354.81338923357532 90.00000 1.66779765020360e-11
446.68359215096280 0.00000 2.12252947909243e-06
446.68359215096280 4.73684 2.09483856540756e-06
446.68359215096280 9.47368 2.03612438963975e-06
446.68359215096280 14.21053 1.93367224721390e-06
446.68359215096280 18.94737 1.78286758566952e-06
446.68359215096280 23.68421 1.61004951975772e-06
446.68359215096280 28.42105 1.40583570025569e-06
446.68359215096280 33.15789 1.19288827815674e-06
446.68359215096280 37.89474 9.84040800538772e-07
446.68359215096280 42.63158 7.77511742369468e-07
446.68359215096280 47.36842 5.80591461879723e-07
446.68359215096280 52.10526 4.06726525152970e-07
446.68359215096280 56.84211 2.66475821689981e-07
446.68359215096280 61.57895 1.59001019527074e-07
446.68359215096280 66.31579 8.43904297066766e-08
446.68359215096280 71.05263 3.82257651114297e-08
446.68359215096280 75.78947 1.37657735073248e-08
446.68359215096280 80.52632 3.48763726662766e-09
446.68359215096280 85.26316 4.72994539186167e-10
446.68359215096280 90.00000 1.86259228059188e-11
562.34132519034881 0.00000 2.12728356867529e-06
562.34132519034881 4.73684 2.10033712285267e-06
562.34132519034881 9.47368 2.04365067121708e-06
562.34132519034881 14.21053 1.94430329478622e-06
562.34132519034881 18.94737 1.79712997103194e-06
562.34132519034881 23.68421 1.62799739005140e-06
562.34132519034881 28.42105 1.42677494641793e-06
562.34132519034881 33.15789 1.21585532667950e-06
562.34132519034881 37.89474 1.00803785382052e-06
562.34132519034881 42.63158 8.01057431377005e-07
562.34132519034881 47.36842 6.02067016970227e-07
562.34132519034881 52.10526 4.24930446148132e-07
562.34132519034881 56.84211 2.80868458349614e-07
562.34132519034881 61.57895 1.69253193058787e-07
562.34132519034881 66.31579 9.07817641072136e-08
562.34132519034881 71.05263 4.15500896510092e-08
562.34132519034881 75.78947 1.51154279770249e-08
562.34132519034881 80.52632 3.86213939345569e-09
562.34132519034881 85.26316 5.26765106020667e-10
562.34132519034881 90.00000 2.07558796911284e-11
707.94578438413771 0.00000 2.07864286645913e-06
707.94578438413771 4.73684 2.05312206687232e-06
707.94578438413771 9.47368 1.99989451635642e-06
707.94578438413771 14.21053 1.90619758809029e-06
707.94578438413771 18.94737 1.76650487512389e-06
707.94578438413771 23.68421 1.60557000774961e-06
707.94578438413771 28.42105 1.41283057858662e-06
707.94578438413771 33.15789 1.20978148125488e-06
707.94578438413771 37.89474 1.00877325320787e-06
707.94578438413771 42.63158 8.07057915851514e-07
707.94578438413771 47.36842 6.11352621374814e-07
707.94578438413771 52.10526 4.35453350320157e-07
707.94578438413771 56.84211 2.90926277102246e-07
707.94578438413771 61.57895 1.77431714701544e-07
707.94578438413771 66.31579 9.63938708534298e-08
707.94578438413771 71.05263 4.46881115851259e-08
707.94578438413771 75.78947 1.64665869178548e-08
707.94578438413771 80.52632 4.25306915198747e-09
707.94578438413771 85.26316 5.84495887532238e-10
707.94578438413771 90.00000 2.30630036154574e-11
891.25093813374542 0.00000 1.97105588933286e-06
891.25093813374542 4.73684 1.94768602103823e-06
891.25093813374542 9.47368 1.89937111753910e-06
891.25093813374542 14.21053 1.81395246810119e-06
891.25093813374542 18.94737 1.68580005044358e-06
891.25093813374542 23.68421 1.53781553852365e-06
891.25093813374542 28.42105 1.35942864176827e-06
891.25093813374542 33.15789 1.17052749410326e-06
891.25093813374542 37.89474 9.82558849273515e-07
891.25093813374542 42.63158 7.92359365702621e-07
891.25093813374542 47.36842 6.05908630278866e-07
891.25093813374542 52.10526 4.36384139317651e-07
891.25093813374542 56.84211 2.95311716215396e-07
891.25093813374542 61.57895 1.82708819011424e-07
891.25093813374542 66.31579 1.00794542383390e-07
891.25093813374542 71.05263 4.74657559978165e-08
891.25093813374542 75.78947 1.77717930246500e-08
891.25093813374542 80.52632 4.65319575470456e-09
891.25093813374542 85.26316 6.45902911994734e-10
891.25093813374542 90.00000 2.55507399616191e-11
1122.01845430196295 0.00000 1.80413523583177e-06
1122.01845430196295 4.73684 1.78360966357823e-06
1122.01845430196295 9.47368 1.74153049454854e-06
1122.01845430196295 14.21053 1.66682223863999e-06
1122.01845430196295 18.94737 1.55405000800640e-06
1122.01845430196295 23.68421 1.42350341790357e-06
1122.01845430196295 28.42105 1.26509286359504e-06
1122.01845430196295 33.15789 1.09639149897603e-06
1122.01845430196295 37.89474 9.27504491371835e-07
1122.01845430196295 42.63158 7.54993180892890e-07
1122.01845430196295 47.36842 5.83841684612639e-07
1122.01845430196295 52.10526 4.26058189832838e-07
1122.01845430196295 56.84211 2.92698687196819e-07
1122.01845430196295 61.57895 1.84168084791209e-07
1122.01845430196295 66.31579 1.03456744409714e-07
1122.01845430196295 71.05263 4.96503453652209e-08
1122.01845430196295 75.78947 1.89589089667914e-08
1122.01845430196295 80.52632 5.04927222946291e-09
1122.01845430196295 85.26316 7.10056844011750e-10
1122.01845430196295 90.00000 2.82036201062253e-11
1412.53754462275333 0.00000 1.58806691649688e-06
1412.53754462275333 4.73684 1.57089766090893e-06
1412.53754462275333 9.47368 1.53596007913325e-06
1412.53754462275333 14.21053 1.47367696920368e-06
1412.53754462275333 18.94737 1.37909259090450e-06
1412.53754462275333 23.68421 1.26927135568852e-06
1412.53754462275333 28.42105 1.13506827305117e-06
1412.53754462275333 33.15789 9.91192294693679e-07
1412.53754462275333 37.89474 8.46083922979588e-07
1412.53754462275333 42.63158 6.96224898182396e-07
1412.53754462275333 47.36842 5.45451466196276e-07
1412.53754462275333 52.10526 4.04153476030416e-07
1412.53754462275333 56.84211 2.82496960387643e-07
1412.53754462275333 61.57895 1.81232809820353e-07
1412.53754462275333 66.31579 1.03978816931235e-07
1412.53754462275333 71.05263 5.10438807923033e-08
1412.53754462275333 75.78947 1.99610369790244e-08
1412.53754462275333 80.52632 5.42922951423303e-09
1412.53754462275333 85.26316 7.76375082309451e-10
1412.53754462275333 90.00000 3.10285281999622e-11
1778.27941003892192 0.00000 1.33848550689857e-06
1778.27941003892192 4.73684 1.32491212208604e-06
1778.27941003892192 9.47368 1.29745680780823e-06
1778.27941003892192 14.21053 1.24831433435120e-06
1778.27941003892192 18.94737 1.17323002370333e-06
1778.27941003892192 23.68421 1.08570587825722e-06
1778.27941003892192 28.42105 9.77907811952954e-07
1778.27941003892192 33.15789 8.61403243975054e-07
1778.27941003892192 37.89474 7.42820238350072e-07
1778.27941003892192 42.63158 6.18782881246579e-07
1778.27941003892192 47.36842 4.91961860232273e-07
1778.27941003892192 52.10526 3.70837791132678e-07
1778.27941003892192 56.84211 2.64304061986357e-07
1778.27941003892192 61.57895 1.73329531541569e-07
1778.27941003892192 66.31579 1.01889136404764e-07
1778.27941003892192 71.05263 5.13777252967763e-08
1778.27941003892192 75.78947 2.06695434329776e-08
1778.27941003892192 80.52632 5.76858185658915e-09
1778.27941003892192 85.26316 8.42652007161977e-10
1778.27941003892192 90.00000 3.39783909713170e-11
2238.72113856833766 0.00000 1.07942803802765e-06
2238.72113856833766 4.73684 1.06930754678328e-06
2238.72113856833766 9.47368 1.04892990308803e-06
2238.72113856833766 14.21053 1.01230731440735e-06
2238.72113856833766 18.94737 9.55998273167589e-07
2238.72113856833766 23.68421 8.90032996154601e-07
2238.72113856833766 28.42105 8.08072812307546e-07
2238.72113856833766 33.15789 7.18650284009939e-07
2238.72113856833766 37.89474 6.26653784698673e-07
2238.72113856833766 42.63158 5.29040688617554e-07
2238.72113856833766 47.36842 4.27437217474051e-07
2238.72113856833766 52.10526 3.28336771866918e-07
2238.72113856833766 56.84211 2.39083821773269e-07
2238.72113856833766 61.57895 1.60678307281454e-07
2238.72113856833766 66.31579 9.71015173873271e-08
2238.72113856833766 71.05263 5.05218452723614e-08
2238.72113856833766 75.78947 2.10076148263510e-08
2238.72113856833766 80.52632 6.04862042459014e-09
2238.72113856833766 85.26316 9.07503820818046e-10
2238.72113856833766 90.00000 3.70512599692226e-11
2818.38293126445205 0.00000 8.31463673622973e-07
2818.38293126445205 4.73684 8.24353975429857e-07
2818.38293126445205 9.47368 8.10094609632697e-07
2818.38293126445205 14.21053 7.84360688313462e-07
2818.38293126445205 18.94737 7.44529769765190e-07
2818.38293126445205 23.68421 6.97605032613144e-07
2818.38293126445205 28.42105 6.38749045405381e-07
2818.38293126445205 33.15789 5.73867002697425e-07
2818.38293126445205 37.89474 5.06340362216135e-07
2818.38293126445205 42.63158 4.33586683345334e-07
2818.38293126445205 47.36842 3.56398358262683e-07
2818.38293126445205 52.10526 2.79392390078453e-07
2818.38293126445205 56.84211 2.08235840386788e-07
2818.38293126445205 61.57895 1.43780005187885e-07
2818.38293126445205 66.31579 8.96477750583263e-08
2818.38293126445205 71.05263 4.83481726240647e-08
2818.38293126445205 75.78947 2.08731788495983e-08
2818.38293126445205 80.52632 6.23887663888938e-09
2818.38293126445205 85.26316 9.67617523176825e-10
2818.38293126445205 90.00000 4.01805959534827e-11
3548.13389233575344 0.00000 6.11444998736730e-07
3548.13389233575344 4.73684 6.06735860522326e-07
3548.13389233575344 9.47368 5.97334799840886e-07
3548.13389233575344 14.21053 5.80294986430457e-07
3548.13389233575344 18.94737 5.53733628085994e-07
3548.13389233575344 23.68421 5.22266024388505e-07
3548.13389233575344 28.42105 4.82411837455317e-07
3548.13389233575344 33.15789 4.38011390715588e-07
3548.13389233575344 37.89474 3.91251852513611e-07
3548.13389233575344 42.63158 3.40061779215351e-07
3548.13389233575344 47.36842 2.84649853912608e-07
3548.13389233575344 52.10526 2.28032226919314e-07
3548.13389233575344 56.84211 1.74264477379687e-07
3548.13389233575344 61.57895 1.23935127060436e-07
3548.13389233575344 66.31579 8.00104882423253e-08
3548.13389233575344 71.05263 4.49040492929075e-08
3548.13389233575344 75.78947 2.02120585608575e-08
3548.13389233575344 80.52632 6.31502411010344e-09
3548.13389233575344 85.26316 1.01999123963522e-09
3548.13389233575344 90.00000 4.33235611761126e-11
4466.83592150962795 0.00000 4.28448607300525e-07
4466.83592150962795 4.73684 4.25529768755708e-07
4466.83592150962795 9.47368 4.19738230112464e-07
4466.83592150962795 14.21053 4.09189871782490e-07
4466.83592150962795 18.94737 3.92614268218454e-07
4466.83592150962795 23.68421 3.72863011227158e-07
4466.83592150962795 28.42105 3.47583692084005e-07
4466.83592150962795 33.15789 3.19102724099127e-07
4466.83592150962795 37.89474 2.88728723906852e-07
4466.83592150962795 42.63158 2.54899684658041e-07
4466.83592150962795 47.36842 2.17486054118475e-07
4466.83592150962795 52.10526 1.78274690198831e-07
4466.83592150962795 56.84211 1.39933490164574e-07
4466.83592150962795 61.57895 1.02749852043220e-07
4466.83592150962795 66.31579 6.88731434554950e-08
4466.83592150962795 71.05263 4.03253612005803e-08
4466.83592150962795 75.78947 1.89984337030751e-08
4466.83592150962795 80.52632 6.25131385462578e-09
4466.83592150962795 85.26316 1.06036980256103e-09
4466.83592150962795 90.00000 4.63914924656476e-11
5623.41325190348834 0.00000 2.87188530879986e-07
5623.41325190348834 4.73684 2.85498578277175e-07
5623.41325190348834 9.47368 2.82169948613097e-07
5623.41325190348834 14.21053 2.76073767755395e-07
5623.41325190348834 18.94737 2.66405618729637e-07
5623.41325190348834 23.68421 2.54812189275758e-07
5623.41325190348834 28.42105 2.39802417050510e-07
5623.41325190348834 33.15789 2.22684719553219e-07
5623.41325190348834 37.89474 2.04179305279900e-07
5623.41325190348834 42.63158 1.83185818287156e-07
5623.41325190348834 47.36842 1.59433202250770e-07
5623.41325190348834 52.10526 1.33855134489754e-07
5623.41325190348834 56.84211 1.08036078513084e-07
5623.41325190348834 61.57895 8.19949644614039e-08
5623.41325190348834 66.31579 5.71045381696795e-08
5623.41325190348834 71.05263 3.49074461387122e-08
5623.41325190348834 75.78947 1.72855059819790e-08
5623.41325190348834 80.52632 6.03495502514453e-09
5623.41325190348834 85.26316 1.08504467630266e-09
5623.41325190348834 90.00000 4.93147278380051e-11
7079.45784384137369 0.00000 1.85955419153598e-07
7079.45784384137369 4.73684 1.85040005375690e-07
7079.45784384137369 9.47368 1.83248789920493e-07
7079.45784384137369 14.21053 1.79948813353804e-07
7079.45784384137369 18.94737 1.74663267683209e-07
7079.45784384137369 23.68421 1.68277048876039e-07
7079.45784384137369 28.42105 1.59902865022023e-07
7079.45784384137369 33.15789 1.50218514121584e-07
7079.45784384137369 37.89474 1.39582925167583e-07
7079.45784384137369 42.63158 1.27266416189800e-07
7079.45784384137369 47.36842 1.12973681894111e-07
7079.45784384137369 52.10526 9.71088238189383e-08
7079.45784384137369 56.84211 8.05191493778872e-08
7079.45784384137369 61.57895 6.30693567475875e-08
7079.45784384137369 66.31579 4.55622052089804e-08
7079.45784384137369 71.05263 2.90891021760907e-08
7079.45784384137369 75.78947 1.52144520438862e-08
7079.45784384137369 80.52632 5.67432356589541e-09
7079.45784384137369 85.26316 1.09231080072702e-09
7079.45784384137369 90.00000 5.21022558655004e-11
8912.50938133744421 0.00000 1.17879975398796e-07
8912.50938133744421 4.73684 1.17400965094002e-07
8912.50938133744421 9.47368 1.16469592836259e-07
8912.50938133744421 14.21053 1.14742956638427e-07
8912.50938133744421 18.94737 1.11948451575486e-07
8912.50938133744421 23.68421 1.08544074586949e-07
8912.50938133744421 28.42105 1.04019406900410e-07
8912.50938133744421 33.15789 9.87099966596793e-08
8912.50938133744421 37.89474 9.27850125474569e-08
8912.50938133744421 42.63158 8.57818876764985e-08
8912.50938133744421 47.36842 7.74528874425235e-08
8912.50938133744421 52.10526 6.79420824352662e-08
8912.50938133744421 56.84211 5.76800183750943e-08
8912.50938133744421 61.57895 4.64901760443771e-08
8912.50938133744421 66.31579 3.47959030177495e-08
8912.50938133744421 71.05263 2.32521697162466e-08
8912.50938133744421 75.78947 1.29066914137069e-08
8912.50938133744421 80.52632 5.16963486656423e-09
8912.50938133744421 85.26316 1.07698437539032e-09
8912.50938133744421 90.00000 5.45695999028404e-11
11220.18454301962265 0.00000 7.25261278555633e-08
11220.18454301962265 4.73684 7.22791905269709e-08
11220.18454301962265 9.47368 7.18043512912813e-08
11220.18454301962265 14.21053 7.09186087990285e-08
11220.18454301962265 18.94737 6.94705574959766e-08
11220.18454301962265 23.68421 6.76976764876448e-08
11220.18454301962265 28.42105 6.53155571966453e-08
11220.18454301962265 33.15789 6.24915497947250e-08
11220.18454301962265 37.89474 5.93065296553724e-08
11220.18454301962265 42.63158 5.54835568359801e-08
11220.18454301962265 47.36842 5.08500085051910e-08
11220.18454301962265 52.10526 4.54429104111256e-08
11220.18454301962265 56.84211 3.94636130512764e-08
11220.18454301962265 61.57895 3.27391486052454e-08
11220.18454301962265 66.31579 2.54317303068497e-08
11220.18454301962265 71.05263 1.78332649355910e-08
11220.18454301962265 75.78947 1.05234121657986e-08
11220.18454301962265 80.52632 4.54418559504074e-09
11220.18454301962265 85.26316 1.03559524656151e-09
11220.18454301962265 90.00000 5.65184062559461e-11
14125.37544622752648 0.00000 4.27601025505138e-08
14125.37544622752648 4.73684 4.26429298897312e-08
14125.37544622752648 9.47368 4.24228700153465e-08
14125.37544622752648 14.21053 4.20083963995848e-08
14125.37544622752648 18.94737 4.13202014646004e-08
14125.37544622752648 23.68421 4.04744458365080e-08
14125.37544622752648 28.42105 3.93226167409356e-08
14125.37544622752648 33.15789 3.79424519781787e-08
14125.37544622752648 37.89474 3.63692207315920e-08
14125.37544622752648 42.63158 3.44465731349805e-08
14125.37544622752648 47.36842 3.20640851395363e-08
14125.37544622752648 52.10526 2.92128575012902e-08
14125.37544622752648 56.84211 2.59673903087567e-08
14125.37544622752648 61.57895 2.21806489443478e-08
14125.37544622752648 66.31579 1.78727568159380e-08
14125.37544622752648 71.05263 1.31270121742237e-08
14125.37544622752648 75.78947 8.22109063677899e-09
14125.37544622752648 80.52632 3.84040087407805e-09
14125.37544622752648 85.26316 9.66989235397517e-10
14125.37544622752648 90.00000 5.77287251250972e-11
17782.79410038921196 0.00000 2.47114314094555e-08
17782.79410038921196 4.73684 2.46588764150111e-08
17782.79410038921196 9.47368 2.45633398814256e-08
17782.79410038921196 14.21053 2.43810073099040e-08
17782.79410038921196 18.94737 2.40719721997001e-08
17782.79410038921196 23.68421 2.36905177593749e-08
17782.79410038921196 28.42105 2.31621597179324e-08
17782.79410038921196 33.15789 2.25209526063862e-08
17782.79410038921196 37.89474 2.17810609280641e-08
17782.79410038921196 42.63158 2.08578546193564e-08
17782.79410038921196 47.36842 1.96851097477815e-08
17782.79410038921196 52.10526 1.82431173701750e-08
17782.79410038921196 56.84211 1.65525256836623e-08
17782.79410038921196 61.57895 1.45074102187395e-08
17782.79410038921196 66.31579 1.20790508499814e-08
17782.79410038921196 71.05263 9.26072650489285e-09
17782.79410038921196 75.78947 6.14932255553562e-09
17782.79410038921196 80.52632 3.11645022592236e-09
17782.79410038921196 85.26316 8.74143843680700e-10
17782.79410038921196 90.00000 5.80384733425796e-11
22387.21138568340029 0.00000 1.38714646768596e-08
22387.21138568340029 4.73684 1.38494929352489e-08
22387.21138568340029 9.47368 1.38120819897008e-08
22387.21138568340029 14.21053 1.37389589674547e-08
22387.21138568340029 18.94737 1.36105906819669e-08
22387.21138568340029 23.68421 1.34518127706674e-08
22387.21138568340029 28.42105 1.32265392910222e-08
22387.21138568340029 33.15789 1.29493231178706e-08
22387.21138568340029 37.89474 1.26258211287720e-08
22387.21138568340029 42.63158 1.22120555279522e-08
22387.21138568340029 47.36842 1.16711180634507e-08
22387.21138568340029 52.10526 1.09864837817995e-08
22387.21138568340029 56.84211 1.01598448852708e-08
22387.21138568340029 61.57895 9.12276028765958e-09
22387.21138568340029 66.31579 7.83781901509983e-09
22387.21138568340029 71.05263 6.26627581454508e-09
22387.21138568340029 75.78947 4.40912795422035e-09
22387.21138568340029 80.52632 2.42428366592540e-09
22387.21138568340029 85.26316 7.62176758420988e-10
22387.21138568340029 90.00000 5.72468257506130e-11
28183.82931264454965 0.00000 7.61095451797273e-09
28183.82931264454965 4.73684 7.60272415335664e-09
28183.82931264454965 9.47368 7.59055213139941e-09
28183.82931264454965 14.21053 7.56548797442640e-09
28183.82931264454965 18.94737 7.51831651744146e-09
28183.82931264454965 23.68421 7.46000016274617e-09
28183.82931264454965 28.42105 7.37379436846426e-09
28183.82931264454965 33.15789 7.26563581961280e-09
28183.82931264454965 37.89474 7.13771518448884e-09
28183.82931264454965 42.63158 6.96813626656975e-09
28183.82931264454965 47.36842 6.73749100891977e-09
28183.82931264454965 52.10526 6.43471473900264e-09
28183.82931264454965 56.84211 6.05627238316468e-09
28183.82931264454965 61.57895 5.56117185494430e-09
28183.82931264454965 66.31579 4.91844931337753e-09
28183.82931264454965 71.05263 4.08779434848992e-09
28183.82931264454965 75.78947 3.03633305578272e-09
28183.82931264454965 80.52632 1.80645171475380e-09
28183.82931264454965 85.26316 6.39057129127854e-10
28183.82931264454965 90.00000 5.52043946137065e-11
35481.33892335752898 0.00000 4.09083550963387e-09
35481.33892335752898 4.73684 4.08828357547077e-09
35481.33892335752898 9.47368 4.08591855998557e-09
35481.33892335752898 14.21053 4.07995963269239e-09
35481.33892335752898 18.94737 4.06618390957044e-09
35481.33892335752898 23.68421 4.04930978734075e-09
35481.33892335752898 28.42105 4.02185310218757e-09
35481.33892335752898 33.15789 3.98616080887345e-09
35481.33892335752898 37.89474 3.94312043714776e-09
35481.33892335752898 42.63158 3.88221654454094e-09
35481.33892335752898 47.36842 3.79374892319592e-09
35481.33892335752898 52.10526 3.67123858977076e-09
35481.33892335752898 56.84211 3.51108407686377e-09
35481.33892335752898 61.57895 3.29034306766496e-09
35481.33892335752898 66.31579 2.98806105938318e-09
35481.33892335752898 71.05263 2.57364335847856e-09
35481.33892335752898 75.78947 2.01108843295425e-09
35481.33892335752898 80.52632 1.29104399587004e-09
35481.33892335752898 85.26316 5.14446554078203e-10
35481.33892335752898 90.00000 5.18824945013698e-11
44668.35921509625769 0.00000 2.16137258175259e-09
44668.35921509625769 4.73684 2.16092444332172e-09
44668.35921509625769 9.47368 2.16172658124472e-09
44668.35921509625769 14.21053 2.16226032326320e-09
44668.35921509625769 18.94737 2.16064335815008e-09
44668.35921509625769 23.68421 2.15886627662114e-09
44668.35921509625769 28.42105 2.15371221160515e-09
44668.35921509625769 33.15789 2.14609255069579e-09
44668.35921509625769 37.89474 2.13641461210542e-09
44668.35921509625769 42.63158 2.11980391957368e-09
44668.35921509625769 47.36842 2.09164368505643e-09
44668.35921509625769 52.10526 2.04848353001015e-09
44668.35921509625769 56.84211 1.98786768152609e-09
44668.35921509625769 61.57895 1.89767082313412e-09
44668.35921509625769 66.31579 1.76527412162512e-09
44668.35921509625769 71.05263 1.57072740503621e-09
44668.35921509625769 75.78947 1.28592297663527e-09
44668.35921509625769 80.52632 8.86382036116352e-10
44668.35921509625769 85.26316 3.96900572798354e-10
44668.35921509625769 90.00000 4.73160002843234e-11
56234.13251903485070 0.00000 1.12436475402913e-09
56234.13251903485070 4.73684 1.12455850257840e-09
56234.13251903485070 9.47368 1.12597307253955e-09
56234.13251903485070 14.21053 1.12803517152027e-09
56234.13251903485070 18.94737 1.12992709397664e-09
56234.13251903485070 23.68421 1.13248004690030e-09
56234.13251903485070 28.42105 1.13436859344190e-09
56234.13251903485070 33.15789 1.13595156785652e-09
56234.13251903485070 37.89474 1.13745314073147e-09
56234.13251903485070 42.63158 1.13669180141103e-09
56234.13251903485070 47.36842 1.13157645508922e-09
56234.13251903485070 52.10526 1.12041154653339e-09
56234.13251903485070 56.84211 1.10180258863182e-09
56234.13251903485070 61.57895 1.06965874033614e-09
56234.13251903485070 66.31579 1.01699597925209e-09
56234.13251903485070 71.05263 9.32049785204942e-10
56234.13251903485070 75.78947 7.96186646339521e-10
56234.13251903485070 80.52632 5.86227172272062e-10
56234.13251903485070 85.26316 2.93678447216570e-10
56234.13251903485070 90.00000 4.17511070102073e-11
70794.57843841373688 0.00000 5.75904296427505e-10
70794.57843841373688 4.73684 5.76206751541592e-10
70794.57843841373688 9.47368 5.77419226431238e-10
70794.57843841373688 14.21053 5.79345208644493e-10
70794.57843841373688 18.94737 5.81639553848220e-10
70794.57843841373688 23.68421 5.84648437494418e-10
70794.57843841373688 28.42105 5.87855139949753e-10
70794.57843841373688 33.15789 5.91409008455680e-10
70794.57843841373688 37.89474 5.95451665808217e-10
70794.57843841373688 42.63158 5.99045764036629e-10
70794.57843841373688 47.36842 6.01297535087999e-10
70794.57843841373688 52.10526 6.01438269033995e-10
70794.57843841373688 56.84211 5.98771773984759e-10
70794.57843841373688 61.57895 5.90383058625477e-10
70794.57843841373688 66.31579 5.72657461762982e-10
70794.57843841373688 71.05263 5.39148146953435e-10
70794.57843841373688 75.78947 4.78692694069272e-10
70794.57843841373688 80.52632 3.74319275271305e-10
70794.57843841373688 85.26316 2.08307004537299e-10
70794.57843841373688 90.00000 3.54937732109419e-11
89125.09381337449304 0.00000 2.90614204741923e-10
89125.09381337449304 4.73684 2.90861964217147e-10
89125.09381337449304 9.47368 2.91707855979409e-10
89125.09381337449304 14.21053 2.93095745239345e-10
89125.09381337449304 18.94737 2.94885139294267e-10
89125.09381337449304 23.68421 2.97221306170168e-10
89125.09381337449304 28.42105 2.99918576421861e-10
89125.09381337449304 33.15789 3.03045890816015e-10
89125.09381337449304 37.89474 3.06697542157554e-10
89125.09381337449304 42.63158 3.10491907999525e-10
89125.09381337449304 47.36842 3.14076046763199e-10
89125.09381337449304 52.10526 3.17135028517770e-10
89125.09381337449304 56.84211 3.19364260637374e-10
89125.09381337449304 61.57895 3.19440630094986e-10
89125.09381337449304 66.31579 3.15607193558480e-10
89125.09381337449304 71.05263 3.04544380325783e-10
89125.09381337449304 75.78947 2.80053211367636e-10
89125.09381337449304 80.52632 2.31301732951093e-10
89125.09381337449304 85.26316 1.41918104746208e-10
89125.09381337449304 90.00000 2.90020744369133e-11
112201.84543019629200 0.00000 1.44679717360518e-10
112201.84543019629200 4.73684 1.44845666671114e-10
112201.84543019629200 9.47368 1.45373936846897e-10
112201.84543019629200 14.21053 1.46255007919737e-10
112201.84543019629200 18.94737 1.47434267533296e-10
112201.84543019629200 23.68421 1.48974375266324e-10
112201.84543019629200 28.42105 1.50817046293712e-10
112201.84543019629200 33.15789 1.52998689993505e-10
112201.84543019629200 37.89474 1.55581906940302e-10
112201.84543019629200 42.63158 1.58423147988104e-10
112201.84543019629200 47.36842 1.61399989917275e-10
112201.84543019629200 52.10526 1.64403419509748e-10
112201.84543019629200 56.84211 1.67324642107721e-10
112201.84543019629200 61.57895 1.69602067160193e-10
112201.84543019629200 66.31579 1.70439233477799e-10
112201.84543019629200 71.05263 1.68226878497935e-10
112201.84543019629200 75.78947 1.59732002747515e-10
112201.84543019629200 80.52632 1.38636793685825e-10
112201.84543019629200 85.26316 9.29897441380199e-11
112201.84543019629200 90.00000 2.27097707716820e-11
141253.75446227524662 0.00000 7.08336975609191e-11
141253.75446227524662 4.73684 7.09341298309019e-11
141253.75446227524662 9.47368 7.12422420681496e-11
141253.75446227524662 14.21053 7.17611599275655e-11
141253.75446227524662 18.94737 7.24710064889739e-11
141253.75446227524662 23.68421 7.33998609729586e-11
141253.75446227524662 28.42105 7.45345341491809e-11
141253.75446227524662 33.15789 7.58961732497656e-11
141253.75446227524662 37.89474 7.75250726973414e-11
141253.75446227524662 42.63158 7.93742179836229e-11
141253.75446227524662 47.36842 8.14119338130173e-11
141253.75446227524662 52.10526 8.36137096983423e-11
141253.75446227524662 56.84211 8.59569127005723e-11
141253.75446227524662 61.57895 8.82259257369183e-11
141253.75446227524662 66.31579 9.00914950637825e-11
141253.75446227524662 71.05263 9.08249147608305e-11
141253.75446227524662 75.78947 8.88382686794874e-11
141253.75446227524662 80.52632 8.06949692780935e-11
141253.75446227524662 85.26316 5.87203047593530e-11
141253.75446227524662 90.00000 1.70205634684861e-11
177827.94100389210507 0.00000 3.41497554632986e-11
177827.94100389210507 4.73684 3.42066654093793e-11
177827.94100389210507 9.47368 3.43775043045076e-11
177827.94100389210507 14.21053 3.46670822376688e-11
177827.94100389210507 18.94737 3.50689232240145e-11
177827.94100389210507 23.68421 3.55960343669546e-11
177827.94100389210507 28.42105 3.62489825606518e-11
177827.94100389210507 33.15789 3.70403964250284e-11
177827.94100389210507 37.89474 3.79950720075155e-11
177827.94100389210507 42.63158 3.91019762859705e-11
177827.94100389210507 47.36842 4.03605563568702e-11
177827.94100389210507 52.10526 4.17754341600384e-11
177827.94100389210507 56.84211 4.33549904406975e-11
177827.94100389210507 61.57895 4.50302092127499e-11
177827.94100389210507 66.31579 4.66834032512031e-11
177827.94100389210507 71.05263 4.80123281460214e-11
177827.94100389210507 75.78947 4.82855015965709e-11
177827.94100389210507 80.52632 4.57416301080568e-11
177827.94100389210507 85.26316 3.58465383567213e-11
177827.94100389210507 90.00000 1.21894328270160e-11
223872.11385683377739 0.00000 1.62758846310407e-11
223872.11385683377739 4.73684 1.63066235954673e-11
223872.11385683377739 9.47368 1.63976717550041e-11
223872.11385683377739 14.21053 1.65526889123920e-11
223872.11385683377739 18.94737 1.67699474016501e-11
223872.11385683377739 23.68421 1.70556492755581e-11
223872.11385683377739 28.42105 1.74130943729777e-11
223872.11385683377739 33.15789 1.78497241960646e-11
223872.11385683377739 37.89474 1.83801194901448e-11
223872.11385683377739 42.63158 1.90045991303878e-11
223872.11385683377739 47.36842 1.97302085199317e-11
223872.11385683377739 52.10526 2.05678958149984e-11
223872.11385683377739 56.84211 2.15326859765729e-11
223872.11385683377739 61.57895 2.26110542225673e-11
223872.11385683377739 66.31579 2.37719851989261e-11
223872.11385683377739 71.05263 2.49051244237826e-11
223872.11385683377739 75.78947 2.56976556977214e-11
223872.11385683377739 80.52632 2.52960203647326e-11
223872.11385683377739 85.26316 2.11855647029684e-11
223872.11385683377739 90.00000 8.34953144058056e-12
281838.29312644520542 0.00000 7.67498863657440e-12
281838.29312644520542 4.73684 7.69099043761182e-12
281838.29312644520542 9.47368 7.73798947863231e-12
281838.29312644520542 14.21053 7.81826442318679e-12
281838.29312644520542 18.94737 7.93157941913490e-12
281838.29312644520542 23.68421 8.08095206059104e-12
281838.29312644520542 28.42105 8.26923080213088e-12
281838.29312644520542 33.15789 8.50067545574540e-12
281838.29312644520542 37.89474 8.78351123814116e-12
281838.29312644520542 42.63158 9.12047877183167e-12
281838.29312644520542 47.36842 9.51840094302892e-12
281838.29312644520542 52.10526 9.98687045461850e-12
281838.29312644520542 56.84211 1.05388849936399e-11
281838.29312644520542 61.57895 1.11783247295687e-11
281838.29312644520542 66.31579 1.19048795328473e-11
281838.29312644520542 71.05263 1.26874342351314e-11
281838.29312644520542 75.78947 1.34056451872040e-11
281838.29312644520542 80.52632 1.36706218211914e-11
281838.29312644520542 85.26316 1.21603100455741e-11
281838.29312644520542 90.00000 5.48620443046945e-12
354813.38923357531894 0.00000 3.58594227991672e-12
354813.38923357531894 4.73684 3.59403799979997e-12
354813.38923357531894 9.47368 3.61768488768219e-12
354813.38923357531894 14.21053 3.65816990006316e-12
354813.38923357531894 18.94737 3.71562632046611e-12
354813.38923357531894 23.68421 3.79153299414985e-12
354813.38923357531894 28.42105 3.88776509977478e-12
354813.38923357531894 33.15789 4.00667795989770e-12
354813.38923357531894 37.89474 4.15274262972545e-12
354813.38923357531894 42.63158 4.32841135527271e-12
354813.38923357531894 47.36842 4.53849534117047e-12
354813.38923357531894 52.10526 4.78962143401549e-12
354813.38923357531894 56.84211 5.09085219512788e-12
354813.38923357531894 61.57895 5.44920011585887e-12
354813.38923357531894 66.31579 5.87221522134509e-12
354813.38923357531894 71.05263 6.35736929981237e-12
354813.38923357531894 75.78947 6.86608474661678e-12
354813.38923357531894 80.52632 7.23357026108645e-12
354813.38923357531894 85.26316 6.79557070936288e-12
354813.38923357531894 90.00000 3.45519840855351e-12
446683.59215096256230 0.00000 1.66121395823713e-12
446683.59215096256230 4.73684 1.66521455251882e-12
446683.59215096256230 9.47368 1.67685852561693e-12
446683.59215096256230 14.21053 1.69682907031697e-12
446683.59215096256230 18.94737 1.72528748885841e-12
446683.59215096256230 23.68421 1.76295885649699e-12
446683.59215096256230 28.42105 1.81093459491005e-12
446683.59215096256230 33.15789 1.87047443610083e-12
446683.59215096256230 37.89474 1.94393029464324e-12
446683.59215096256230 42.63158 2.03294944110966e-12
446683.59215096256230 47.36842 2.14048397770304e-12
446683.59215096256230 52.10526 2.27059427774339e-12
446683.59215096256230 56.84211 2.42890994389059e-12
446683.59215096256230 61.57895 2.62118150645851e-12
446683.59215096256230 66.31579 2.85479143246686e-12
446683.59215096256230 71.05263 3.13495838727922e-12
446683.59215096256230 75.78947 3.45405140651452e-12
446683.59215096256230 80.52632 3.74845084206627e-12
446683.59215096256230 85.26316 3.69767864199620e-12
446683.59215096256230 90.00000 2.08592440813470e-12
562341.32519034796860 0.00000 7.63199874265110e-13
562341.32519034796860 4.73684 7.65137927266654e-13
562341.32519034796860 9.47368 7.70766327954424e-13
562341.32519034796860 14.21053 7.80432381417702e-13
562341.32519034796860 18.94737 7.94250193894170e-13
562341.32519034796860 23.68421 8.12573396916501e-13
562341.32519034796860 28.42105 8.35992795010528e-13
562341.32519034796860 33.15789 8.65162049843625e-13
562341.32519034796860 37.89474 9.01283113481079e-13
562341.32519034796860 42.63158 9.45329802743503e-13
562341.32519034796860 47.36842 9.98970613156337e-13
562341.32519034796860 52.10526 1.06451114394726e-12
562341.32519034796860 56.84211 1.14519291110058e-12
562341.32519034796860 61.57895 1.24481116751682e-12
562341.32519034796860 66.31579 1.36862147233120e-12
562341.32519034796860 71.05263 1.52222689187967e-12
562341.32519034796860 75.78947 1.70762551568392e-12
562341.32519034796860 80.52632 1.90361411092144e-12
562341.32519034796860 85.26316 1.96170805972911e-12
562341.32519034796860 90.00000 1.21190722402199e-12
707945.78438413667027 0.00000 3.47793981366927e-13
707945.78438413667027 4.73684 3.48717213805171e-13
707945.78438413667027 9.47368 3.51394847329336e-13
707945.78438413667027 14.21053 3.55997974908338e-13
707945.78438413667027 18.94737 3.62594638452586e-13
707945.78438413667027 23.68421 3.71355718869021e-13
707945.78438413667027 28.42105 3.82586147940924e-13
707945.78438413667027 33.15789 3.96616211614364e-13
707945.78438413667027 37.89474 4.14045061741137e-13
707945.78438413667027 42.63158 4.35407234130421e-13
707945.78438413667027 47.36842 4.61595249304098e-13
707945.78438413667027 52.10526 4.93850284569520e-13
707945.78438413667027 56.84211 5.33939600961540e-13
707945.78438413667027 61.57895 5.84107692557126e-13
707945.78438413667027 66.31579 6.47609273487124e-13
707945.78438413667027 71.05263 7.28533445670937e-13
707945.78438413667027 75.78947 8.30582783593448e-13
707945.78438413667027 80.52632 9.48660743106475e-13
707945.78438413667027 85.26316 1.01674714354489e-12
707945.78438413667027 90.00000 6.79620707000699e-13
891250.93813374498859 0.00000 1.57313845425370e-13
891250.93813374498859 4.73684 1.57747357101418e-13
891250.93813374498859 9.47368 1.59003774968771e-13
891250.93813374498859 14.21053 1.61165338658868e-13
891250.93813374498859 18.94737 1.64269201195590e-13
891250.93813374498859 23.68421 1.68397101445851e-13
891250.93813374498859 28.42105 1.73701047437369e-13
891250.93813374498859 33.15789 1.80344186196191e-13
891250.93813374498859 37.89474 1.88618887990816e-13
891250.93813374498859 42.63158 1.98804221370283e-13
891250.93813374498859 47.36842 2.11358651379007e-13
891250.93813374498859 52.10526 2.26923886658731e-13
891250.93813374498859 56.84211 2.46423768270137e-13
891250.93813374498859 61.57895 2.71095848294668e-13
891250.93813374498859 66.31579 3.02793151667376e-13
891250.93813374498859 71.05263 3.44066840306704e-13
891250.93813374498859 75.78947 3.97927168786926e-13
891250.93813374498859 80.52632 4.64445529797457e-13
891250.93813374498859 85.26316 5.15407282826439e-13
891250.93813374498859 90.00000 3.68231627316971e-13
1122018.45430196286179 0.00000 7.06461178708438e-14
1122018.45430196286179 4.73684 7.08470980532343e-14
1122018.45430196286179 9.47368 7.14294565028070e-14
1122018.45430196286179 14.21053 7.24319316520725e-14
1122018.45430196286179 18.94737 7.38737303873189e-14
1122018.45430196286179 23.68421 7.57935637091750e-14
1122018.45430196286179 28.42105 7.82651989251062e-14
1122018.45430196286179 33.15789 8.13676929689041e-14
1122018.45430196286179 37.89474 8.52411320076630e-14
1122018.45430196286179 42.63158 9.00259986389738e-14
1122018.45430196286179 47.36842 9.59505560815678e-14
1122018.45430196286179 52.10526 1.03336247283624e-13
1122018.45430196286179 56.84211 1.12650227520423e-13
1122018.45430196286179 61.57895 1.24541843344842e-13
1122018.45430196286179 66.31579 1.40006740600975e-13
1122018.45430196286179 71.05263 1.60498974871103e-13
1122018.45430196286179 75.78947 1.87979073899157e-13
1122018.45430196286179 80.52632 2.23634958742576e-13
1122018.45430196286179 85.26316 2.55876277092722e-13
1122018.45430196286179 90.00000 1.93380348217084e-13
1412537.54462275258265 0.00000 3.14834117488960e-14
1412537.54462275258265 4.73684 3.15754464611749e-14
1412537.54462275258265 9.47368 3.18421498937503e-14
1412537.54462275258265 14.21053 3.23014558856757e-14
1412537.54462275258265 18.94737 3.29629201401913e-14
1412537.54462275258265 23.68421 3.38446687620273e-14
1412537.54462275258265 28.42105 3.49817202988714e-14
1412537.54462275258265 33.15789 3.64117118635735e-14
1412537.54462275258265 37.89474 3.82006494649423e-14
1412537.54462275258265 42.63158 4.04172574545468e-14
1412537.54462275258265 47.36842 4.31723187852185e-14
1412537.54462275258265 52.10526 4.66226905064085e-14
1412537.54462275258265 56.84211 5.09981596482382e-14
1412537.54462275258265 61.57895 5.66268121918567e-14
1412537.54462275258265 66.31579 6.40209424088239e-14
1412537.54462275258265 71.05263 7.39602515251409e-14
1412537.54462275258265 75.78947 8.75859086026229e-14
1412537.54462275258265 80.52632 1.05962124383648e-13
1412537.54462275258265 85.26316 1.24527990592131e-13
1412537.54462275258265 90.00000 9.87043437735693e-14
1778279.41003891918808 0.00000 1.39307566653480e-14
1778279.41003891918808 4.73684 1.39724390380748e-14
1778279.41003891918808 9.47368 1.40932667945907e-14
1778279.41003891918808 14.21053 1.43014213122708e-14
1778279.41003891918808 18.94737 1.46015228838363e-14
1778279.41003891918808 23.68421 1.50019682355343e-14
1778279.41003891918808 28.42105 1.55190834058254e-14
1778279.41003891918808 33.15789 1.61705145259308e-14
1778279.41003891918808 37.89474 1.69869148685309e-14
1778279.41003891918808 42.63158 1.80011511525027e-14
1778279.41003891918808 47.36842 1.92658866421351e-14
1778279.41003891918808 52.10526 2.08560498542254e-14
1778279.41003891918808 56.84211 2.28821536794425e-14
1778279.41003891918808 61.57895 2.55051825405332e-14
1778279.41003891918808 66.31579 2.89801109693367e-14
1778279.41003891918808 71.05263 3.37069243998240e-14
1778279.41003891918808 75.78947 4.03044662651011e-14
1778279.41003891918808 80.52632 4.94800091806921e-14
1778279.41003891918808 85.26316 5.95152495007476e-14
1778279.41003891918808 90.00000 4.90690818840974e-14
2238721.13856833800673 0.00000 6.12431646231024e-15
2238721.13856833800673 4.73684 6.14300718296763e-15
2238721.13856833800673 9.47368 6.19721446405389e-15
2238721.13856833800673 14.21053 6.29062256206608e-15
2238721.13856833800673 18.94737 6.42541489396943e-15
2238721.13856833800673 23.68421 6.60544268605976e-15
2238721.13856833800673 28.42105 6.83819978791577e-15
2238721.13856833800673 33.15789 7.13184887290357e-15
2238721.13856833800673 37.89474 7.50044401637408e-15
2238721.13856833800673 42.63158 7.95940986468591e-15
2238721.13856833800673 47.36842 8.53334656697476e-15
2238721.13856833800673 52.10526 9.25740901990703e-15
2238721.13856833800673 56.84211 1.01837526507705e-14
2238721.13856833800673 61.57895 1.13895199823762e-14
2238721.13856833800673 66.31579 1.29982837648502e-14
2238721.13856833800673 71.05263 1.52083612987410e-14
2238721.13856833800673 75.78947 1.83389521862767e-14
2238721.13856833800673 80.52632 2.28012387036450e-14
2238721.13856833800673 85.26316 2.79756747424731e-14
2238721.13856833800673 90.00000 2.38165823405584e-14
2818382.93126445496455 0.00000 2.67667019168141e-15
2818382.93126445496455 4.73684 2.68497837493035e-15
2818382.93126445496455 9.47368 2.70908836662907e-15
2818382.93126445496455 14.21053 2.75064168334338e-15
2818382.93126445496455 18.94737 2.81065218994447e-15
2818382.93126445496455 23.68421 2.89086951511004e-15
2818382.93126445496455 28.42105 2.99469025957547e-15
2818382.93126445496455 33.15789 3.12584620640571e-15
2818382.93126445496455 37.89474 3.29071002261735e-15
2818382.93126445496455 42.63158 3.49641214047619e-15
2818382.93126445496455 47.36842 3.75428175567923e-15
2818382.93126445496455 52.10526 4.08057376661540e-15
2818382.93126445496455 56.84211 4.49952860373133e-15
2818382.93126445496455 61.57895 5.04743808720582e-15
2818382.93126445496455 66.31579 5.78297918437388e-15
2818382.93126445496455 71.05263 6.80201842567296e-15
2818382.93126445496455 75.78947 8.26350902353335e-15
2818382.93126445496455 80.52632 1.03892498933269e-14
2818382.93126445496455 85.26316 1.29689270584519e-14
2818382.93126445496455 90.00000 1.13489289333169e-14
3548133.89233575342223 0.00000 1.16306658390818e-15
3548133.89233575342223 4.73684 1.16672871781991e-15
3548133.89233575342223 9.47368 1.17736296261028e-15
3548133.89233575342223 14.21053 1.19569354289750e-15
3548133.89233575342223 18.94737 1.22218408172793e-15
3548133.89233575342223 23.68421 1.25762175999669e-15
3548133.89233575342223 28.42105 1.30352840601750e-15
3548133.89233575342223 33.15789 1.36159098553045e-15
3548133.89233575342223 37.89474 1.43466872415706e-15
3548133.89233575342223 42.63158 1.52601316519092e-15
3548133.89233575342223 47.36842 1.64077460587209e-15
3548133.89233575342223 52.10526 1.78636969484215e-15
3548133.89233575342223 56.84211 1.97390980778408e-15
3548133.89233575342223 61.57895 2.22019648456340e-15
3548133.89233575342223 66.31579 2.55260725297585e-15
3548133.89233575342223 71.05263 3.01652108472731e-15
3548133.89233575342223 75.78947 3.68893327753642e-15
3548133.89233575342223 80.52632 4.68356687461178e-15
3548133.89233575342223 85.26316 5.93473581593518e-15
3548133.89233575342223 90.00000 5.31295462460798e-15
4466835.92150962632149 0.00000 5.02929569955750e-16
4466835.92150962632149 4.73684 5.04532230209924e-16
4466835.92150962632149 9.47368 5.09189490846516e-16
4466835.92150962632149 14.21053 5.17218045775947e-16
4466835.92150962632149 18.94737 5.28827145804814e-16
4466835.92150962632149 23.68421 5.44368085101530e-16
4466835.92150962632149 28.42105 5.64515769061725e-16
4466835.92150962632149 33.15789 5.90025479871635e-16
4466835.92150962632149 37.89474 6.22168272197956e-16
4466835.92150962632149 42.63158 6.62409486171078e-16
4466835.92150962632149 47.36842 7.13064149710981e-16
4466835.92150962632149 52.10526 7.77477374056795e-16
4466835.92150962632149 56.84211 8.60681813897052e-16
4466835.92150962632149 61.57895 9.70349475022422e-16
4466835.92150962632149 66.31579 1.11906530362630e-15
4466835.92150962632149 71.05263 1.32793704439713e-15
4466835.92150962632149 75.78947 1.63343498055866e-15
4466835.92150962632149 80.52632 2.09171620989885e-15
4466835.92150962632149 85.26316 2.68469489113286e-15
4466835.92150962632149 90.00000 2.44698317529829e-15
5623413.25190347898751 0.00000 2.16703979856140e-16
5623413.25190347898751 4.73684 2.17401364411388e-16
5623413.25190347898751 9.47368 2.19429551701993e-16
5623413.25190347898751 14.21053 2.22926019520479e-16
5623413.25190347898751 18.94737 2.27984244586723e-16
5623413.25190347898751 23.68421 2.34759924447406e-16
5623413.25190347898751 28.42105 2.43549880865067e-16
5623413.25190347898751 33.15789 2.54689570378958e-16
5623413.25190347898751 37.89474 2.68739674513710e-16
5623413.25190347898751 42.63158 2.86354225730668e-16
5623413.25190347898751 47.36842 3.08564127263857e-16
5623413.25190347898751 52.10526 3.36863667518969e-16
5623413.25190347898751 56.84211 3.73509613793315e-16
5623413.25190347898751 61.57895 4.21965688546183e-16
5623413.25190347898751 66.31579 4.87946749872989e-16
5623413.25190347898751 71.05263 5.81133556444452e-16
5623413.25190347898751 75.78947 7.18501660013373e-16
5623413.25190347898751 80.52632 9.27036315085556e-16
5623413.25190347898751 85.26316 1.20306909748624e-15
5623413.25190347898751 90.00000 1.11278807992271e-15
7079457.84384137298912 0.00000 9.31127102545755e-17
7079457.84384137298912 4.73684 9.34146670854092e-17
7079457.84384137298912 9.47368 9.42935885702510e-17
7079457.84384137298912 14.21053 9.58087735221546e-17
7079457.84384137298912 18.94737 9.80016259870486e-17
7079457.84384137298912 23.68421 1.00940719281533e-16
7079457.84384137298912 28.42105 1.04755656518259e-16
7079457.84384137298912 33.15789 1.09594374724658e-16
7079457.84384137298912 37.89474 1.15702490723776e-16
7079457.84384137298912 42.63158 1.23369501473112e-16
7079457.84384137298912 47.36842 1.33050738578151e-16
7079457.84384137298912 52.10526 1.45408091365393e-16
7079457.84384137298912 56.84211 1.61444678010205e-16
7079457.84384137298912 61.57895 1.82708994228958e-16
7079457.84384137298912 66.31579 2.11769023135304e-16
7079457.84384137298912 71.05263 2.53012216351847e-16
7079457.84384137298912 75.78947 3.14228289169605e-16
7079457.84384137298912 80.52632 4.08119874024060e-16
7079457.84384137298912 85.26316 5.34772342009874e-16
7079457.84384137298912 90.00000 5.00786633352299e-16
8912509.38133745826781 0.00000 3.99648952949270e-17
8912509.38133745826781 4.73684 4.00952065203255e-17
8912509.38133745826781 9.47368 4.04748466301232e-17
8912509.38133745826781 14.21053 4.11292782087388e-17
8912509.38133745826781 18.94737 4.20767265304602e-17
8912509.38133745826781 23.68421 4.33472533184829e-17
8912509.38133745826781 28.42105 4.49971535820442e-17
8912509.38133745826781 33.15789 4.70913262854587e-17
8912509.38133745826781 37.89474 4.97368238881656e-17
8912509.38133745826781 42.63158 5.30609928050642e-17
8912509.38133745826781 47.36842 5.72637171454556e-17
8912509.38133745826781 52.10526 6.26363099428117e-17
8912509.38133745826781 56.84211 6.96216629838599e-17
8912509.38133745826781 61.57895 7.89068326451938e-17
8912509.38133745826781 66.31579 9.16363773241492e-17
8912509.38133745826781 71.05263 1.09780424091800e-16
8912509.38133745826781 75.78947 1.36874196324541e-16
8912509.38133745826781 80.52632 1.78804335286459e-16
8912509.38133745826781 85.26316 2.36269583969419e-16
8912509.38133745826781 90.00000 2.23504060436553e-16
11220184.54301963001490 0.00000 1.71324061013276e-17
11220184.54301963001490 4.73684 1.71884584445892e-17
11220184.54301963001490 9.47368 1.73519133677189e-17
11220184.54301963001490 14.21053 1.76336521588033e-17
11220184.54301963001490 18.94737 1.80416492487629e-17
11220184.54301963001490 23.68421 1.85890279769840e-17
11220184.54301963001490 28.42105 1.93001122220628e-17
11220184.54301963001490 33.15789 2.02032320933231e-17
11220184.54301963001490 37.89474 2.13448156562702e-17
11220184.54301963001490 42.63158 2.27805431443020e-17
11220184.54301963001490 47.36842 2.45976334161527e-17
11220184.54301963001490 52.10526 2.69234974091702e-17
11220184.54301963001490 56.84211 2.99523921343965e-17
11220184.54301963001490 61.57895 3.39868894955810e-17
11220184.54301963001490 66.31579 3.95330212544503e-17
11220184.54301963001490 71.05263 4.74673807917377e-17
11220184.54301963001490 75.78947 5.93770414443806e-17
11220184.54301963001490 80.52632 7.79497316661409e-17
11220184.54301963001490 85.26316 1.03734393746756e-16
11220184.54301963001490 90.00000 9.88726598985728e-17
14125375.44622752629220 0.00000 7.33897015851606e-18
14125375.44622752629220 4.73684 7.36301917359530e-18
14125375.44622752629220 9.47368 7.43321843944864e-18
14125375.44622752629220 14.21053 7.55420084646759e-18
14125375.44622752629220 18.94737 7.72944031493579e-18
14125375.44622752629220 23.68421 7.96464534109704e-18
14125375.44622752629220 28.42105 8.27028352274076e-18
14125375.44622752629220 33.15789 8.65867253093794e-18
14125375.44622752629220 37.89474 9.14986793645351e-18
14125375.44622752629220 42.63158 9.76810140164405e-18
14125375.44622752629220 47.36842 1.05512515287842e-17
14125375.44622752629220 52.10526 1.15547679385800e-17
14125375.44622752629220 56.84211 1.28634067708469e-17
14125375.44622752629220 61.57895 1.46096355967193e-17
14125375.44622752629220 66.31579 1.70157585875749e-17
14125375.44622752629220 71.05263 2.04690135942663e-17
14125375.44622752629220 75.78947 2.56759334394553e-17
14125375.44622752629220 80.52632 3.38502985886598e-17
14125375.44622752629220 85.26316 4.53253508643236e-17
14125375.44622752629220 90.00000 4.34851561056110e-17
17782794.10038919001818 0.00000 3.14415016532542e-18
17782794.10038919001818 4.73684 3.15444949843336e-18
17782794.10038919001818 9.47368 3.18454464380199e-18
17782794.10038919001818 14.21053 3.23640210299228e-18
17782794.10038919001818 18.94737 3.31153024482292e-18
17782794.10038919001818 23.68421 3.41240552081512e-18
17782794.10038919001818 28.42105 3.54351815016682e-18
17782794.10038919001818 33.15789 3.71020737394011e-18
17782794.10038919001818 37.89474 3.92110925131204e-18
17782794.10038919001818 42.63158 4.18673024806669e-18
17782794.10038919001818 47.36842 4.52345833419887e-18
17782794.10038919001818 52.10526 4.95532794446820e-18
17782794.10038919001818 56.84211 5.51915883410409e-18
17782794.10038919001818 61.57895 6.27266088196215e-18
17782794.10038919001818 66.31579 7.31296513764281e-18
17782794.10038919001818 71.05263 8.81007111691288e-18
17782794.10038919001818 75.78947 1.10761871387825e-17
17782794.10038919001818 80.52632 1.46540794686022e-17
17782794.10038919001818 85.26316 1.97232379517553e-17
17782794.10038919001818 90.00000 1.90168690404828e-17
22387211.38568333163857 0.00000 1.34671676444677e-18
22387211.38568333163857 4.73684 1.35111761716630e-18
22387211.38568333163857 9.47368 1.36399126221849e-18
22387211.38568333163857 14.21053 1.38616945121675e-18
22387211.38568333163857 18.94737 1.41830461570952e-18
22387211.38568333163857 23.68421 1.46146806251639e-18
22387211.38568333163857 28.42105 1.51757891177076e-18
22387211.38568333163857 33.15789 1.58894391549694e-18
22387211.38568333163857 37.89474 1.67926920844570e-18
22387211.38568333163857 42.63158 1.79309186985543e-18
22387211.38568333163857 47.36842 1.93747306389353e-18
22387211.38568333163857 52.10526 2.12278585231657e-18
22387211.38568333163857 56.84211 2.36495297468425e-18
22387211.38568333163857 61.57895 2.68898636661547e-18
22387211.38568333163857 66.31579 3.13708636051818e-18
22387211.38568333163857 71.05263 3.78340268535042e-18
22387211.38568333163857 75.78947 4.76484069403362e-18
22387211.38568333163857 80.52632 6.32165365012712e-18
22387211.38568333163857 85.26316 8.54324508917011e-18
22387211.38568333163857 90.00000 8.26195837768603e-18
28183829.31264449283481 0.00000 5.76279121788752e-19
28183829.31264449283481 4.73684 5.78153590772044e-19
28183829.31264449283481 9.47368 5.83643256699037e-19
28183829.31264449283481 14.21053 5.93098348357076e-19
28183829.31264449283481 18.94737 6.06799867230386e-19
28183829.31264449283481 23.68421 6.25209571044730e-19
28183829.31264449283481 28.42105 6.49144115957820e-19
28183829.31264449283481 33.15789 6.79596131828036e-19
28183829.31264449283481 37.89474 7.18149477658857e-19
28183829.31264449283481 42.63158 7.66754478853804e-19
28183829.31264449283481 47.36842 8.28439394306143e-19
28183829.31264449283481 52.10526 9.07659496648768e-19
28183829.31264449283481 56.84211 1.01126576051857e-18
28183829.31264449283481 61.57895 1.15003837808179e-18
28183829.31264449283481 66.31579 1.34220263779941e-18
28183829.31264449283481 71.05263 1.61988594027842e-18
28183829.31264449283481 75.78947 2.04266333235628e-18
28183829.31264449283481 80.52632 2.71586301724076e-18
28183829.31264449283481 85.26316 3.68194340812625e-18
28183829.31264449283481 90.00000 3.56752134581454e-18
35481338.92335753142834 0.00000 2.46355005370480e-19
35481338.92335753142834 4.73684 2.47150645932303e-19
35481338.92335753142834 9.47368 2.49483610176064e-19
35481338.92335753142834 14.21053 2.53500695410823e-19
35481338.92335753142834 18.94737 2.59322413365146e-19
35481338.92335753142834 23.68421 2.67147017971560e-19
35481338.92335753142834 28.42105 2.77320493094151e-19
35481338.92335753142834 33.15789 2.90268221186537e-19
35481338.92335753142834 37.89474 3.06664196509119e-19
35481338.92335753142834 42.63158 3.27342971278069e-19
35481338.92335753142834 47.36842 3.53597206961261e-19
35481338.92335753142834 52.10526 3.87331298527518e-19
35481338.92335753142834 56.84211 4.31478295104918e-19
35481338.92335753142834 61.57895 4.90659544986353e-19
35481338.92335753142834 66.31579 5.72701121978134e-19
35481338.92335753142834 71.05263 6.91435733988691e-19
35481338.92335753142834 75.78947 8.72603757362704e-19
35481338.92335753142834 80.52632 1.16198206922829e-18
35481338.92335753142834 85.26316 1.57908181760206e-18
35481338.92335753142834 90.00000 1.53163987169116e-18
44668359.21509625762701 0.00000 1.05197797575614e-19
44668359.21509625762701 4.73684 1.05534209729552e-19
44668359.21509625762701 9.47368 1.06521868929056e-19
44668359.21509625762701 14.21053 1.08221998580201e-19
44668359.21509625762701 18.94737 1.10686045703816e-19
44668359.21509625762701 23.68421 1.13998774549820e-19
44668359.21509625762701 28.42105 1.18306069739834e-19
44668359.21509625762701 33.15789 1.23789424448076e-19
44668359.21509625762701 37.89474 1.30734350894232e-19
44668359.21509625762701 42.63158 1.39496245849256e-19
44668359.21509625762701 47.36842 1.50624218008576e-19
44668359.21509625762701 52.10526 1.64928255214383e-19
44668359.21509625762701 56.84211 1.83657636916548e-19
44668359.21509625762701 61.57895 2.08782684332819e-19
44668359.21509625762701 66.31579 2.43644675581651e-19
44668359.21509625762701 71.05263 2.94162295556841e-19
44668359.21509625762701 75.78947 3.71379752432439e-19
44668359.21509625762701 80.52632 4.95026051913598e-19
44668359.21509625762701 85.26316 6.73822530421956e-19
44668359.21509625762701 90.00000 6.53680383761657e-19
56234132.51903478801250 0.00000 4.49001906133905e-20
56234132.51903478801250 4.73684 4.50418985997127e-20
56234132.51903478801250 9.47368 4.54584723943696e-20
56234132.51903478801250 14.21053 4.61753233165570e-20
56234132.51903478801250 18.94737 4.72143177285928e-20
56234132.51903478801250 23.68421 4.86115501048360e-20
56234132.51903478801250 28.42105 5.04282534265946e-20
56234132.51903478801250 33.15789 5.27415357940667e-20
56234132.51903478801250 37.89474 5.56718194783599e-20
56234132.51903478801250 42.63158 5.93697585741646e-20
56234132.51903478801250 47.36842 6.40675290091378e-20
56234132.51903478801250 52.10526 7.01080172676018e-20
56234132.51903478801250 56.84211 7.80207563442182e-20
56234132.51903478801250 61.57895 8.86414884670689e-20
56234132.51903478801250 66.31579 1.03389068825926e-19
56234132.51903478801250 71.05263 1.24781246790995e-19
56234132.51903478801250 75.78947 1.57526090996650e-19
56234132.51903478801250 80.52632 2.10061115089673e-19
56234132.51903478801250 85.26316 2.86197697217992e-19
56234132.51903478801250 90.00000 2.77495745701154e-19
70794578.43841359019279 0.00000 1.91583396216250e-20
70794578.43841359019279 4.73684 1.92178018980867e-20
70794578.43841359019279 9.47368 1.93928350153254e-20
70794578.43841359019279 14.21053 1.96939339559801e-20
70794578.43841359019279 18.94737 2.01303507899835e-20
70794578.43841359019279 23.68421 2.07173926060701e-20
70794578.43841359019279 28.42105 2.14806418559158e-20
70794578.43841359019279 33.15789 2.24527183614363e-20
70794578.43841359019279 37.89474 2.36841911177305e-20
70794578.43841359019279 42.63158 2.52386281875134e-20
70794578.43841359019279 47.36842 2.72137422182800e-20
70794578.43841359019279 52.10526 2.97540014747080e-20
70794578.43841359019279 56.84211 3.30827788711249e-20
70794578.43841359019279 61.57895 3.75527678257860e-20
70794578.43841359019279 66.31579 4.37632894789027e-20
70794578.43841359019279 71.05263 5.27792951752301e-20
70794578.43841359019279 75.78947 6.65952594282474e-20
70794578.43841359019279 80.52632 8.87930326312701e-20
70794578.43841359019279 85.26316 1.21004008178083e-19
70794578.43841359019279 90.00000 1.17159563762169e-19
89125093.81337440013885 0.00000 8.16955442025636e-21
89125093.81337440013885 4.73684 8.19438058175652e-21
89125093.81337440013885 9.47368 8.26756116845123e-21
89125093.81337440013885 14.21053 8.39340328640796e-21
89125093.81337440013885 18.94737 8.57579853299164e-21
89125093.81337440013885 23.68421 8.82120615793684e-21
89125093.81337440013885 28.42105 9.14025065486679e-21
89125093.81337440013885 33.15789 9.54665815390724e-21
89125093.81337440013885 37.89474 1.00615486955726e-20
89125093.81337440013885 42.63158 1.07115880691711e-20
89125093.81337440013885 47.36842 1.15376595833842e-20
89125093.81337440013885 52.10526 1.26002766949497e-20
89125093.81337440013885 56.84211 1.39931085162074e-20
89125093.81337440013885 61.57895 1.58640695363203e-20
89125093.81337440013885 66.31579 1.84646884388070e-20
89125093.81337440013885 71.05263 2.22423505964144e-20
89125093.81337440013885 75.78947 2.80356987335114e-20
89125093.81337440013885 80.52632 3.73519990362035e-20
89125093.81337440013885 85.26316 5.08711309032304e-20
89125093.81337440013885 90.00000 4.91097886316431e-20
112201845.43019630014896 0.00000 3.47963790078750e-21
112201845.43019630014896 4.73684 3.48994051962661e-21
112201845.43019630014896 9.47368 3.52035371569943e-21
112201845.43019630014896 14.21053 3.57263236541241e-21
112201845.43019630014896 18.94737 3.64840219933036e-21
112201845.43019630014896 23.68421 3.75037230661408e-21
112201845.43019630014896 28.42105 3.88292490102269e-21
112201845.43019630014896 33.15789 4.05179917834486e-21
112201845.43019630014896 37.89474 4.26575931710083e-21
112201845.43019630014896 42.63158 4.53591563992774e-21
112201845.43019630014896 47.36842 4.87925878602662e-21
112201845.43019630014896 52.10526 5.32096538002536e-21
112201845.43019630014896 56.84211 5.90004785462540e-21
112201845.43019630014896 61.57895 6.67810340634886e-21
112201845.43019630014896 66.31579 7.75993970202922e-21
112201845.43019630014896 71.05263 9.33210282869736e-21
112201845.43019630014896 75.78947 1.17444467264258e-20
112201845.43019630014896 80.52632 1.56256856641098e-20
112201845.43019630014896 85.26316 2.12537293322071e-20
112201845.43019630014896 90.00000 2.04500759163035e-20
141253754.46227526664734 0.00000 1.48107827702239e-21
141253754.46227526664734 4.73684 1.48532629099540e-21
141253754.46227526664734 9.47368 1.49788458480167e-21
141253754.46227526664734 14.21053 1.51946308108893e-21
141253754.46227526664734 18.94737 1.55073631340935e-21
141253754.46227526664734 23.68421 1.59283277060183e-21
141253754.46227526664734 28.42105 1.64754760950907e-21
141253754.46227526664734 33.15789 1.71726418729229e-21
141253754.46227526664734 37.89474 1.80559483154387e-21
141253754.46227526664734 42.63158 1.91713677498651e-21
141253754.46227526664734 47.36842 2.05890273723130e-21
141253754.46227526664734 52.10526 2.24129532399794e-21
141253754.46227526664734 56.84211 2.48044988031162e-21
141253754.46227526664734 61.57895 2.80183790281453e-21
141253754.46227526664734 66.31579 3.24882169332600e-21
141253754.46227526664734 71.05263 3.89862609502522e-21
141253754.46227526664734 75.78947 4.89613148489764e-21
141253754.46227526664734 80.52632 6.50163832395857e-21
141253754.46227526664734 85.26316 8.82810756303608e-21
141253754.46227526664734 90.00000 8.47302767699667e-21
177827941.00389191508293 0.00000 6.30415816111028e-22
177827941.00389191508293 4.73684 6.32156177460790e-22
177827941.00389191508293 9.47368 6.37308792089293e-22
177827941.00389191508293 14.21053 6.46158736122569e-22
177827941.00389191508293 18.94737 6.58983920882611e-22
177827941.00389191508293 23.68421 6.76251390485660e-22
177827941.00389191508293 28.42105 6.98691386587865e-22
177827941.00389191508293 33.15789 7.27287091453456e-22
177827941.00389191508293 37.89474 7.63517502851755e-22
177827941.00389191508293 42.63158 8.09271674421422e-22
177827941.00389191508293 47.36842 8.67424136174354e-22
177827941.00389191508293 52.10526 9.42243540799970e-22
177827941.00389191508293 56.84211 1.04035718397474e-21
177827941.00389191508293 61.57895 1.17222358651481e-21
177827941.00389191508293 66.31579 1.35565520609601e-21
177827941.00389191508293 71.05263 1.62238812566677e-21
177827941.00389191508293 75.78947 2.03197016199746e-21
177827941.00389191508293 80.52632 2.69132120330086e-21
177827941.00389191508293 85.26316 3.64577405759323e-21
177827941.00389191508293 90.00000 3.48922267458312e-21
223872113.85683333873749 0.00000 2.68194901748942e-22
223872113.85683333873749 4.73684 2.68902647427392e-22
223872113.85683333873749 9.47368 2.71001237964236e-22
223872113.85683333873749 14.21053 2.74604174432091e-22
223872113.85683333873749 18.94737 2.79825011806958e-22
223872113.85683333873749 23.68421 2.86855649312329e-22
223872113.85683333873749 28.42105 2.95990730562607e-22
223872113.85683333873749 33.15789 3.07632776102533e-22
223872113.85683333873749 37.89474 3.22382762886785e-22
223872113.85683333873749 42.63158 3.41010701575260e-22
223872113.85683333873749 47.36842 3.64685542697543e-22
223872113.85683333873749 52.10526 3.95145086681389e-22
223872113.85683333873749 56.84211 4.35089808372137e-22
223872113.85683333873749 61.57895 4.88778981030127e-22
223872113.85683333873749 66.31579 5.63469527857420e-22
223872113.85683333873749 71.05263 6.72093847227994e-22
223872113.85683333873749 75.78947 8.38913882516674e-22
223872113.85683333873749 80.52632 1.10743956801207e-21
223872113.85683333873749 85.26316 1.49552353336268e-21
223872113.85683333873749 90.00000 1.42642024899488e-21
281838293.12644493579865 0.00000 1.14248622403554e-22
281838293.12644493579865 4.73684 1.14534545215600e-22
281838293.12644493579865 9.47368 1.15383678241366e-22
281838293.12644493579865 14.21053 1.16840868172285e-22
281838293.12644493579865 18.94737 1.18952170911473e-22
281838293.12644493579865 23.68421 1.21795925798752e-22
281838293.12644493579865 28.42105 1.25490162574222e-22
281838293.12644493579865 33.15789 1.30198566786928e-22
281838293.12644493579865 37.89474 1.36163707321717e-22
281838293.12644493579865 42.63158 1.43697215208932e-22
281838293.12644493579865 47.36842 1.53271117735586e-22
281838293.12644493579865 52.10526 1.65587939069945e-22
281838293.12644493579865 56.84211 1.81740329042439e-22
281838293.12644493579865 61.57895 2.03450383188307e-22
281838293.12644493579865 66.31579 2.33653133841412e-22
281838293.12644493579865 71.05263 2.77579379628521e-22
281838293.12644493579865 75.78947 3.45038911695031e-22
281838293.12644493579865 80.52632 4.53596024642086e-22
281838293.12644493579865 85.26316 6.10181179885751e-22
281838293.12644493579865 90.00000 5.79889200118206e-22
354813389.23357534408569 0.00000 4.87730724165551e-23
354813389.23357534408569 4.73684 4.88877327498348e-23
354813389.23357534408569 9.47368 4.92287963898548e-23
354813389.23357534408569 14.21053 4.98138336297658e-23
354813389.23357534408569 18.94737 5.06613613089142e-23
354813389.23357534408569 23.68421 5.18031389030363e-23
354813389.23357534408569 28.42105 5.32860625059535e-23
354813389.23357534408569 33.15789 5.51762013435239e-23
354813389.23357534408569 37.89474 5.75707473151443e-23
354813389.23357534408569 42.63158 6.05948039335837e-23
354813389.23357534408569 47.36842 6.44374833960909e-23
354813389.23357534408569 52.10526 6.93805826298060e-23
354813389.23357534408569 56.84211 7.58627668048408e-23
354813389.23357534408569 61.57895 8.45746942166525e-23
354813389.23357534408569 66.31579 9.66937964273230e-23
354813389.23357534408569 71.05263 1.14318173794038e-22
354813389.23357534408569 75.78947 1.41379992560983e-22
354813389.23357534408569 80.52632 1.84904061216282e-22
354813389.23357534408569 85.26316 2.47518461515659e-22
354813389.23357534408569 90.00000 2.34139851232138e-22
446683592.15096253156662 0.00000 2.08450326792787e-23
446683592.15096253156662 4.73684 2.08905897316006e-23
446683592.15096253156662 9.47368 2.10263212653658e-23
446683592.15096253156662 14.21053 2.12590428199736e-23
446683592.15096253156662 18.94737 2.15961161539506e-23
446683592.15096253156662 23.68421 2.20503033244723e-23
446683592.15096253156662 28.42105 2.26400509825687e-23
446683592.15096253156662 33.15789 2.33917764030600e-23
446683592.15096253156662 37.89474 2.43440690337957e-23
446683592.15096253156662 42.63158 2.55466441178922e-23
446683592.15096253156662 47.36842 2.70745291909154e-23
446683592.15096253156662 52.10526 2.90396689215032e-23
446683592.15096253156662 56.84211 3.16164776516780e-23
446683592.15096253156662 61.57895 3.50791934846762e-23
446683592.15096253156662 66.31579 3.98954538453089e-23
446683592.15096253156662 71.05263 4.68982701356254e-23
446683592.15096253156662 75.78947 5.76474107887106e-23
446683592.15096253156662 80.52632 7.49218068429304e-23
446683592.15096253156662 85.26316 9.96939733197258e-23
446683592.15096253156662 90.00000 9.38220830309994e-23
562341325.19034790992737 0.00000 8.93699194766423e-24
562341325.19034790992737 4.73684 8.95494419340646e-24
562341325.19034790992737 9.47368 9.00851404849680e-24
562341325.19034790992737 14.21053 9.10032442469183e-24
562341325.19034790992737 18.94737 9.23327086028002e-24
562341325.19034790992737 23.68421 9.41243829605258e-24
562341325.19034790992737 28.42105 9.64501900823065e-24
562341325.19034790992737 33.15789 9.94148223127074e-24
562341325.19034790992737 37.89474 1.03170246669029e-23
562341325.19034790992737 42.63158 1.07912185558737e-23
562341325.19034790992737 47.36842 1.13935675758566e-23
562341325.19034790992737 52.10526 1.21681537199772e-23
562341325.19034790992737 56.84211 1.31837194162964e-23
562341325.19034790992737 61.57895 1.45481815866310e-23
562341325.19034790992737 66.31579 1.64456159533843e-23
562341325.19034790992737 71.05263 1.92037799782754e-23
562341325.19034790992737 75.78947 2.34357892680113e-23
562341325.19034790992737 80.52632 3.02310100883246e-23
562341325.19034790992737 85.26316 3.99444010863148e-23
562341325.19034790992737 90.00000 3.74110013158173e-23
707945784.38413584232330 0.00000 3.85305866849670e-24
707945784.38413584232330 4.73684 3.86008637339832e-24
707945784.38413584232330 9.47368 3.88108890524947e-24
707945784.38413584232330 14.21053 3.91706864190741e-24
707945784.38413584232330 18.94737 3.96915292230846e-24
707945784.38413584232330 23.68421 4.03935326037613e-24
707945784.38413584232330 28.42105 4.13045135934008e-24
707945784.38413584232330 33.15789 4.24656408580678e-24
707945784.38413584232330 37.89474 4.39363342523025e-24
707945784.38413584232330 42.63158 4.57929975558975e-24
707945784.38413584232330 47.36842 4.81507360688764e-24
707945784.38413584232330 52.10526 5.11817931231893e-24
707945784.38413584232330 56.84211 5.51550212142488e-24
707945784.38413584232330 61.57895 6.04917017054938e-24
707945784.38413584232330 66.31579 6.79106707057252e-24
707945784.38413584232330 71.05263 7.86911736946381e-24
707945784.38413584232330 75.78947 9.52236233994745e-24
707945784.38413584232330 80.52632 1.21742726600960e-23
707945784.38413584232330 85.26316 1.59517055744938e-23
707945784.38413584232330 90.00000 1.48633490528896e-23
891250938.13374412059784 0.00000 1.67308883364846e-24
891250938.13374412059784 4.73684 1.67582227247072e-24
891250938.13374412059784 9.47368 1.68400379946084e-24
891250938.13374412059784 14.21053 1.69801302130354e-24
891250938.13374412059784 18.94737 1.71828350165765e-24
891250938.13374412059784 23.68421 1.74560501811821e-24
891250938.13374412059784 28.42105 1.78104268896315e-24
891250938.13374412059784 33.15789 1.82620166906311e-24
891250938.13374412059784 37.89474 1.88338639964971e-24
891250938.13374412059784 42.63158 1.95555016894609e-24
891250938.13374412059784 47.36842 2.04714234142232e-24
891250938.13374412059784 52.10526 2.16483297958677e-24
891250938.13374412059784 56.84211 2.31904477129448e-24
891250938.13374412059784 61.57895 2.52607155291227e-24
891250938.13374412059784 66.31579 2.81372818989462e-24
891250938.13374412059784 71.05263 3.23147942102340e-24
891250938.13374412059784 75.78947 3.87163165001585e-24
891250938.13374412059784 80.52632 4.89712707081435e-24
891250938.13374412059784 85.26316 6.35159175774665e-24
891250938.13374412059784 90.00000 5.88389033135120e-24
1122018454.30196285247803 0.00000 7.32360007595335e-25
1122018454.30196285247803 4.73684 7.33419806162330e-25
1122018454.30196285247803 9.47368 7.36596621280547e-25
1122018454.30196285247803 14.21053 7.42033264534500e-25
1122018454.30196285247803 18.94737 7.49894408606655e-25
1122018454.30196285247803 23.68421 7.60488181918529e-25
1122018454.30196285247803 28.42105 7.74218778934795e-25
1122018454.30196285247803 33.15789 7.91707383513229e-25
1122018454.30196285247803 37.89474 8.13841627486016e-25
1122018454.30196285247803 42.63158 8.41752785422458e-25
1122018454.30196285247803 47.36842 8.77146757478007e-25
1122018454.30196285247803 52.10526 9.22586422226434e-25
1122018454.30196285247803 56.84211 9.82081905530575e-25
1122018454.30196285247803 61.57895 1.06188439727993e-24
1122018454.30196285247803 66.31579 1.17267222946213e-24
1122018454.30196285247803 71.05263 1.33342037828255e-24
1122018454.30196285247803 75.78947 1.57948684919202e-24
1122018454.30196285247803 80.52632 1.97304830227372e-24
1122018454.30196285247803 85.26316 2.52859053976832e-24
1122018454.30196285247803 90.00000 2.32936716515378e-24
1412537544.62275242805481 0.00000 3.23570125059697e-25
1412537544.62275242805481 4.73684 3.23981232775132e-25
1412537544.62275242805481 9.47368 3.25215169254025e-25
1412537544.62275242805481 14.21053 3.27325479313412e-25
1412537544.62275242805481 18.94737 3.30373935807715e-25
1412537544.62275242805481 23.68421 3.34480108064598e-25
1412537544.62275242805481 28.42105 3.39796226332496e-25
1412537544.62275242805481 33.15789 3.46561139222527e-25
1412537544.62275242805481 37.89474 3.55114881284585e-25
1412537544.62275242805481 42.63158 3.65887294584560e-25
1412537544.62275242805481 47.36842 3.79527846144378e-25
1412537544.62275242805481 52.10526 3.97014763720757e-25
1412537544.62275242805481 56.84211 4.19881148346058e-25
1412537544.62275242805481 61.57895 4.50508732072875e-25
1412537544.62275242805481 66.31579 4.92969768185855e-25
1412537544.62275242805481 71.05263 5.54494362741238e-25
1412537544.62275242805481 75.78947 6.48534408644962e-25
1412537544.62275242805481 80.52632 7.98648020192477e-25
1412537544.62275242805481 85.26316 1.00941709748141e-24
1412537544.62275242805481 90.00000 9.24927019724623e-25
1778279410.03891897201538 0.00000 1.44949971333158e-25
1778279410.03891897201538 4.73684 1.45110393747616e-25
1778279410.03891897201538 9.47368 1.45592437715848e-25
1778279410.03891897201538 14.21053 1.46416186743794e-25
1778279410.03891897201538 18.94737 1.47604573926850e-25
1778279410.03891897201538 23.68421 1.49203923840528e-25
1778279410.03891897201538 28.42105 1.51271305740925e-25
1778279410.03891897201538 33.15789 1.53898287393527e-25
1778279410.03891897201538 37.89474 1.57214865999679e-25
1778279410.03891897201538 42.63158 1.61383528035790e-25
1778279410.03891897201538 47.36842 1.66650574669412e-25
1778279410.03891897201538 52.10526 1.73388107544542e-25
1778279410.03891897201538 56.84211 1.82180435867939e-25
1778279410.03891897201538 61.57895 1.93931602019110e-25
1778279410.03891897201538 66.31579 2.10189287934446e-25
1778279410.03891897201538 71.05263 2.33698935896826e-25
1778279410.03891897201538 75.78947 2.69560585823629e-25
1778279410.03891897201538 80.52632 3.26667993055801e-25
1778279410.03891897201538 85.26316 4.06380904708016e-25
1778279410.03891897201538 90.00000 3.70657141399227e-25
2238721138.56833314895630 0.00000 6.58778552231467e-26
2238721138.56833314895630 4.73684 6.59413378144784e-26
2238721138.56833314895630 9.47368 6.61322458423950e-26
2238721138.56833314895630 14.21053 6.64581546303254e-26
2238721138.56833314895630 18.94737 6.69274772065936e-26
2238721138.56833314895630 23.68421 6.75581915539048e-26
2238721138.56833314895630 28.42105 6.83716336666792e-26
2238721138.56833314895630 33.15789 6.94028958221213e-26
2238721138.56833314895630 37.89474 7.07017240248306e-26
2238721138.56833314895630 42.63158 7.23293065649685e-26
2238721138.56833314895630 47.36842 7.43788637285912e-26
2238721138.56833314895630 52.10526 7.69917467868334e-26
2238721138.56833314895630 56.84211 8.03904631181362e-26
2238721138.56833314895630 61.57895 8.49174916443200e-26
2238721138.56833314895630 66.31579 9.11601626958227e-26
2238721138.56833314895630 71.05263 1.00159305468476e-25
2238721138.56833314895630 75.78947 1.13845029188195e-25
2238721138.56833314895630 80.52632 1.35566753526917e-25
2238721138.56833314895630 85.26316 1.65668586696917e-25
2238721138.56833314895630 90.00000 1.50411013012426e-25
2818382931.26444959640503 0.00000 3.03656375562429e-26
2818382931.26444959640503 4.73684 3.03913558260293e-26
2818382931.26444959640503 9.47368 3.04687172213411e-26
2818382931.26444959640503 14.21053 3.06006203956377e-26
2818382931.26444959640503 18.94737 3.07901159051627e-26
2818382931.26444959640503 23.68421 3.10442154717550e-26
2818382931.26444959640503 28.42105 3.13709071401545e-26
2818382931.26444959640503 33.15789 3.17836784010014e-26
2818382931.26444959640503 37.89474 3.23016558782148e-26
2818382931.26444959640503 42.63158 3.29478516821473e-26
2818382931.26444959640503 47.36842 3.37575812279372e-26
2818382931.26444959640503 52.10526 3.47846226167166e-26
2818382931.26444959640503 56.84211 3.61138813526847e-26
2818382931.26444959640503 61.57895 3.78751817201162e-26
2818382931.26444959640503 66.31579 4.02916688411059e-26
2818382931.26444959640503 71.05263 4.37583123224744e-26
2818382931.26444959640503 75.78947 4.90060589910111e-26
2818382931.26444959640503 80.52632 5.72960227846064e-26
2818382931.26444959640503 85.26316 6.86797818455887e-26
2818382931.26444959640503 90.00000 6.20851150768062e-26
3548133892.33575296401978 0.00000 1.42002233616922e-26
3548133892.33575296401978 4.73684 1.42109362185428e-26
3548133892.33575296401978 9.47368 1.42431572941083e-26
3548133892.33575296401978 14.21053 1.42980143112765e-26
3548133892.33575296401978 18.94737 1.43766009978154e-26
3548133892.33575296401978 23.68421 1.44816798150001e-26
3548133892.33575296401978 28.42105 1.46162527031808e-26
3548133892.33575296401978 33.15789 1.47855397910846e-26
3548133892.33575296401978 37.89474 1.49969551945445e-26
3548133892.33575296401978 42.63158 1.52591596738996e-26
3548133892.33575296401978 47.36842 1.55855729064117e-26
3548133892.33575296401978 52.10526 1.59967302506027e-26
3548133892.33575296401978 56.84211 1.65251652883049e-26
3548133892.33575296401978 61.57895 1.72201903449695e-26
3548133892.33575296401978 66.31579 1.81668013359288e-26
3548133892.33575296401978 71.05263 1.95151937184197e-26
3548133892.33575296401978 75.78947 2.15425956933830e-26
3548133892.33575296401978 80.52632 2.47237331746811e-26
3548133892.33575296401978 85.26316 2.90391485736479e-26
3548133892.33575296401978 90.00000 2.61305642987009e-26
4466835921.50962543487549 0.00000 6.71782585346581e-27
4466835921.50962543487549 4.73684 6.72244056839400e-27
4466835921.50962543487549 9.47368 6.73631488455972e-27
4466835921.50962543487549 14.21053 6.75989726077287e-27
4466835921.50962543487549 18.94737 6.79357571180603e-27
4466835921.50962543487549 23.68421 6.83845591369872e-27
4466835921.50962543487549 28.42105 6.89567507429748e-27
4466835921.50962543487549 33.15789 6.96727770003682e-27
4466835921.50962543487549 37.89474 7.05617382775750e-27
4466835921.50962543487549 42.63158 7.16563366057256e-27
4466835921.50962543487549 47.36842 7.30078570511193e-27
4466835921.50962543487549 52.10526 7.46951938970007e-27
4466835921.50962543487549 56.84211 7.68438071414920e-27
4466835921.50962543487549 61.57895 7.96416244198803e-27
4466835921.50962543487549 66.31579 8.34136094841196e-27
4466835921.50962543487549 71.05263 8.87325826490310e-27
4466835921.50962543487549 75.78947 9.66520065960057e-27
4466835921.50962543487549 80.52632 1.08957598917494e-26
4466835921.50962543487549 85.26316 1.25376887316473e-26
4466835921.50962543487549 90.00000 1.12272662450118e-26
5623413251.90347957611084 0.00000 3.20707189192573e-27
5623413251.90347957611084 4.73684 3.20913641565745e-27
5623413251.90347957611084 9.47368 3.21533982373323e-27
5623413251.90347957611084 14.21053 3.22586567371350e-27
5623413251.90347957611084 18.94737 3.24085048751621e-27
5623413251.90347957611084 23.68421 3.26074650381420e-27
5623413251.90347957611084 28.42105 3.28599070409978e-27
5623413251.90347957611084 33.15789 3.31739788680974e-27
5623413251.90347957611084 37.89474 3.35613021543377e-27
5623413251.90347957611084 42.63158 3.40343027958070e-27
5623413251.90347957611084 47.36842 3.46127479196535e-27
5623413251.90347957611084 52.10526 3.53272022597472e-27
5623413251.90347957611084 56.84211 3.62264463308825e-27
5623413251.90347957611084 61.57895 3.73823629437748e-27
5623413251.90347957611084 66.31579 3.89196695057085e-27
5623413251.90347957611084 71.05263 4.10573264590928e-27
5623413251.90347957611084 75.78947 4.41958241184979e-27
5623413251.90347957611084 80.52632 4.90041494569075e-27
5623413251.90347957611084 85.26316 5.52731712399528e-27
5623413251.90347957611084 90.00000 4.92274937050282e-27
7079457843.84135913848877 0.00000 1.53806917973978e-27
7079457843.84135913848877 4.73684 1.53902774666040e-27
7079457843.84135913848877 9.47368 1.54190590381236e-27
7079457843.84135913848877 14.21053 1.54678154413024e-27
7079457843.84135913848877 18.94737 1.55370293059230e-27
7079457843.84135913848877 23.68421 1.56285992940114e-27
7079457843.84135913848877 28.42105 1.57442463142000e-27
7079457843.84135913848877 33.15789 1.58872936997935e-27
7079457843.84135913848877 37.89474 1.60624864835487e-27
7079457843.84135913848877 42.63158 1.62746015012066e-27
7079457843.84135913848877 47.36842 1.65313528740945e-27
7079457843.84135913848877 52.10526 1.68447104425610e-27
7079457843.84135913848877 56.84211 1.72338232897366e-27
7079457843.84135913848877 61.57895 1.77262827901492e-27
7079457843.84135913848877 66.31579 1.83700862185654e-27
7079457843.84135913848877 71.05263 1.92489384281008e-27
7079457843.84135913848877 75.78947 2.05146446716543e-27
7079457843.84135913848877 80.52632 2.24153500643599e-27
7079457843.84135913848877 85.26316 2.48157056956450e-27
7079457843.84135913848877 90.00000 2.19811832270320e-27
8912509381.33744049072266 0.00000 7.41527175781929e-28
8912509381.33744049072266 4.73684 7.41987144265848e-28
8912509381.33744049072266 9.47368 7.43367315585956e-28
8912509381.33744049072266 14.21053 7.45702088198674e-28
8912509381.33744049072266 18.94737 7.49009193376278e-28
8912509381.33744049072266 23.68421 7.53371054945709e-28
8912509381.33744049072266 28.42105 7.58858167239473e-28
8912509381.33744049072266 33.15789 7.65610601875636e-28
8912509381.33744049072266 37.89474 7.73827952562322e-28
8912509381.33744049072266 42.63158 7.83698185740770e-28
8912509381.33744049072266 47.36842 7.95528705474011e-28
8912509381.33744049072266 52.10526 8.09796430481933e-28
8912509381.33744049072266 56.84211 8.27263935651584e-28
8912509381.33744049072266 61.57895 8.48997013501385e-28
8912509381.33744049072266 66.31579 8.76850336071260e-28
8912509381.33744049072266 71.05263 9.14022328334771e-28
8912509381.33744049072266 75.78947 9.66235755783769e-28
8912509381.33744049072266 80.52632 1.04254385995768e-27
8912509381.33744049072266 85.26316 1.13486909333245e-27
8912509381.33744049072266 90.00000 1.00033195580308e-27
11220184543.01963043212891 0.00000 3.58422501294651e-28
11220184543.01963043212891 4.73684 3.58648932633310e-28
11220184543.01963043212891 9.47368 3.59328163299391e-28
11220184543.01963043212891 14.21053 3.60475949543479e-28
11220184543.01963043212891 18.94737 3.62099415111072e-28
11220184543.01963043212891 23.68421 3.64235879368423e-28
11220184543.01963043212891 28.42105 3.66915780364995e-28
11220184543.01963043212891 33.15789 3.70200821272110e-28
11220184543.01963043212891 37.89474 3.74178266563591e-28
11220184543.01963043212891 42.63158 3.78925090045900e-28
11220184543.01963043212891 47.36842 3.84567902924841e-28
11220184543.01963043212891 52.10526 3.91301999456830e-28
11220184543.01963043212891 56.84211 3.99437995765909e-28
11220184543.01963043212891 61.57895 4.09392680233927e-28
11220184543.01963043212891 66.31579 4.21888201872962e-28
11220184543.01963043212891 71.05263 4.38146705843021e-28
11220184543.01963043212891 75.78947 4.60306641487771e-28
11220184543.01963043212891 80.52632 4.91577234666909e-28
11220184543.01963043212891 85.26316 5.27315747292049e-28
11220184543.01963043212891 90.00000 4.62573702308610e-28
14125375446.22752571105957 0.00000 1.73451366107127e-28
14125375446.22752571105957 4.73684 1.73564681374024e-28
14125375446.22752571105957 9.47368 1.73904637235509e-28
14125375446.22752571105957 14.21053 1.74478695141148e-28
14125375446.22752571105957 18.94737 1.75290163868350e-28
14125375446.22752571105957 23.68421 1.76356691979366e-28
14125375446.22752571105957 28.42105 1.77692292629180e-28
14125375446.22752571105957 33.15789 1.79325555671674e-28
14125375446.22752571105957 37.89474 1.81296361423156e-28
14125375446.22752571105957 42.63158 1.83638184448983e-28
14125375446.22752571105957 47.36842 1.86405722012992e-28
14125375446.22752571105957 52.10526 1.89682215909789e-28
14125375446.22752571105957 56.84211 1.93598462027465e-28
14125375446.22752571105957 61.57895 1.98321322610550e-28
14125375446.22752571105957 66.31579 2.04136243002154e-28
14125375446.22752571105957 71.05263 2.11511790993309e-28
14125375446.22752571105957 75.78947 2.21238084808166e-28
14125375446.22752571105957 80.52632 2.34399937458844e-28
14125375446.22752571105957 85.26316 2.48398687811051e-28
14125375446.22752571105957 90.00000 2.17041816382798e-28
17782794100.38919067382812 0.00000 8.40475609184496e-29
17782794100.38919067382812 4.73684 8.41047104684320e-29
17782794100.38919067382812 9.47368 8.42762646688540e-29
17782794100.38919067382812 14.21053 8.45658451144301e-29
17782794100.38919067382812 18.94737 8.49752292665589e-29
17782794100.38919067382812 23.68421 8.55131154167307e-29
17782794100.38919067382812 28.42105 8.61863722865343e-29
17782794100.38919067382812 33.15789 8.70089423155344e-29
17782794100.38919067382812 37.89474 8.79999053227759e-29
17782794100.38919067382812 42.63158 8.91749395319937e-29
17782794100.38919067382812 47.36842 9.05591346028336e-29
17782794100.38919067382812 52.10526 9.21899043557891e-29
17782794100.38919067382812 56.84211 9.41249162711701e-29
17782794100.38919067382812 61.57895 9.64337560078933e-29
17782794100.38919067382812 66.31579 9.92325583444802e-29
17782794100.38919067382812 71.05263 1.02703348984416e-28
17782794100.38919067382812 75.78947 1.07135179468409e-28
17782794100.38919067382812 80.52632 1.12866300003070e-28
17782794100.38919067382812 85.26316 1.18469370372809e-28
17782794100.38919067382812 90.00000 1.03219664294856e-28
22387211385.68337631225586 0.00000 4.07641301539973e-29
22387211385.68337631225586 4.73684 4.07930143365712e-29
22387211385.68337631225586 9.47368 4.08798039525617e-29
22387211385.68337631225586 14.21053 4.10262894438041e-29
22387211385.68337631225586 18.94737 4.12335187503713e-29
22387211385.68337631225586 23.68421 4.15059252995815e-29
22387211385.68337631225586 28.42105 4.18470549395523e-29
22387211385.68337631225586 33.15789 4.22640132287356e-29
22387211385.68337631225586 37.89474 4.27663180554442e-29
22387211385.68337631225586 42.63158 4.33618785817695e-29
22387211385.68337631225586 47.36842 4.40629658531411e-29
22387211385.68337631225586 52.10526 4.48874526152694e-29
22387211385.68337631225586 56.84211 4.58622418244710e-29
22387211385.68337631225586 61.57895 4.70181983012913e-29
22387211385.68337631225586 66.31579 4.84049569130094e-29
22387211385.68337631225586 71.05263 5.00956053443505e-29
22387211385.68337631225586 75.78947 5.21960125138567e-29
22387211385.68337631225586 80.52632 5.47966533522424e-29
22387211385.68337631225586 85.26316 5.71240001976819e-29
22387211385.68337631225586 90.00000 4.96843114658979e-29
28183829312.64454650878906 0.00000 1.98142009740429e-29
28183829312.64454650878906 4.73684 1.98287360571742e-29
28183829312.64454650878906 9.47368 1.98724695735896e-29
28183829312.64454650878906 14.21053 1.99462919520158e-29
28183829312.64454650878906 18.94737 2.00508364445076e-29
28183829312.64454650878906 23.68421 2.01884142246507e-29
28183829312.64454650878906 28.42105 2.03609080104730e-29
28183829312.64454650878906 33.15789 2.05720483657432e-29
28183829312.64454650878906 37.89474 2.08267297748031e-29
28183829312.64454650878906 42.63158 2.11291602029362e-29
28183829312.64454650878906 47.36842 2.14856603650606e-29
28183829312.64454650878906 52.10526 2.19052465223672e-29
28183829312.64454650878906 56.84211 2.24011836540090e-29
28183829312.64454650878906 61.57895 2.29881617208352e-29
28183829312.64454650878906 66.31579 2.36887971310742e-29
28183829312.64454650878906 71.05263 2.45340900321174e-29
28183829312.64454650878906 75.78947 2.55635855918437e-29
28183829312.64454650878906 80.52632 2.67926459117322e-29
28183829312.64454650878906 85.26316 2.78049607565353e-29
28183829312.64454650878906 90.00000 2.41526578823525e-29
35481338923.35752868652344 0.00000 9.63182207018361e-30
35481338923.35752868652344 4.73684 9.63906341661421e-30
35481338923.35752868652344 9.47368 9.66088790029203e-30
35481338923.35752868652344 14.21053 9.69773715328872e-30
35481338923.35752868652344 18.94737 9.74998908374494e-30
35481338923.35752868652344 23.68421 9.81885997228887e-30
35481338923.35752868652344 28.42105 9.90535830030408e-30
35481338923.35752868652344 33.15789 1.00114698022190e-29
35481338923.35752868652344 37.89474 1.01397536896480e-29
35481338923.35752868652344 42.63158 1.02925127425865e-29
35481338923.35752868652344 47.36842 1.04731125623261e-29
35481338923.35752868652344 52.10526 1.06862852793224e-29
35481338923.35752868652344 56.84211 1.09388713699008e-29
35481338923.35752868652344 61.57895 1.12383418845619e-29
35481338923.35752868652344 66.31579 1.15957511267400e-29
35481338923.35752868652344 71.05263 1.20253071515505e-29
35481338923.35752868652344 75.78947 1.25427166491448e-29
35481338923.35752868652344 80.52632 1.31450058904546e-29
35481338923.35752868652344 85.26316 1.36102670852652e-29
35481338923.35752868652344 90.00000 1.18132638240970e-29
44668359215.09626007080078 0.00000 4.69038684976989e-30
44668359215.09626007080078 4.73684 4.69394672064861e-30
44668359215.09626007080078 9.47368 4.70469657973461e-30
44668359215.09626007080078 14.21053 4.72285322313562e-30
44668359215.09626007080078 18.94737 4.74863513808760e-30
44668359215.09626007080078 23.68421 4.78268144773211e-30
44668359215.09626007080078 28.42105 4.82552845571984e-30
44668359215.09626007080078 33.15789 4.87823287314622e-30
44668359215.09626007080078 37.89474 4.94213746221705e-30
44668359215.09626007080078 42.63158 5.01850796938641e-30
44668359215.09626007080078 47.36842 5.10915840333320e-30
44668359215.09626007080078 52.10526 5.21662117233401e-30
44668359215.09626007080078 56.84211 5.34451877178544e-30
44668359215.09626007080078 61.57895 5.49682616534872e-30
44668359215.09626007080078 66.31579 5.67926353130996e-30
44668359215.09626007080078 71.05263 5.89887860667603e-30
44668359215.09626007080078 75.78947 6.16258280385210e-30
44668359215.09626007080078 80.52632 6.46540192363955e-30
44668359215.09626007080078 85.26316 6.69015314189930e-30
44668359215.09626007080078 90.00000 5.80319536109507e-30
56234132519.03479766845703 0.00000 2.28303972972300e-30
56234132519.03479766845703 4.73684 2.28475841732548e-30
56234132519.03479766845703 9.47368 2.28995988304541e-30
56234132519.03479766845703 14.21053 2.29874853109036e-30
56234132519.03479766845703 18.94737 2.31124555469061e-30
56234132519.03479766845703 23.68421 2.32778312407529e-30
56234132519.03479766845703 28.42105 2.34864075523019e-30
56234132519.03479766845703 33.15789 2.37437408892690e-30
56234132519.03479766845703 37.89474 2.40568175071194e-30
56234132519.03479766845703 42.63158 2.44325010210544e-30
56234132519.03479766845703 47.36842 2.48805124626797e-30
56234132519.03479766845703 52.10526 2.54144152330884e-30
56234132519.03479766845703 56.84211 2.60535434529097e-30
56234132519.03479766845703 61.57895 2.68194693752537e-30
56234132519.03479766845703 66.31579 2.77428283239750e-30
56234132519.03479766845703 71.05263 2.88608082110254e-30
56234132519.03479766845703 75.78947 3.02078068704607e-30
56234132519.03479766845703 80.52632 3.17500087945313e-30
56234132519.03479766845703 85.26316 3.28765048983405e-30
56234132519.03479766845703 90.00000 2.84946505593339e-30
70794578438.41374206542969 0.00000 1.11230886738055e-30
70794578438.41374206542969 4.73684 1.11312108098744e-30
70794578438.41374206542969 9.47368 1.11558527534428e-30
70794578438.41374206542969 14.21053 1.11975046888723e-30
70794578438.41374206542969 18.94737 1.12568100545931e-30
70794578438.41374206542969 23.68421 1.13354648127401e-30
70794578438.41374206542969 28.42105 1.14348863215608e-30
70794578438.41374206542969 33.15789 1.15579389157863e-30
70794578438.41374206542969 37.89474 1.17081967857959e-30
70794578438.41374206542969 42.63158 1.18892931956791e-30
70794578438.41374206542969 47.36842 1.21063460900611e-30
70794578438.41374206542969 52.10526 1.23665278344536e-30
70794578438.41374206542969 56.84211 1.26800825408246e-30
70794578438.41374206542969 61.57895 1.30587001940203e-30
70794578438.41374206542969 66.31579 1.35189635763858e-30
70794578438.41374206542969 71.05263 1.40811466871483e-30
70794578438.41374206542969 75.78947 1.47640958363283e-30
70794578438.41374206542969 80.52632 1.55501941959664e-30
70794578438.41374206542969 85.26316 1.61261089673438e-30
70794578438.41374206542969 90.00000 1.39645849225309e-30
89125093813.37458801269531 0.00000 5.41695939398257e-31
89125093813.37458801269531 4.73684 5.42071082117858e-31
89125093813.37458801269531 9.47368 5.43212493299768e-31
89125093813.37458801269531 14.21053 5.45142413377249e-31
89125093813.37458801269531 18.94737 5.47893446342542e-31
89125093813.37458801269531 23.68421 5.51550394785613e-31
89125093813.37458801269531 28.42105 5.56182702110877e-31
89125093813.37458801269531 33.15789 5.61934462585941e-31
89125093813.37458801269531 37.89474 5.68984458165735e-31
89125093813.37458801269531 42.63158 5.77519008484287e-31
89125093813.37458801269531 47.36842 5.87800471256450e-31
89125093813.37458801269531 52.10526 6.00199524436129e-31
89125093813.37458801269531 56.84211 6.15248769522085e-31
89125093813.37458801269531 61.57895 6.33569875186771e-31
89125093813.37458801269531 66.31579 6.56050964761998e-31
89125093813.37458801269531 71.05263 6.83798749977581e-31
89125093813.37458801269531 75.78947 7.17883849381254e-31
89125093813.37458801269531 80.52632 7.57525764597127e-31
89125093813.37458801269531 85.26316 7.86898379123661e-31
89125093813.37458801269531 90.00000 6.80077132763381e-31
