89.12509381337455 0.00000 1.26045805697716e-06
89.12509381337455 4.73684 1.24415814137159e-06
89.12509381337455 9.47368 1.19661877234626e-06
89.12509381337455 14.21053 1.12109004314756e-06
89.12509381337455 18.94737 1.02225981600404e-06
89.12509381337455 23.68421 9.07228027399214e-07
89.12509381337455 28.42105 7.79921190346262e-07
89.12509381337455 33.15789 6.48400308179879e-07
89.12509381337455 37.89474 5.19796997358539e-07
89.12509381337455 42.63158 3.98609781618663e-07
89.12509381337455 47.36842 2.90566054629642e-07
89.12509381337455 52.10526 1.98999237121095e-07
89.12509381337455 56.84211 1.26609037086445e-07
89.12509381337455 61.57895 7.33145904695358e-08
89.12509381337455 66.31579 3.74719606733908e-08
89.12509381337455 71.05263 1.62539148493864e-08
89.12509381337455 75.78947 5.62377569620241e-09
89.12509381337455 80.52632 1.36790626749602e-09
89.12509381337455 85.26316 1.81115448885895e-10
89.12509381337455 90.00000 7.37517170107149e-12
112.20184543019636 0.00000 1.38464386282116e-06
112.20184543019636 4.73684 1.36717099789865e-06
112.20184543019636 9.47368 1.31618519599355e-06
112.20184543019636 14.21053 1.23503812022968e-06
112.20184543019636 18.94737 1.12847089763411e-06
112.20184543019636 23.68421 1.00388526804167e-06
112.20184543019636 28.42105 8.65301106673358e-07
112.20184543019636 33.15789 7.21305864795085e-07
112.20184543019636 37.89474 5.79731974928099e-07
112.20184543019636 42.63158 4.45630690592579e-07
112.20184543019636 47.36842 3.25551475369359e-07
112.20184543019636 52.10526 2.23405121158013e-07
112.20184543019636 56.84211 1.42394902643022e-07
112.20184543019636 61.57895 8.25898824831526e-08
112.20184543019636 66.31579 4.22801853906317e-08
112.20184543019636 71.05263 1.83700197260838e-08
112.20184543019636 75.78947 6.36599113858860e-09
112.20184543019636 80.52632 1.55012355229967e-09
112.20184543019636 85.26316 2.05342180173477e-10
112.20184543019636 90.00000 8.35728023555789e-12
141.25375446227540 0.00000 1.51130807504601e-06
141.25375446227540 4.73684 1.49274378403214e-06
141.25375446227540 9.47368 1.43848289277535e-06
141.25375446227540 14.21053 1.35195432139425e-06
141.25375446227540 18.94737 1.23792639062504e-06
141.25375446227540 23.68421 1.10398470244992e-06
141.25375446227540 28.42105 9.54169102002152e-07
141.25375446227540 33.15789 7.97595730283205e-07
141.25375446227540 37.89474 6.42809569816462e-07
141.25375446227540 42.63158 4.95409434610499e-07
141.25375446227540 47.36842 3.62826360494228e-07
141.25375446227540 52.10526 2.49593829545210e-07
141.25375446227540 56.84211 1.59457938889253e-07
141.25375446227540 61.57895 9.26867401865567e-08
141.25375446227540 66.31579 4.75524796285775e-08
141.25375446227540 71.05263 2.07080688903453e-08
141.25375446227540 75.78947 7.19188777166260e-09
141.25375446227540 80.52632 1.75391639739535e-09
141.25375446227540 85.26316 2.32511915851969e-10
141.25375446227540 90.00000 9.45727371320763e-12
177.82794100389222 0.00000 1.63200713885232e-06
177.82794100389222 4.73684 1.61247946332329e-06
177.82794100389222 9.47368 1.55542542083139e-06
177.82794100389222 14.21053 1.46421751327307e-06
177.82794100389222 18.94737 1.34355724719028e-06
177.82794100389222 23.68421 1.20117456536126e-06
177.82794100389222 28.42105 1.04104239641978e-06
177.82794100389222 33.15789 8.72684524368759e-07
177.82794100389222 37.89474 7.05354969475997e-07
177.82794100389222 42.63158 5.45175155071899e-07
177.82794100389222 47.36842 4.00441684007544e-07
177.82794100389222 52.10526 2.76286477058974e-07
177.82794100389222 56.84211 1.77026912255689e-07
177.82794100389222 61.57895 1.03190803603402e-07
177.82794100389222 66.31579 5.30957165173788e-08
177.82794100389222 71.05263 2.31925905240733e-08
177.82794100389222 75.78947 8.07842442506074e-09
177.82794100389222 80.52632 1.97426131715503e-09
177.82794100389222 85.26316 2.62008808588261e-10
177.82794100389222 90.00000 1.06499115086497e-11
223.87211385683389 0.00000 1.74358976747843e-06
223.87211385683389 4.73684 1.72333502851762e-06
223.87211385683389 9.47368 1.66399570476986e-06
223.87211385683389 14.21053 1.56898994142878e-06
223.87211385683389 18.94737 1.44282954328895e-06
223.87211385683389 23.68421 1.29320005681955e-06
223.87211385683389 28.42105 1.12397417536297e-06
223.87211385683389 33.15789 9.45041267798242e-07
223.87211385683389 37.89474 7.66234461502505e-07
223.87211385683389 42.63158 5.94174076870838e-07
223.87211385683389 47.36842 4.37943746349467e-07
223.87211385683389 52.10526 3.03260603353700e-07
223.87211385683389 56.84211 1.95033664609909e-07
223.87211385683389 61.57895 1.14100905494162e-07
223.87211385683389 66.31579 5.89328687408995e-08
223.87211385683389 71.05263 2.58463996661503e-08
223.87211385683389 75.78947 9.03795653092034e-09
223.87211385683389 80.52632 2.21510170947328e-09
223.87211385683389 85.26316 2.94433987580447e-10
223.87211385683389 90.00000 1.19598265767575e-11
281.83829312644536 0.00000 1.84147805087450e-06
281.83829312644536 4.73684 1.82066813698121e-06
281.83829312644536 9.47368 1.75979420994581e-06
281.83829312644536 14.21053 1.66203935601165e-06
281.83829312644536 18.94737 1.53174043911496e-06
281.83829312644536 23.68421 1.37644980592944e-06
281.83829312644536 28.42105 1.19984247733292e-06
281.83829312644536 33.15789 1.01204083373916e-06
281.83829312644536 37.89474 8.23421730881667e-07
281.83829312644536 42.63158 6.40931896977548e-07
281.83829312644536 47.36842 4.74377143090153e-07
281.83829312644536 52.10526 3.29957346461411e-07
281.83829312644536 56.84211 2.13190247386268e-07
281.83829312644536 61.57895 1.25305307144468e-07
281.83829312644536 66.31579 6.50396565227165e-08
281.83829312644536 71.05263 2.86751825763286e-08
281.83829312644536 75.78947 1.00786902693663e-08
281.83829312644536 80.52632 2.47961826531977e-09
281.83829312644536 85.26316 3.30330571831414e-10
281.83829312644536 90.00000 1.34097767930122e-11
354.81338923357532 0.00000 1.91862385004797e-06
354.81338923357532 4.73684 1.89759947584917e-06
354.81338923357532 9.47368 1.83587401984160e-06
354.81338923357532 14.21053 1.73664970071913e-06
354.81338923357532 18.94737 1.60391912139929e-06
354.81338923357532 23.68421 1.44500938274567e-06
354.81338923357532 28.42105 1.26339302871775e-06
354.81338923357532 33.15789 1.06930307903791e-06
354.81338923357532 37.89474 8.73396922636340e-07
354.81338923357532 42.63158 6.82831904838319e-07
354.81338923357532 47.36842 5.07862151239736e-07
354.81338923357532 52.10526 3.55199118175500e-07
354.81338923357532 56.84211 2.30812626201780e-07
354.81338923357532 61.57895 1.36464048495393e-07
354.81338923357532 66.31579 7.12849703497574e-08
354.81338923357532 71.05263 3.16424974954481e-08
354.81338923357532 75.78947 1.11949474308051e-08
354.81338923357532 80.52632 2.76823372210147e-09
354.81338923357532 85.26316 3.69942488463605e-10
354.81338923357532 90.00000 1.50113645107684e-11
446.68359215096280 0.00000 1.96218660896632e-06
446.68359215096280 4.73684 1.94124440321672e-06
446.68359215096280 9.47368 1.87991295934367e-06
446.68359215096280 14.21053 1.78103217819103e-06
446.68359215096280 18.94737 1.64829166268399e-06
446.68359215096280 23.68421 1.48898872194553e-06
446.68359215096280 28.42105 1.30590484880722e-06
446.68359215096280 33.15789 1.10945769110746e-06
446.68359215096280 37.89474 9.10229235613766e-07
446.68359215096280 42.63158 7.15326923516761e-07
446.68359215096280 47.36842 5.35205589996420e-07
446.68359215096280 52.10526 3.76775052876513e-07
446.68359215096280 56.84211 2.46552597003182e-07
446.68359215096280 61.57895 1.46844499836258e-07
446.68359215096280 66.31579 7.73288939853561e-08
446.68359215096280 71.05263 3.46203150489937e-08
446.68359215096280 75.78947 1.23540766589917e-08
446.68359215096280 80.52632 3.07505129215569e-09
446.68359215096280 85.26316 4.12719493706397e-10
446.68359215096280 90.00000 1.67457714647442e-11
562.34132519034881 0.00000 1.96491229940617e-06
562.34132519034881 4.73684 1.94460576713241e-06
562.34132519034881 9.47368 1.88482550463624e-06
562.34132519034881 14.21053 1.78843173836544e-06
562.34132519034881 18.94737 1.65877607300320e-06
562.34132519034881 23.68421 1.50263544249089e-06
562.34132519034881 28.42105 1.32250914189676e-06
562.34132519034881 33.15789 1.12834521237232e-06
562.34132519034881 37.89474 9.30560048972367e-07
562.34132519034881 42.63158 7.35754268828931e-07
562.34132519034881 47.36842 5.54340674919505e-07
562.34132519034881 52.10526 3.93331899350712e-07
562.34132519034881 56.84211 2.59564255965848e-07
562.34132519034881 61.57895 1.56018517019414e-07
562.34132519034881 66.31579 8.29901359983410e-08
562.34132519034881 71.05263 3.75587546228137e-08
562.34132519034881 75.78947 1.35472547603235e-08
562.34132519034881 80.52632 3.40134731280704e-09
562.34132519034881 85.26316 4.59166072955375e-10
562.34132519034881 90.00000 1.86389458685343e-11
707.94578438413771 0.00000 1.91643315953093e-06
707.94578438413771 4.73684 1.89719410444610e-06
707.94578438413771 9.47368 1.84079049946184e-06
707.94578438413771 14.21053 1.74959253008724e-06
707.94578438413771 18.94737 1.62657270945397e-06
707.94578438413771 23.68421 1.47820922966899e-06
707.94578438413771 28.42105 1.30624424662479e-06
707.94578438413771 33.15789 1.12013616133558e-06
707.94578438413771 37.89474 9.29475723522736e-07
707.94578438413771 42.63158 7.40230653857899e-07
707.94578438413771 47.36842 5.62387601965728e-07
707.94578438413771 52.10526 4.02701549823921e-07
707.94578438413771 56.84211 2.68490557094993e-07
707.94578438413771 61.57895 1.63174557792540e-07
707.94578438413771 66.31579 8.78688305619024e-08
707.94578438413771 71.05263 4.03113920718645e-08
707.94578438413771 75.78947 1.47369102921437e-08
707.94578438413771 80.52632 3.74084696129668e-09
707.94578438413771 85.26316 5.08987743367688e-10
707.94578438413771 90.00000 2.06866547741850e-11
891.25093813374542 0.00000 1.81223484931826e-06
891.25093813374542 4.73684 1.79468698946392e-06
891.25093813374542 9.47368 1.74331394546239e-06
891.25093813374542 14.21053 1.66024526434178e-06
891.25093813374542 18.94737 1.54799566999979e-06
891.25093813374542 23.68421 1.41203735324453e-06
891.25093813374542 28.42105 1.25381926712696e-06
891.25093813374542 33.15789 1.08157897262657e-06
891.25093813374542 37.89474 9.03881884771359e-07
891.25093813374542 42.63158 7.25912502624339e-07
891.25093813374542 47.36842 5.56900094972320e-07
891.25093813374542 52.10526 4.03103349308717e-07
891.25093813374542 56.84211 2.71958322995042e-07
891.25093813374542 61.57895 1.67526998501244e-07
891.25093813374542 66.31579 9.16071497488675e-08
891.25093813374542 71.05263 4.27257648074605e-08
891.25093813374542 75.78947 1.58818641715468e-08
891.25093813374542 80.52632 4.08703790658217e-09
891.25093813374542 85.26316 5.61920473444864e-10
891.25093813374542 90.00000 2.28913285164392e-11
1122.01845430196295 0.00000 1.65395442015844e-06
1122.01845430196295 4.73684 1.63886667174515e-06
1122.01845430196295 9.47368 1.59406809694477e-06
1122.01845430196295 14.21053 1.52163188520074e-06
1122.01845430196295 18.94737 1.42338586898129e-06
1122.01845430196295 23.68421 1.30417537829302e-06
1122.01845430196295 28.42105 1.16465476960213e-06
1122.01845430196295 33.15789 1.01154195802634e-06
1122.01845430196295 37.89474 8.52254152819308e-07
1122.01845430196295 42.63158 6.91097228212266e-07
1122.01845430196295 47.36842 5.35951186350764e-07
1122.01845430196295 52.10526 3.92859446297319e-07
1122.01845430196295 56.84211 2.68778518701885e-07
1122.01845430196295 61.57895 1.68248829537146e-07
1122.01845430196295 66.31579 9.36997520523806e-08
1122.01845430196295 71.05263 4.45857771683320e-08
1122.01845430196295 75.78947 1.69147828039455e-08
1122.01845430196295 80.52632 4.42909480422494e-09
1122.01845430196295 85.26316 6.17142429550755e-10
1122.01845430196295 90.00000 2.52394808849123e-11
1412.53754462275333 0.00000 1.45287255529601e-06
1412.53754462275333 4.73684 1.44047299525224e-06
1412.53754462275333 9.47368 1.40338080379896e-06
1412.53754462275333 14.21053 1.34305172182129e-06
1412.53754462275333 18.94737 1.26129824300294e-06
1412.53754462275333 23.68421 1.16139084914825e-06
1412.53754462275333 28.42105 1.04373504647899e-06
1412.53754462275333 33.15789 9.13549046389853e-07
1412.53754462275333 37.89474 7.76708309451740e-07
1412.53754462275333 42.63158 6.36590453686375e-07
1412.53754462275333 47.36842 4.99845878544415e-07
1412.53754462275333 52.10526 3.71563023921909e-07
1412.53754462275333 56.84211 2.58395734521035e-07
1412.53754462275333 61.57895 1.64834175661160e-07
1412.53754462275333 66.31579 9.38076899227961e-08
1412.53754462275333 71.05263 4.57083686300247e-08
1412.53754462275333 75.78947 1.77739681545328e-08
1412.53754462275333 80.52632 4.75594360165282e-09
1412.53754462275333 85.26316 6.74133621222306e-10
1412.53754462275333 90.00000 2.77358714306957e-11
1778.27941003892192 0.00000 1.22356296982827e-06
1778.27941003892192 4.73684 1.21366658184340e-06
1778.27941003892192 9.47368 1.18457737853109e-06
1778.27941003892192 14.21053 1.13710507740805e-06
1778.27941003892192 18.94737 1.07224993275852e-06
1778.27941003892192 23.68421 9.92744651123196e-07
1778.27941003892192 28.42105 8.98217418356316e-07
1778.27941003892192 33.15789 7.92799590193674e-07
1778.27941003892192 37.89474 6.80819226337162e-07
1778.27941003892192 42.63158 5.64619016924431e-07
1778.27941003892192 47.36842 4.49327492086414e-07
1778.27941003892192 52.10526 3.39462763107325e-07
1778.27941003892192 56.84211 2.40619924017777e-07
1778.27941003892192 61.57895 1.56840903257099e-07
1778.27941003892192 66.31579 9.15412612520729e-08
1778.27941003892192 71.05263 4.58784088461633e-08
1778.27941003892192 75.78947 1.83632776767889e-08
1778.27941003892192 80.52632 5.04469530774046e-09
1778.27941003892192 85.26316 7.30921265046159e-10
1778.27941003892192 90.00000 3.03400813031810e-11
2238.72113856833766 0.00000 9.85897730281646e-07
2238.72113856833766 4.73684 9.78628805062295e-07
2238.72113856833766 9.47368 9.56801756746242e-07
2238.72113856833766 14.21053 9.21293366903265e-07
2238.72113856833766 18.94737 8.72675245913149e-07
2238.72113856833766 23.68421 8.12535757263380e-07
2238.72113856833766 28.42105 7.40561667925859e-07
2238.72113856833766 33.15789 6.59420456626038e-07
2238.72113856833766 37.89474 5.72389590776660e-07
2238.72113856833766 42.63158 4.80748898120564e-07
2238.72113856833766 47.36842 3.88451623556117e-07
2238.72113856833766 52.10526 2.98690927780431e-07
2238.72113856833766 56.84211 2.16263377867277e-07
2238.72113856833766 61.57895 1.44583540936226e-07
2238.72113856833766 66.31579 8.68638466129800e-08
2238.72113856833766 71.05263 4.49767436017967e-08
2238.72113856833766 75.78947 1.86146063028147e-08
2238.72113856833766 80.52632 5.28062417333137e-09
2238.72113856833766 85.26316 7.86280802375166e-10
2238.72113856833766 90.00000 3.30482916970794e-11
2818.38293126445205 0.00000 7.56989115681225e-07
2818.38293126445205 4.73684 7.51806902935197e-07
2818.38293126445205 9.47368 7.36543797691683e-07
2818.38293126445205 14.21053 7.11483120236525e-07
2818.38293126445205 18.94737 6.76936739268541e-07
2818.38293126445205 23.68421 6.34102496724652e-07
2818.38293126445205 28.42105 5.82342522430068e-07
2818.38293126445205 33.15789 5.23576852910662e-07
2818.38293126445205 37.89474 4.59679607616833e-07
2818.38293126445205 42.63158 3.91393799542297e-07
2818.38293126445205 47.36842 3.21640800845391e-07
2818.38293126445205 52.10526 2.52332655082989e-07
2818.38293126445205 56.84211 1.87126058631294e-07
2818.38293126445205 61.57895 1.28615317616982e-07
2818.38293126445205 66.31579 7.98035837718583e-08
2818.38293126445205 71.05263 4.29091754588665e-08
2818.38293126445205 75.78947 1.84406167327035e-08
2818.38293126445205 80.52632 5.43774163383205e-09
2818.38293126445205 85.26316 8.37777781514652e-10
2818.38293126445205 90.00000 3.58030687302883e-11
3548.13389233575390 0.00000 5.52770230736691e-07
3548.13389233575390 4.73684 5.49305822220245e-07
3548.13389233575390 9.47368 5.39199103722669e-07
3548.13389233575390 14.21053 5.22760692618985e-07
3548.13389233575390 18.94737 4.99656463463930e-07
3548.13389233575390 23.68421 4.71086043555947e-07
3548.13389233575390 28.42105 4.36224142724725e-07
3548.13389233575390 33.15789 3.96253553633439e-07
3548.13389233575390 37.89474 3.52158266991925e-07
3548.13389233575390 42.63158 3.04475598547376e-07
3548.13389233575390 47.36842 2.54777500070200e-07
3548.13389233575390 52.10526 2.04358063057091e-07
3548.13389233575390 56.84211 1.55463453859834e-07
3548.13389233575390 61.57895 1.10254004570023e-07
3548.13389233575390 66.31579 7.09511748256332e-08
3548.13389233575390 71.05263 3.97027884887951e-08
3548.13389233575390 75.78947 1.77959468941894e-08
3548.13389233575390 80.52632 5.49411869232286e-09
3548.13389233575390 85.26316 8.82318759981311e-10
3548.13389233575390 90.00000 3.85649044240661e-11
4466.83592150962795 0.00000 3.83498902038727e-07
4466.83592150962795 4.73684 3.81465171462109e-07
4466.83592150962795 9.47368 3.75217544560633e-07
4466.83592150962795 14.21053 3.65007840607285e-07
4466.83592150962795 18.94737 3.50872889764505e-07
4466.83592150962795 23.68421 3.33011945899688e-07
4466.83592150962795 28.42105 3.11110503581986e-07
4466.83592150962795 33.15789 2.85760156128310e-07
4466.83592150962795 37.89474 2.57452415508213e-07
4466.83592150962795 42.63158 2.26312123893557e-07
4466.83592150962795 47.36842 1.93014879984485e-07
4466.83592150962795 52.10526 1.58531369905674e-07
4466.83592150962795 56.84211 1.24101028837997e-07
4466.83592150962795 61.57895 9.09283017616510e-08
4466.83592150962795 66.31579 6.07611796127617e-08
4466.83592150962795 71.05263 3.55002355869051e-08
4466.83592150962795 75.78947 1.66521496250565e-08
4466.83592150962795 80.52632 5.43212699385350e-09
4466.83592150962795 85.26316 9.16513102984278e-10
4466.83592150962795 90.00000 4.12566586459933e-11
5623.41325190348834 0.00000 2.54403962901355e-07
5623.41325190348834 4.73684 2.53213763807076e-07
5623.41325190348834 9.47368 2.49701400867339e-07
5623.41325190348834 14.21053 2.43866571291074e-07
5623.41325190348834 18.94737 2.35773946255660e-07
5623.41325190348834 23.68421 2.25400062501761e-07
5623.41325190348834 28.42105 2.12600302444269e-07
5623.41325190348834 33.15789 1.97542618711630e-07
5623.41325190348834 37.89474 1.80471803480258e-07
5623.41325190348834 42.63158 1.61388087402857e-07
5623.41325190348834 47.36842 1.40486905564071e-07
5623.41325190348834 52.10526 1.18202864541840e-07
5623.41325190348834 56.84211 9.52719889808425e-08
5623.41325190348834 61.57895 7.21729498606916e-08
5623.41325190348834 66.31579 5.01473905501033e-08
5623.41325190348834 71.05263 3.05686330115165e-08
5623.41325190348834 75.78947 1.50869217133668e-08
5623.41325190348834 80.52632 5.23568604949424e-09
5623.41325190348834 85.26316 9.37733567385826e-10
5623.41325190348834 90.00000 4.38181116191885e-11
7079.45784384137460 0.00000 1.63286448379003e-07
7079.45784384137460 4.73684 1.62632829902224e-07
7079.45784384137460 9.47368 1.60749957343263e-07
7079.45784384137460 14.21053 1.57682340414126e-07
7079.45784384137460 18.94737 1.53295141369744e-07
7079.45784384137460 23.68421 1.47614404062707e-07
7079.45784384137460 28.42105 1.40586768475736e-07
7079.45784384137460 33.15789 1.32191716520242e-07
7079.45784384137460 37.89474 1.22464384735120e-07
7079.45784384137460 42.63158 1.11342654204585e-07
7079.45784384137460 47.36842 9.88984201197189e-08
7079.45784384137460 52.10526 8.51812250058418e-08
7079.45784384137460 56.84211 7.05520597682069e-08
7079.45784384137460 61.57895 5.51585364021481e-08
7079.45784384137460 66.31579 3.97488648495507e-08
7079.45784384137460 71.05263 2.53443891513588e-08
7079.45784384137460 75.78947 1.32328960311554e-08
7079.45784384137460 80.52632 4.91135688685495e-09
7079.45784384137460 85.26316 9.42785862200302e-10
7079.45784384137460 90.00000 4.62500488134242e-11
8912.50938133744603 0.00000 1.02633589396674e-07
8912.50938133744603 4.73684 1.02316442351711e-07
8912.50938133744603 9.47368 1.01334242190194e-07
8912.50938133744603 14.21053 9.97165849842817e-08
8912.50938133744603 18.94737 9.74418259108666e-08
8912.50938133744603 23.68421 9.44454622979091e-08
8912.50938133744603 28.42105 9.06777792982409e-08
8912.50938133744603 33.15789 8.61310074823030e-08
8912.50938133744603 37.89474 8.07780822573205e-08
8912.50938133744603 42.63158 7.44947256580809e-08
8912.50938133744603 47.36842 6.73221578199340e-08
8912.50938133744603 52.10526 5.91597488204783e-08
8912.50938133744603 56.84211 5.01498061547016e-08
8912.50938133744603 61.57895 4.03859772118943e-08
8912.50938133744603 66.31579 3.01887786017316e-08
8912.50938133744603 71.05263 2.01682038957415e-08
8912.50938133744603 75.78947 1.12078333925723e-08
8912.50938133744603 80.52632 4.46269979009600e-09
8912.50938133744603 85.26316 9.29114082083767e-10
8912.50938133744603 90.00000 4.83929840084425e-11
11220.18454301962447 0.00000 6.25825615260497e-08
11220.18454301962447 4.73684 6.24172663135101e-08
11220.18454301962447 9.47368 6.19284683453993e-08
11220.18454301962447 14.21053 6.11059099830331e-08
11220.18454301962447 18.94737 5.99322899357373e-08
11220.18454301962447 23.68421 5.84120367782359e-08
11220.18454301962447 28.42105 5.64598479073284e-08
11220.18454301962447 33.15789 5.40662875016920e-08
11220.18454301962447 37.89474 5.12203456877520e-08
11220.18454301962447 42.63158 4.78301453070788e-08
11220.18454301962447 47.36842 4.38686048199295e-08
11220.18454301962447 52.10526 3.92922516753557e-08
11220.18454301962447 56.84211 3.40851524599780e-08
11220.18454301962447 61.57895 2.82869978422440e-08
11220.18454301962447 66.31579 2.19593939589370e-08
11220.18454301962447 71.05263 1.54163082020934e-08
11220.18454301962447 75.78947 9.11266540578775e-09
11220.18454301962447 80.52632 3.91921541436993e-09
11220.18454301962447 85.26316 8.93190105986044e-10
11220.18454301962447 90.00000 5.00693406532012e-11
14125.37544622752648 0.00000 3.67043959470010e-08
14125.37544622752648 4.73684 3.66316194829962e-08
14125.37544622752648 9.47368 3.63994144863712e-08
14125.37544622752648 14.21053 3.60168217292099e-08
14125.37544622752648 18.94737 3.54708351375964e-08
14125.37544622752648 23.68421 3.47559915056022e-08
14125.37544622752648 28.42105 3.38236096569832e-08
14125.37544622752648 33.15789 3.26596508938756e-08
14125.37544622752648 37.89474 3.12638232908128e-08
14125.37544622752648 42.63158 2.95800356750532e-08
14125.37544622752648 47.36842 2.75514010172021e-08
14125.37544622752648 52.10526 2.51581339471244e-08
14125.37544622752648 56.84211 2.23634605597528e-08
14125.37544622752648 61.57895 1.91080002498708e-08
14125.37544622752648 66.31579 1.54019554744542e-08
14125.37544622752648 71.05263 1.13220075985514e-08
14125.37544622752648 75.78947 7.09725948776389e-09
14125.37544622752648 80.52632 3.30972321443450e-09
14125.37544622752648 85.26316 8.34169436694058e-10
14125.37544622752648 90.00000 5.10842989387044e-11
17782.79410038921196 0.00000 2.11219608207120e-08
17782.79410038921196 4.73684 2.10885659591484e-08
17782.79410038921196 9.47368 2.09899275665017e-08
17782.79410038921196 14.21053 2.08213163828529e-08
17782.79410038921196 18.94737 2.05830925409761e-08
17782.79410038921196 23.68421 2.02594165230458e-08
17782.79410038921196 28.42105 1.98363661054761e-08
17782.79410038921196 33.15789 1.93089250607969e-08
17782.79410038921196 37.89474 1.86548127040537e-08
17782.79410038921196 42.63158 1.78482644992249e-08
17782.79410038921196 47.36842 1.68633063368526e-08
17782.79410038921196 52.10526 1.56596446877856e-08
17782.79410038921196 56.84211 1.42077611583457e-08
17782.79410038921196 61.57895 1.24602415340397e-08
17782.79410038921196 66.31579 1.03837450295655e-08
17782.79410038921196 71.05263 7.97158632248381e-09
17782.79410038921196 75.78947 5.30675005948525e-09
17782.79410038921196 80.52632 2.68466989363105e-09
17782.79410038921196 85.26316 7.54656127829868e-10
17782.79410038921196 90.00000 5.12875983124283e-11
22387.21138568340029 0.00000 1.18329373663651e-08
22387.21138568340029 4.73684 1.18206326879051e-08
22387.21138568340029 9.47368 1.17796051334321e-08
22387.21138568340029 14.21053 1.17139892723323e-08
22387.21138568340029 18.94737 1.16134567093642e-08
22387.21138568340029 23.68421 1.14817250199250e-08
22387.21138568340029 28.42105 1.13029424083289e-08
22387.21138568340029 33.15789 1.10784037265906e-08
22387.21138568340029 37.89474 1.07936654216751e-08
22387.21138568340029 42.63158 1.04336472103151e-08
22387.21138568340029 47.36842 9.98148845935551e-09
22387.21138568340029 52.10526 9.41296802549877e-09
22387.21138568340029 56.84211 8.71108175587231e-09
22387.21138568340029 61.57895 7.82609632642353e-09
22387.21138568340029 66.31579 6.72854929959689e-09
22387.21138568340029 71.05263 5.39170522225763e-09
22387.21138568340029 75.78947 3.80331775904266e-09
22387.21138568340029 80.52632 2.09248588216889e-09
22387.21138568340029 85.26316 6.57775166658860e-10
22387.21138568340029 90.00000 5.04995311111720e-11
28183.82931264454965 0.00000 6.49247224197446e-09
28183.82931264454965 4.73684 6.48898756787330e-09
28183.82931264454965 9.47368 6.47489905575929e-09
28183.82931264454965 14.21053 6.45057181099774e-09
28183.82931264454965 18.94737 6.41488404401092e-09
28183.82931264454965 23.68421 6.36913341624317e-09
28183.82931264454965 28.42105 6.30126750125669e-09
28183.82931264454965 33.15789 6.21457648513868e-09
28183.82931264454965 37.89474 6.10409677219514e-09
28183.82931264454965 42.63158 5.95713449473345e-09
28183.82931264454965 47.36842 5.76420197482117e-09
28183.82931264454965 52.10526 5.51596556530860e-09
28183.82931264454965 56.84211 5.19407241236900e-09
28183.82931264454965 61.57895 4.77379429473663e-09
28183.82931264454965 66.31579 4.22749593033882e-09
28183.82931264454965 71.05263 3.51987237903786e-09
28183.82931264454965 75.78947 2.62283065343272e-09
28183.82931264454965 80.52632 1.56002297609652e-09
28183.82931264454965 85.26316 5.53697192299451e-10
28183.82931264454965 90.00000 4.85859134063020e-11
35481.33892335752898 0.00000 3.49552934966914e-09
35481.33892335752898 4.73684 3.49496615090180e-09
35481.33892335752898 9.47368 3.49138845873481e-09
35481.33892335752898 14.21053 3.48455757100014e-09
35481.33892335752898 18.94737 3.47538026296165e-09
35481.33892335752898 23.68421 3.46309812721850e-09
35481.33892335752898 28.42105 3.44230273300191e-09
35481.33892335752898 33.15789 3.41505464289398e-09
35481.33892335752898 37.89474 3.37735664932461e-09
35481.33892335752898 42.63158 3.32463784888415e-09
35481.33892335752898 47.36842 3.25218486376857e-09
35481.33892335752898 52.10526 3.15238572773069e-09
35481.33892335752898 56.84211 3.01697968444945e-09
35481.33892335752898 61.57895 2.82982211384494e-09
35481.33892335752898 66.31579 2.57225693591840e-09
35481.33892335752898 71.05263 2.22055955626857e-09
35481.33892335752898 75.78947 1.73987745770829e-09
35481.33892335752898 80.52632 1.11766981179633e-09
35481.33892335752898 85.26316 4.47837788814597e-10
35481.33892335752898 90.00000 4.55186509754679e-11
44668.35921509625769 0.00000 1.85265047300559e-09
44668.35921509625769 4.73684 1.85269961060697e-09
44668.35921509625769 9.47368 1.85291888105464e-09
44668.35921509625769 14.21053 1.85302099171082e-09
44668.35921509625769 18.94737 1.85292301636884e-09
44668.35921509625769 23.68421 1.85201628767135e-09
44668.35921509625769 28.42105 1.84935543843430e-09
44668.35921509625769 33.15789 1.84428525292551e-09
44668.35921509625769 37.89474 1.83544086829558e-09
44668.35921509625769 42.63158 1.82135580228076e-09
44668.35921509625769 47.36842 1.79887010351613e-09
44668.35921509625769 52.10526 1.76427514658498e-09
44668.35921509625769 56.84211 1.71411029619345e-09
44668.35921509625769 61.57895 1.63757893373528e-09
44668.35921509625769 66.31579 1.52552262046691e-09
44668.35921509625769 71.05263 1.36037905117349e-09
44668.35921509625769 75.78947 1.11722689409148e-09
44668.35921509625769 80.52632 7.71628547167261e-10
44668.35921509625769 85.26316 3.46400375611052e-10
44668.35921509625769 90.00000 4.13429422719401e-11
56234.13251903485070 0.00000 9.68676916620915e-10
56234.13251903485070 4.73684 9.69089435712570e-10
56234.13251903485070 9.47368 9.70050204519806e-10
56234.13251903485070 14.21053 9.71721841786461e-10
56234.13251903485070 18.94737 9.73897451647230e-10
56234.13251903485070 23.68421 9.76468325493022e-10
56234.13251903485070 28.42105 9.78907906091007e-10
56234.13251903485070 33.15789 9.80934436806539e-10
56234.13251903485070 37.89474 9.82294486261686e-10
56234.13251903485070 42.63158 9.81799191913530e-10
56234.13251903485070 47.36842 9.78288872139002e-10
56234.13251903485070 52.10526 9.69841475864390e-10
56234.13251903485070 56.84211 9.54895568891258e-10
56234.13251903485070 61.57895 9.27779413999143e-10
56234.13251903485070 66.31579 8.83098419606962e-10
56234.13251903485070 71.05263 8.11026105301411e-10
56234.13251903485070 75.78947 6.94592087420168e-10
56234.13251903485070 80.52632 5.11786184142496e-10
56234.13251903485070 85.26316 2.56836907781066e-10
56234.13251903485070 90.00000 3.62929378473109e-11
70794.57843841373688 0.00000 4.98229453113274e-10
70794.57843841373688 4.73684 4.98558759769854e-10
70794.57843841373688 9.47368 4.99560784294356e-10
70794.57843841373688 14.21053 5.01180373192295e-10
70794.57843841373688 18.94737 5.03436762169886e-10
70794.57843841373688 23.68421 5.06207306518214e-10
70794.57843841373688 28.42105 5.09354101749236e-10
70794.57843841373688 33.15789 5.12773811003898e-10
70794.57843841373688 37.89474 5.16363185969067e-10
70794.57843841373688 42.63158 5.19499570208722e-10
70794.57843841373688 47.36842 5.21950538268772e-10
70794.57843841373688 52.10526 5.22670341523524e-10
70794.57843841373688 56.84211 5.20716347097021e-10
70794.57843841373688 61.57895 5.13902443472742e-10
70794.57843841373688 66.31579 4.98937920359178e-10
70794.57843841373688 71.05263 4.70617951846974e-10
70794.57843841373688 75.78947 4.18887821458040e-10
70794.57843841373688 80.52632 3.27517977195196e-10
70794.57843841373688 85.26316 1.82530576869397e-10
70794.57843841373688 90.00000 3.06765038690008e-11
89125.09381337449304 0.00000 2.52094491117398e-10
89125.09381337449304 4.73684 2.52349128832438e-10
89125.09381337449304 9.47368 2.53052702422441e-10
89125.09381337449304 14.21053 2.54248864245531e-10
89125.09381337449304 18.94737 2.55910818206541e-10
89125.09381337449304 23.68421 2.58032244805187e-10
89125.09381337449304 28.42105 2.60541306358114e-10
89125.09381337449304 33.15789 2.63462962290530e-10
89125.09381337449304 37.89474 2.66643482977036e-10
89125.09381337449304 42.63158 2.70038394192432e-10
89125.09381337449304 47.36842 2.73316091714013e-10
89125.09381337449304 52.10526 2.76331215759082e-10
89125.09381337449304 56.84211 2.78417668904939e-10
89125.09381337449304 61.57895 2.78785789959168e-10
89125.09381337449304 66.31579 2.75786963452991e-10
89125.09381337449304 71.05263 2.66527079841618e-10
89125.09381337449304 75.78947 2.45601341230199e-10
89125.09381337449304 80.52632 2.02921685787388e-10
89125.09381337449304 85.26316 1.24164956837836e-10
89125.09381337449304 90.00000 2.49218772499432e-11
112201.84543019630655 0.00000 1.25640444538893e-10
112201.84543019630655 4.73684 1.25792983550844e-10
112201.84543019630655 9.47368 1.26253743748234e-10
112201.84543019630655 14.21053 1.27014629941999e-10
112201.84543019630655 18.94737 1.28092950552432e-10
112201.84543019630655 23.68421 1.29473773169762e-10
112201.84543019630655 28.42105 1.31148612882495e-10
112201.84543019630655 33.15789 1.33128747669713e-10
112201.84543019630655 37.89474 1.35378644846914e-10
112201.84543019630655 42.63158 1.37905490414021e-10
112201.84543019630655 47.36842 1.40590346683380e-10
112201.84543019630655 52.10526 1.43356579355766e-10
112201.84543019630655 56.84211 1.46017345160028e-10
112201.84543019630655 61.57895 1.48103398236470e-10
112201.84543019630655 66.31579 1.49015372759332e-10
112201.84543019630655 71.05263 1.47259067325168e-10
112201.84543019630655 75.78947 1.39922919076771e-10
112201.84543019630655 80.52632 1.21330161609286e-10
112201.84543019630655 85.26316 8.09511145686312e-11
112201.84543019630655 90.00000 1.94209531990291e-11
141253.75446227524662 0.00000 6.12651128150512e-11
141253.75446227524662 4.73684 6.13575672890915e-11
141253.75446227524662 9.47368 6.16221591303250e-11
141253.75446227524662 14.21053 6.20706177008307e-11
141253.75446227524662 18.94737 6.27125935889907e-11
141253.75446227524662 23.68421 6.35224558629711e-11
141253.75446227524662 28.42105 6.45475350665902e-11
141253.75446227524662 33.15789 6.57483542320671e-11
141253.75446227524662 37.89474 6.71654136112658e-11
141253.75446227524662 42.63158 6.87884218468311e-11
141253.75446227524662 47.36842 7.05977197984670e-11
141253.75446227524662 52.10526 7.25648791351063e-11
141253.75446227524662 56.84211 7.46325009773971e-11
141253.75446227524662 61.57895 7.66405093092902e-11
141253.75446227524662 66.31579 7.83310377994566e-11
141253.75446227524662 71.05263 7.90220719344556e-11
141253.75446227524662 75.78947 7.72978122937325e-11
141253.75446227524662 80.52632 7.00802371358942e-11
141253.75446227524662 85.26316 5.06614626468124e-11
141253.75446227524662 90.00000 1.45054613814696e-11
177827.94100389210507 0.00000 2.92105468891801e-11
177827.94100389210507 4.73684 2.92597463214348e-11
177827.94100389210507 9.47368 2.94079494239327e-11
177827.94100389210507 14.21053 2.96548701734171e-11
177827.94100389210507 18.94737 3.00065142952058e-11
177827.94100389210507 23.68421 3.04664523198011e-11
177827.94100389210507 28.42105 3.10367838447427e-11
177827.94100389210507 33.15789 3.17295632197317e-11
177827.94100389210507 37.89474 3.25502126000465e-11
177827.94100389210507 42.63158 3.35061664562643e-11
177827.94100389210507 47.36842 3.46019288837092e-11
177827.94100389210507 52.10526 3.58369981835924e-11
177827.94100389210507 56.84211 3.72013662031182e-11
177827.94100389210507 61.57895 3.86631364164498e-11
177827.94100389210507 66.31579 4.01009740142610e-11
177827.94100389210507 71.05263 4.12736771975771e-11
177827.94100389210507 75.78947 4.15413684037791e-11
177827.94100389210507 80.52632 3.92644461042361e-11
177827.94100389210507 85.26316 3.06166695604556e-11
177827.94100389210507 90.00000 1.03663158750997e-11
223872.11385683377739 0.00000 1.37911163891593e-11
223872.11385683377739 4.73684 1.38162716100348e-11
223872.11385683377739 9.47368 1.38947222513013e-11
223872.11385683377739 14.21053 1.40283996244357e-11
223872.11385683377739 18.94737 1.42133035936613e-11
223872.11385683377739 23.68421 1.44611668401078e-11
223872.11385683377739 28.42105 1.47691607966863e-11
223872.11385683377739 33.15789 1.51466695653332e-11
223872.11385683377739 37.89474 1.55987032897155e-11
223872.11385683377739 42.63158 1.61320639839736e-11
223872.11385683377739 47.36842 1.67543570586956e-11
223872.11385683377739 52.10526 1.74790887651583e-11
223872.11385683377739 56.84211 1.83078811711294e-11
223872.11385683377739 61.57895 1.92345751984523e-11
223872.11385683377739 66.31579 2.02306064780370e-11
223872.11385683377739 71.05263 2.12180171082244e-11
223872.11385683377739 75.78947 2.19132655313727e-11
223872.11385683377739 80.52632 2.15606513496060e-11
223872.11385683377739 85.26316 1.80306664887630e-11
223872.11385683377739 90.00000 7.08847766456948e-12
281838.29312644520542 0.00000 6.46148699397049e-12
281838.29312644520542 4.73684 6.47511622784194e-12
281838.29312644520542 9.47368 6.51516282608914e-12
281838.29312644520542 14.21053 6.58295547416071e-12
281838.29312644520542 18.94737 6.68002873846881e-12
281838.29312644520542 23.68421 6.80723392072768e-12
281838.29312644520542 28.42105 6.96923482473266e-12
281838.29312644520542 33.15789 7.16641890416353e-12
281838.29312644520542 37.89474 7.40648975938201e-12
281838.29312644520542 42.63158 7.69295450612177e-12
281838.29312644520542 47.36842 8.03163621586046e-12
281838.29312644520542 52.10526 8.43277752595325e-12
281838.29312644520542 56.84211 8.90325629942392e-12
281838.29312644520542 61.57895 9.44937458853501e-12
281838.29312644520542 66.31579 1.00705970545070e-11
281838.29312644520542 71.05263 1.07441139826431e-11
281838.29312644520542 75.78947 1.13661520966087e-11
281838.29312644520542 80.52632 1.16007031623607e-11
281838.29312644520542 85.26316 1.02968260592217e-11
281838.29312644520542 90.00000 4.64566027162348e-12
354813.38923357531894 0.00000 3.01442083452980e-12
354813.38923357531894 4.73684 3.02116652788653e-12
354813.38923357531894 9.47368 3.04148331205067e-12
354813.38923357531894 14.21053 3.07557378729782e-12
354813.38923357531894 18.94737 3.12454429528942e-12
354813.38923357531894 23.68421 3.18933150351226e-12
354813.38923357531894 28.42105 3.27122673580986e-12
354813.38923357531894 33.15789 3.37278897511256e-12
354813.38923357531894 37.89474 3.49644390885233e-12
354813.38923357531894 42.63158 3.64530669328086e-12
354813.38923357531894 47.36842 3.82395994714004e-12
354813.38923357531894 52.10526 4.03837507026076e-12
354813.38923357531894 56.84211 4.29400255648816e-12
354813.38923357531894 61.57895 4.59875177201905e-12
354813.38923357531894 66.31579 4.95869742717518e-12
354813.38923357531894 71.05263 5.37429736075174e-12
354813.38923357531894 75.78947 5.81413785685478e-12
354813.38923357531894 80.52632 6.12524352388360e-12
354813.38923357531894 85.26316 5.74492221036941e-12
354813.38923357531894 90.00000 2.91449604500429e-12
446683.59215096256230 0.00000 1.39153143047877e-12
446683.59215096256230 4.73684 1.39487652259749e-12
446683.59215096256230 9.47368 1.40479912319351e-12
446683.59215096256230 14.21053 1.42160146143117e-12
446683.59215096256230 18.94737 1.44561831313428e-12
446683.59215096256230 23.68421 1.47781524945283e-12
446683.59215096256230 28.42105 1.51821240399477e-12
446683.59215096256230 33.15789 1.56902606929389e-12
446683.59215096256230 37.89474 1.63083813665800e-12
446683.59215096256230 42.63158 1.70603277973555e-12
446683.59215096256230 47.36842 1.79695571055681e-12
446683.59215096256230 52.10526 1.90739083898746e-12
446683.59215096256230 56.84211 2.04131534876153e-12
446683.59215096256230 61.57895 2.20344900836551e-12
446683.59215096256230 66.31579 2.40135653965063e-12
446683.59215096256230 71.05263 2.63929176560257e-12
446683.59215096256230 75.78947 2.91049176851071e-12
446683.59215096256230 80.52632 3.15919172314412e-12
446683.59215096256230 85.26316 3.11077013997039e-12
446683.59215096256230 90.00000 1.74656647272305e-12
562341.32519034796860 0.00000 6.35910087266384e-13
562341.32519034796860 4.73684 6.37546247172815e-13
562341.32519034796860 9.47368 6.42322786911539e-13
562341.32519034796860 14.21053 6.50338238497197e-13
562341.32519034796860 18.94737 6.61977156361366e-13
562341.32519034796860 23.68421 6.77528545921136e-13
562341.32519034796860 28.42105 6.97136037734676e-13
562341.32519034796860 33.15789 7.21823744576611e-13
562341.32519034796860 37.89474 7.52106281204834e-13
562341.32519034796860 42.63158 7.89068911596721e-13
562341.32519034796860 47.36842 8.34131428846811e-13
562341.32519034796860 52.10526 8.89321211853839e-13
562341.32519034796860 56.84211 9.57185394213496e-13
562341.32519034796860 61.57895 1.04062267017782e-12
562341.32519034796860 66.31579 1.14471622077586e-12
562341.32519034796860 71.05263 1.27404264711197e-12
562341.32519034796860 75.78947 1.42968045200347e-12
562341.32519034796860 80.52632 1.59535096818384e-12
562341.32519034796860 85.26316 1.63943484534110e-12
562341.32519034796860 90.00000 1.00803453933208e-12
707945.78438413667027 0.00000 2.87391557911809e-13
707945.78438413667027 4.73684 2.88143305460224e-13
707945.78438413667027 9.47368 2.90407823429620e-13
707945.78438413667027 14.21053 2.94224720197112e-13
707945.78438413667027 18.94737 2.99713279991225e-13
707945.78438413667027 23.68421 3.07078254345460e-13
707945.78438413667027 28.42105 3.16399876856476e-13
707945.78438413667027 33.15789 3.28160086978072e-13
707945.78438413667027 37.89474 3.42633453998554e-13
707945.78438413667027 42.63158 3.60433880003903e-13
707945.78438413667027 47.36842 3.82228535669159e-13
707945.78438413667027 52.10526 4.09103441662005e-13
707945.78438413667027 56.84211 4.42490675499890e-13
707945.78438413667027 61.57895 4.84215317649533e-13
707945.78438413667027 66.31579 5.37021143565445e-13
707945.78438413667027 71.05263 6.04467763679524e-13
707945.78438413667027 75.78947 6.89589726431535e-13
707945.78438413667027 80.52632 7.87873007294919e-13
707945.78438413667027 85.26316 8.42059772996331e-13
707945.78438413667027 90.00000 5.60273697379646e-13
891250.93813374498859 0.00000 1.28835178801086e-13
891250.93813374498859 4.73684 1.29187035271766e-13
891250.93813374498859 9.47368 1.30237412539641e-13
891250.93813374498859 14.21053 1.32016877854721e-13
891250.93813374498859 18.94737 1.34575122921337e-13
891250.93813374498859 23.68421 1.38007009838222e-13
891250.93813374498859 28.42105 1.42384734147383e-13
891250.93813374498859 33.15789 1.47899734267003e-13
891250.93813374498859 37.89474 1.54713606812332e-13
891250.93813374498859 42.63158 1.63117401307667e-13
891250.93813374498859 47.36842 1.73473288063197e-13
891250.93813374498859 52.10526 1.86341276850000e-13
891250.93813374498859 56.84211 2.02427212998257e-13
891250.93813374498859 61.57895 2.22758424414228e-13
891250.93813374498859 66.31579 2.48914202891822e-13
891250.93813374498859 71.05263 2.82992164529940e-13
891250.93813374498859 75.78947 3.27604407550800e-13
891250.93813374498859 80.52632 3.82269114938790e-13
891250.93813374498859 85.26316 4.23342139904519e-13
891250.93813374498859 90.00000 3.02232192198308e-13
1122018.45430196286179 0.00000 5.75821003116038e-14
1122018.45430196286179 4.73684 5.77435064886703e-14
1122018.45430196286179 9.47368 5.82295436655255e-14
1122018.45430196286179 14.21053 5.90502789966708e-14
1122018.45430196286179 18.94737 6.02367148337226e-14
1122018.45430196286179 23.68421 6.18187269049771e-14
1122018.45430196286179 28.42105 6.38545161842110e-14
1122018.45430196286179 33.15789 6.64115509515787e-14
1122018.45430196286179 37.89474 6.95902984132024e-14
1122018.45430196286179 42.63158 7.35206254243359e-14
1122018.45430196286179 47.36842 7.83790979446565e-14
1122018.45430196286179 52.10526 8.44670130358754e-14
1122018.45430196286179 56.84211 9.21177964926985e-14
1122018.45430196286179 61.57895 1.01865395745749e-13
1122018.45430196286179 66.31579 1.14576576096378e-13
1122018.45430196286179 71.05263 1.31408186337745e-13
1122018.45430196286179 75.78947 1.54005148985178e-13
1122018.45430196286179 80.52632 1.83251485612669e-13
1122018.45430196286179 85.26316 2.09519626636484e-13
1122018.45430196286179 90.00000 1.58367220066841e-13
1412537.54462275258265 0.00000 2.55832441158284e-14
1412537.54462275258265 4.73684 2.56571455440458e-14
1412537.54462275258265 9.47368 2.58786821920305e-14
1412537.54462275258265 14.21053 2.62540229612670e-14
1412537.54462275258265 18.94737 2.67960285157072e-14
1412537.54462275258265 23.68421 2.75207393978950e-14
1412537.54462275258265 28.42105 2.84538704749336e-14
1412537.54462275258265 33.15789 2.96278158714721e-14
1412537.54462275258265 37.89474 3.10915683661592e-14
1412537.54462275258265 42.63158 3.29081078682315e-14
1412537.54462275258265 47.36842 3.51598670454261e-14
1412537.54462275258265 52.10526 3.79946047899171e-14
1412537.54462275258265 56.84211 4.15770291128811e-14
1412537.54462275258265 61.57895 4.61820279711749e-14
1412537.54462275258265 66.31579 5.22389164092257e-14
1412537.54462275258265 71.05263 6.03840570164788e-14
1412537.54462275258265 75.78947 7.15350084354950e-14
1412537.54462275258265 80.52632 8.66199524885728e-14
1412537.54462275258265 85.26316 1.01620637375009e-13
1412537.54462275258265 90.00000 8.06052161256644e-14
1778279.41003891918808 0.00000 1.12945798136269e-14
1778279.41003891918808 4.73684 1.13278806297330e-14
1778279.41003891918808 9.47368 1.14281482677615e-14
1778279.41003891918808 14.21053 1.15976968542370e-14
1778279.41003891918808 18.94737 1.18430577004594e-14
1778279.41003891918808 23.68421 1.21716183048613e-14
1778279.41003891918808 28.42105 1.25938582640366e-14
1778279.41003891918808 33.15789 1.31282094011563e-14
1778279.41003891918808 37.89474 1.37943028714128e-14
1778279.41003891918808 42.63158 1.46240023762365e-14
1778279.41003891918808 47.36842 1.56553109019203e-14
1778279.41003891918808 52.10526 1.69574669111575e-14
1778279.41003891918808 56.84211 1.86126207467140e-14
1778279.41003891918808 61.57895 2.07535982178276e-14
1778279.41003891918808 66.31579 2.35933777436551e-14
1778279.41003891918808 71.05263 2.74568640073527e-14
1778279.41003891918808 75.78947 3.28518009721184e-14
1778279.41003891918808 80.52632 4.03507146222115e-14
1778279.41003891918808 85.26316 4.84351288641426e-14
1778279.41003891918808 90.00000 3.99329221436940e-14
2238721.13856833800673 0.00000 4.94407173972822e-15
2238721.13856833800673 4.73684 4.95881025747019e-15
2238721.13856833800673 9.47368 5.00359559357364e-15
2238721.13856833800673 14.21053 5.07962416172315e-15
2238721.13856833800673 18.94737 5.18926185833003e-15
2238721.13856833800673 23.68421 5.33610781745460e-15
2238721.13856833800673 28.42105 5.52497584982971e-15
2238721.13856833800673 33.15789 5.76492802428683e-15
2238721.13856833800673 37.89474 6.06441829740801e-15
2238721.13856833800673 42.63158 6.43769001453176e-15
2238721.13856833800673 47.36842 6.90367070475515e-15
2238721.13856833800673 52.10526 7.49384856521927e-15
2238721.13856833800673 56.84211 8.24699207372838e-15
2238721.13856833800673 61.57895 9.22638661953558e-15
2238721.13856833800673 66.31579 1.05355206120315e-14
2238721.13856833800673 71.05263 1.23324665854051e-14
2238721.13856833800673 75.78947 1.48796693678987e-14
2238721.13856833800673 80.52632 1.85022977425406e-14
2238721.13856833800673 85.26316 2.26512177553379e-14
2238721.13856833800673 90.00000 1.92524123590044e-14
2818382.93126445543021 0.00000 2.14254322210491e-15
2818382.93126445543021 4.73684 2.14904585932067e-15
2818382.93126445543021 9.47368 2.16878671472147e-15
2818382.93126445543021 14.21053 2.20229658911445e-15
2818382.93126445543021 18.94737 2.25059884598438e-15
2818382.93126445543021 23.68421 2.31551792511071e-15
2818382.93126445543021 28.42105 2.39911117519536e-15
2818382.93126445543021 33.15789 2.50517494687558e-15
2818382.93126445543021 37.89474 2.63810349925010e-15
2818382.93126445543021 42.63158 2.80384656952379e-15
2818382.93126445543021 47.36842 3.01140362709765e-15
2818382.93126445543021 52.10526 3.27489242210916e-15
2818382.93126445543021 56.84211 3.61251312029596e-15
2818382.93126445543021 61.57895 4.05401774131916e-15
2818382.93126445543021 66.31579 4.64721542244038e-15
2818382.93126445543021 71.05263 5.46908911365447e-15
2818382.93126445543021 75.78947 6.64698561861613e-15
2818382.93126445543021 80.52632 8.35852849614534e-15
2818382.93126445543021 85.26316 1.04142581161275e-14
2818382.93126445543021 90.00000 9.11409760828031e-15
3548133.89233575342223 0.00000 9.28693457136060e-16
3548133.89233575342223 4.73684 9.31574750663858e-16
3548133.89233575342223 9.47368 9.40248944985442e-16
3548133.89233575342223 14.21053 9.54950797221148e-16
3548133.89233575342223 18.94737 9.76212861474824e-16
3548133.89233575342223 23.68421 1.00485676184316e-15
3548133.89233575342223 28.42105 1.04169725624829e-15
3548133.89233575342223 33.15789 1.08853678752799e-15
3548133.89233575342223 37.89474 1.14727522678358e-15
3548133.89233575342223 42.63158 1.22071857129946e-15
3548133.89233575342223 47.36842 1.31280144475563e-15
3548133.89233575342223 52.10526 1.43012279237920e-15
3548133.89233575342223 56.84211 1.58083471816373e-15
3548133.89233575342223 61.57895 1.77883328933022e-15
3548133.89233575342223 66.31579 2.04628703522039e-15
3548133.89233575342223 71.05263 2.41966957699990e-15
3548133.89233575342223 75.78947 2.96123172472936e-15
3548133.89233575342223 80.52632 3.76130692639222e-15
3548133.89233575342223 85.26316 4.75868093193401e-15
3548133.89233575342223 90.00000 4.26553985729176e-15
4466835.92150962632149 0.00000 3.99833829132811e-16
4466835.92150962632149 4.73684 4.01089106138787e-16
4466835.92150962632149 9.47368 4.04869636086952e-16
4466835.92150962632149 14.21053 4.11273991322211e-16
4466835.92150962632149 18.94737 4.20548055373266e-16
4466835.92150962632149 23.68421 4.33041950386636e-16
4466835.92150962632149 28.42105 4.49117259388059e-16
4466835.92150962632149 33.15789 4.69605350697637e-16
4466835.92150962632149 37.89474 4.95300141921100e-16
4466835.92150962632149 42.63158 5.27499477581157e-16
4466835.92150962632149 47.36842 5.67939400671630e-16
4466835.92150962632149 52.10526 6.19599101884904e-16
4466835.92150962632149 56.84211 6.86137678333407e-16
4466835.92150962632149 61.57895 7.73804020651439e-16
4466835.92150962632149 66.31579 8.92898345663494e-16
4466835.92150962632149 71.05263 1.06012859704897e-15
4466835.92150962632149 75.78947 1.30491734043231e-15
4466835.92150962632149 80.52632 1.67166185577954e-15
4466835.92150962632149 85.26316 2.14117611483978e-15
4466835.92150962632149 90.00000 1.94914263737143e-15
5623413.25190347898751 0.00000 1.71023136180323e-16
5623413.25190347898751 4.73684 1.71562689151576e-16
5623413.25190347898751 9.47368 1.73196066969903e-16
5623413.25190347898751 14.21053 1.75967924985559e-16
5623413.25190347898751 18.94737 1.79975823104729e-16
5623413.25190347898751 23.68421 1.85371806790923e-16
5623413.25190347898751 28.42105 1.92334611602569e-16
5623413.25190347898751 33.15789 2.01202512298079e-16
5623413.25190347898751 37.89474 2.12339406442269e-16
5623413.25190347898751 42.63158 2.26320791052322e-16
5623413.25190347898751 47.36842 2.43906270268812e-16
5623413.25190347898751 52.10526 2.66406641468596e-16
5623413.25190347898751 56.84211 2.95487178384886e-16
5623413.25190347898751 61.57895 3.33888773448810e-16
5623413.25190347898751 66.31579 3.86269097568968e-16
5623413.25190347898751 71.05263 4.60265177042441e-16
5623413.25190347898751 75.78947 5.69382970326197e-16
5623413.25190347898751 80.52632 7.34817561270647e-16
5623413.25190347898751 85.26316 9.51407982418016e-16
5623413.25190347898751 90.00000 8.77838486036202e-16
7079457.84384137298912 0.00000 7.25805011567986e-17
7079457.84384137298912 4.73684 7.28120551877699e-17
7079457.84384137298912 9.47368 7.35101586334276e-17
7079457.84384137298912 14.21053 7.46937801878177e-17
7079457.84384137298912 18.94737 7.64105236322524e-17
7079457.84384137298912 23.68421 7.87180286773628e-17
7079457.84384137298912 28.42105 8.17023150917949e-17
7079457.84384137298912 33.15789 8.55027050744430e-17
7079457.84384137298912 37.89474 9.02807209981381e-17
7079457.84384137298912 42.63158 9.62828368914967e-17
7079457.84384137298912 47.36842 1.03846120469655e-16
7079457.84384137298912 52.10526 1.13542198943383e-16
7079457.84384137298912 56.84211 1.26098665077681e-16
7079457.84384137298912 61.57895 1.42727894637099e-16
7079457.84384137298912 66.31579 1.65490557098180e-16
7079457.84384137298912 71.05263 1.97802993728749e-16
7079457.84384137298912 75.78947 2.45819710544614e-16
7079457.84384137298912 80.52632 3.19341508797537e-16
7079457.84384137298912 85.26316 4.17395309412826e-16
7079457.84384137298912 90.00000 3.90038154426279e-16
8912509.38133745826781 0.00000 3.08806738231837e-17
8912509.38133745826781 4.73684 3.09798004115645e-17
8912509.38133745826781 9.47368 3.12783793774295e-17
8912509.38133745826781 14.21053 3.17845292018941e-17
8912509.38133745826781 18.94737 3.25189148131732e-17
8912509.38133745826781 23.68421 3.35074637378875e-17
8912509.38133745826781 28.42105 3.47852827519774e-17
8912509.38133745826781 33.15789 3.64140926886043e-17
8912509.38133745826781 37.89474 3.84642708274520e-17
8912509.38133745826781 42.63158 4.10410930115225e-17
8912509.38133745826781 47.36842 4.42937209062791e-17
8912509.38133745826781 52.10526 4.84691543705603e-17
8912509.38133745826781 56.84211 5.38861873193306e-17
8912509.38133745826781 61.57895 6.10785086248555e-17
8912509.38133745826781 66.31579 7.09570769183385e-17
8912509.38133745826781 71.05263 8.50400356132865e-17
8912509.38133745826781 75.78947 1.06088521781533e-16
8912509.38133745826781 80.52632 1.38644011011597e-16
8912509.38133745826781 85.26316 1.82876815348672e-16
8912509.38133745826781 90.00000 1.73155700839526e-16
11220184.54301963001490 0.00000 1.31953921032725e-17
11220184.54301963001490 4.73684 1.32378134877768e-17
11220184.54301963001490 9.47368 1.33658312414208e-17
11220184.54301963001490 14.21053 1.35829755611721e-17
11220184.54301963001490 18.94737 1.38977254156776e-17
11220184.54301963001490 23.68421 1.43220030340964e-17
11220184.54301963001490 28.42105 1.48703015581583e-17
11220184.54301963001490 33.15789 1.55698299944945e-17
11220184.54301963001490 37.89474 1.64508986265244e-17
11220184.54301963001490 42.63158 1.75593813337676e-17
11220184.54301963001490 47.36842 1.89599064475504e-17
11220184.54301963001490 52.10526 2.07599721840218e-17
11220184.54301963001490 56.84211 2.30989098191783e-17
11220184.54301963001490 61.57895 2.62121443762941e-17
11220184.54301963001490 66.31579 3.04987007384433e-17
11220184.54301963001490 71.05263 3.66334422226736e-17
11220184.54301963001490 75.78947 4.58506088895919e-17
11220184.54301963001490 80.52632 6.02241328976951e-17
11220184.54301963001490 85.26316 8.00183032933426e-17
11220184.54301963001490 90.00000 7.64263804612568e-17
14125375.44622752629220 0.00000 5.64335444936693e-18
14125375.44622752629220 4.73684 5.66152534705563e-18
14125375.44622752629220 9.47368 5.71633405587614e-18
14125375.44622752629220 14.21053 5.80929169418287e-18
14125375.44622752629220 18.94737 5.94413676899233e-18
14125375.44622752629220 23.68421 6.12586647709063e-18
14125375.44622752629220 28.42105 6.36084663998945e-18
14125375.44622752629220 33.15789 6.66085253575540e-18
14125375.44622752629220 37.89474 7.03888149373727e-18
14125375.44622752629220 42.63158 7.51480578397404e-18
14125375.44622752629220 47.36842 8.11664679840718e-18
14125375.44622752629220 52.10526 8.89101511883323e-18
14125375.44622752629220 56.84211 9.89843044103733e-18
14125375.44622752629220 61.57895 1.12419310911558e-17
14125375.44622752629220 66.31579 1.30958434553996e-17
14125375.44622752629220 71.05263 1.57572025713059e-17
14125375.44622752629220 75.78947 1.97742447938864e-17
14125375.44622752629220 80.52632 2.60807516363566e-17
14125375.44622752629220 85.26316 3.48593385406047e-17
14125375.44622752629220 90.00000 3.34559733034049e-17
17782794.10038919001818 0.00000 2.40410155076060e-18
17782794.10038919001818 4.73684 2.41184152585232e-18
17782794.10038919001818 9.47368 2.43515695121696e-18
17782794.10038919001818 14.21053 2.47469000445550e-18
17782794.10038919001818 18.94737 2.53208278206416e-18
17782794.10038919001818 23.68421 2.60944446463117e-18
17782794.10038919001818 28.42105 2.70949760643765e-18
17782794.10038919001818 33.15789 2.83728185505096e-18
17782794.10038919001818 37.89474 2.99839228213568e-18
17782794.10038919001818 42.63158 3.20134703111777e-18
17782794.10038919001818 47.36842 3.45816544568143e-18
17782794.10038919001818 52.10526 3.78886705446973e-18
17782794.10038919001818 56.84211 4.21965129353631e-18
17782794.10038919001818 61.57895 4.79481399031791e-18
17782794.10038919001818 66.31579 5.59000858133498e-18
17782794.10038919001818 71.05263 6.73451099938891e-18
17782794.10038919001818 75.78947 8.46757462670803e-18
17782794.10038919001818 80.52632 1.12032979151402e-17
17782794.10038919001818 85.26316 1.50425759476269e-17
17782794.10038919001818 90.00000 1.44764177968680e-17
22387211.38568333163857 0.00000 1.01854204860745e-18
22387211.38568333163857 4.73684 1.02181592226682e-18
22387211.38568333163857 9.47368 1.03165501471873e-18
22387211.38568333163857 14.21053 1.04833283722274e-18
22387211.38568333163857 18.94737 1.07257504347078e-18
22387211.38568333163857 23.68421 1.10523712188340e-18
22387211.38568333163857 28.42105 1.14750089248406e-18
22387211.38568333163857 33.15789 1.20150190788166e-18
22387211.38568333163857 37.89474 1.26961686304261e-18
22387211.38568333163857 42.63158 1.35545651559928e-18
22387211.38568333163857 47.36842 1.46415393580470e-18
22387211.38568333163857 52.10526 1.60422644530661e-18
22387211.38568333163857 56.84211 1.78685177836712e-18
22387211.38568333163857 61.57895 2.03100754797560e-18
22387211.38568333163857 66.31579 2.36913973965435e-18
22387211.38568333163857 71.05263 2.85687247538639e-18
22387211.38568333163857 75.78947 3.59807354052518e-18
22387211.38568333163857 80.52632 4.77343181492854e-18
22387211.38568333163857 85.26316 6.43641156595505e-18
22387211.38568333163857 90.00000 6.23085965908854e-18
28183829.31264449656010 0.00000 4.36687201588814e-19
28183829.31264449656010 4.73684 4.38078984346141e-19
28183829.31264449656010 9.47368 4.42274106415978e-19
28183829.31264449656010 14.21053 4.49391657097524e-19
28183829.31264449656010 18.94737 4.59721601015123e-19
28183829.31264449656010 23.68421 4.73653699500571e-19
28183829.31264449656010 28.42105 4.91675217554037e-19
28183829.31264449656010 33.15789 5.14720524963386e-19
28183829.31264449656010 37.89474 5.43793482591461e-19
28183829.31264449656010 42.63158 5.80457012582690e-19
28183829.31264449656010 47.36842 6.26893908170983e-19
28183829.31264449656010 52.10526 6.86785979730901e-19
28183829.31264449656010 56.84211 7.64929344397613e-19
28183829.31264449656010 61.57895 8.69513851604101e-19
28183829.31264449656010 66.31579 1.01456137561769e-18
28183829.31264449656010 71.05263 1.22419983607534e-18
28183829.31264449656010 75.78947 1.54372852698573e-18
28183829.31264449656010 80.52632 2.05265565668928e-18
28183829.31264449656010 85.26316 2.77827081084043e-18
28183829.31264449656010 90.00000 2.70162103270747e-18
35481338.92335753142834 0.00000 1.86812575393672e-19
35481338.92335753142834 4.73684 1.87399679900050e-19
35481338.92335753142834 9.47368 1.89179030966969e-19
35481338.92335753142834 14.21053 1.92201229623987e-19
35481338.92335753142834 18.94737 1.96574047385139e-19
35481338.92335753142834 23.68421 2.02487277480948e-19
35481338.92335753142834 28.42105 2.10131114203483e-19
35481338.92335753142834 33.15789 2.19902280907311e-19
35481338.92335753142834 37.89474 2.32236694697200e-19
35481338.92335753142834 42.63158 2.47802573011866e-19
35481338.92335753142834 47.36842 2.67514160276741e-19
35481338.92335753142834 52.10526 2.92960587530188e-19
35481338.92335753142834 56.84211 3.26169415322817e-19
35481338.92335753142834 61.57895 3.70654621685059e-19
35481338.92335753142834 66.31579 4.32406196280668e-19
35481338.92335753142834 71.05263 5.21773348871995e-19
35481338.92335753142834 75.78947 6.58218007443265e-19
35481338.92335753142834 80.52632 8.76058039161035e-19
35481338.92335753142834 85.26316 1.18732842214860e-18
35481338.92335753142834 90.00000 1.14946411559807e-18
44668359.21509625762701 0.00000 7.90070976904029e-20
44668359.21509625762701 4.73684 7.92535309620154e-20
44668359.21509625762701 9.47368 7.99958551839320e-20
44668359.21509625762701 14.21053 8.12539235065493e-20
44668359.21509625762701 18.94737 8.30825291896179e-20
44668359.21509625762701 23.68421 8.55475928102100e-20
44668359.21509625762701 28.42105 8.87421471502829e-20
44668359.21509625762701 33.15789 9.28214683547990e-20
44668359.21509625762701 37.89474 9.79729669374660e-20
44668359.21509625762701 42.63158 1.04474758622823e-19
44668359.21509625762701 47.36842 1.12712448801298e-19
44668359.21509625762701 52.10526 1.23347689775181e-19
44668359.21509625762701 56.84211 1.37236929581994e-19
44668359.21509625762701 61.57895 1.55855427320994e-19
44668359.21509625762701 66.31579 1.81719876164606e-19
44668359.21509625762701 71.05263 2.19190597529919e-19
44668359.21509625762701 75.78947 2.76490892207317e-19
44668359.21509625762701 80.52632 3.68150508160031e-19
44668359.21509625762701 85.26316 4.99387866618886e-19
44668359.21509625762701 90.00000 4.83048300296987e-19
56234132.51903479546309 0.00000 3.35010845959772e-20
56234132.51903479546309 4.73684 3.36048505522802e-20
56234132.51903479546309 9.47368 3.39137494221703e-20
56234132.51903479546309 14.21053 3.44363675043139e-20
56234132.51903479546309 18.94737 3.51996118015657e-20
56234132.51903479546309 23.68421 3.62272903135817e-20
56234132.51903479546309 28.42105 3.75577294419705e-20
56234132.51903479546309 33.15789 3.92595279312430e-20
56234132.51903479546309 37.89474 4.14079197778377e-20
56234132.51903479546309 42.63158 4.41207636137782e-20
56234132.51903479546309 47.36842 4.75579688303135e-20
56234132.51903479546309 52.10526 5.19966086310060e-20
56234132.51903479546309 56.84211 5.77977451328596e-20
56234132.51903479546309 61.57895 6.55783122454186e-20
56234132.51903479546309 66.31579 7.63964713683757e-20
56234132.51903479546309 71.05263 9.20841508222207e-20
56234132.51903479546309 75.78947 1.16113626712425e-19
56234132.51903479546309 80.52632 1.54642295437399e-19
56234132.51903479546309 85.26316 2.10010382048075e-19
56234132.51903479546309 90.00000 2.03595385005489e-19
70794578.43841359019279 0.00000 1.42762157810592e-20
70794578.43841359019279 4.73684 1.43196184775072e-20
70794578.43841359019279 9.47368 1.44483702096082e-20
70794578.43841359019279 14.21053 1.46659290800422e-20
70794578.43841359019279 18.94737 1.49842960777747e-20
70794578.43841359019279 23.68421 1.54126676258127e-20
70794578.43841359019279 28.42105 1.59669739756768e-20
70794578.43841359019279 33.15789 1.66774940401732e-20
70794578.43841359019279 37.89474 1.75736045992016e-20
70794578.43841359019279 42.63158 1.87046948467301e-20
70794578.43841359019279 47.36842 2.01393200902609e-20
70794578.43841359019279 52.10526 2.19924866802241e-20
70794578.43841359019279 56.84211 2.44144046759388e-20
70794578.43841359019279 61.57895 2.76635330332737e-20
70794578.43841359019279 66.31579 3.21834131435211e-20
70794578.43841359019279 71.05263 3.87434870229787e-20
70794578.43841359019279 75.78947 4.87996778671359e-20
70794578.43841359019279 80.52632 6.49411127507504e-20
70794578.43841359019279 85.26316 8.81366081805183e-20
70794578.43841359019279 90.00000 8.49899557770021e-20
89125093.81337440013885 0.00000 6.00721273820294e-21
89125093.81337440013885 4.73684 6.02478883639536e-21
89125093.81337440013885 9.47368 6.07734062154849e-21
89125093.81337440013885 14.21053 6.16664645307367e-21
89125093.81337440013885 18.94737 6.29640612549854e-21
89125093.81337440013885 23.68421 6.47136172055638e-21
89125093.81337440013885 28.42105 6.69795515471412e-21
89125093.81337440013885 33.15789 6.98808085691102e-21
89125093.81337440013885 37.89474 7.35383026356978e-21
89125093.81337440013885 42.63158 7.81574838653436e-21
89125093.81337440013885 47.36842 8.40208628823430e-21
89125093.81337440013885 52.10526 9.15965772047905e-21
89125093.81337440013885 56.84211 1.01491753344059e-20
89125093.81337440013885 61.57895 1.14773957436627e-20
89125093.81337440013885 66.31579 1.33251882998629e-20
89125093.81337440013885 71.05263 1.60089435561270e-20
89125093.81337440013885 75.78947 2.01234055853576e-20
89125093.81337440013885 80.52632 2.67300573779536e-20
89125093.81337440013885 85.26316 3.61964573404434e-20
89125093.81337440013885 90.00000 3.46620453778588e-20
112201845.43019630014896 0.00000 2.53064134776395e-21
112201845.43019630014896 4.73684 2.53763264057914e-21
112201845.43019630014896 9.47368 2.55903415890287e-21
112201845.43019630014896 14.21053 2.59551082042931e-21
112201845.43019630014896 18.94737 2.64801755950758e-21
112201845.43019630014896 23.68421 2.71917933873802e-21
112201845.43019630014896 28.42105 2.81105084884797e-21
112201845.43019630014896 33.15789 2.92875458594804e-21
112201845.43019630014896 37.89474 3.07727611658218e-21
112201845.43019630014896 42.63158 3.26496549521219e-21
112201845.43019630014896 47.36842 3.50311445258258e-21
112201845.43019630014896 52.10526 3.81076627178054e-21
112201845.43019630014896 56.84211 4.21301609871352e-21
112201845.43019630014896 61.57895 4.75289733807753e-21
112201845.43019630014896 66.31579 5.50447018437000e-21
112201845.43019630014896 71.05263 6.59642247659389e-21
112201845.43019630014896 75.78947 8.27243708709487e-21
112201845.43019630014896 80.52632 1.09660725326260e-20
112201845.43019630014896 85.26316 1.48315391877576e-20
112201845.43019630014896 90.00000 1.42349348174236e-20
141253754.46227526664734 0.00000 1.07898820922904e-21
141253754.46227526664734 4.73684 1.08183494027060e-21
141253754.46227526664734 9.47368 1.09057503277487e-21
141253754.46227526664734 14.21053 1.10548473048173e-21
141253754.46227526664734 18.94737 1.12692939687463e-21
141253754.46227526664734 23.68421 1.15590775745738e-21
141253754.46227526664734 28.42105 1.19348274260362e-21
141253754.46227526664734 33.15789 1.24156211739640e-21
141253754.46227526664734 37.89474 1.30218682575930e-21
141253754.46227526664734 42.63158 1.37892420212709e-21
141253754.46227526664734 47.36842 1.47618259361621e-21
141253754.46227526664734 52.10526 1.60171924624839e-21
141253754.46227526664734 56.84211 1.76614668229545e-21
141253754.46227526664734 61.57895 1.98673489489443e-21
141253754.46227526664734 66.31579 2.29400589664097e-21
141253754.46227526664734 71.05263 2.74053715664378e-21
141253754.46227526664734 75.78947 3.42640229981807e-21
141253754.46227526664734 80.52632 4.52936895449983e-21
141253754.46227526664734 85.26316 6.11355482607250e-21
141253754.46227526664734 90.00000 5.85290746298751e-21
177827941.00389194488525 0.00000 4.59438110881691e-22
177827941.00389194488525 4.73684 4.60609747970927e-22
177827941.00389194488525 9.47368 4.64138000915226e-22
177827941.00389194488525 14.21053 4.70094096159440e-22
177827941.00389194488525 18.94737 4.78741083919152e-22
177827941.00389194488525 23.68421 4.90483288206983e-22
177827941.00389194488525 28.42105 5.05637497097084e-22
177827941.00389194488525 33.15789 5.25063796778675e-22
177827941.00389194488525 37.89474 5.49492371868066e-22
177827941.00389194488525 42.63158 5.80452870414531e-22
177827941.00389194488525 47.36842 6.19681181764155e-22
177827941.00389194488525 52.10526 6.70398479657398e-22
177827941.00389194488525 56.84211 7.36692242029535e-22
177827941.00389194488525 61.57895 8.25695758675604e-22
177827941.00389194488525 66.31579 9.49650390239303e-22
177827941.00389194488525 71.05263 1.12982185302760e-21
177827941.00389194488525 75.78947 1.40651409299429e-21
177827941.00389194488525 80.52632 1.85099485680761e-21
177827941.00389194488525 85.26316 2.48686806477932e-21
177827941.00389194488525 90.00000 2.35800229003772e-21
223872113.85683333873749 0.00000 1.93831818143772e-22
223872113.85683333873749 4.73684 1.94301072117280e-22
223872113.85683333873749 9.47368 1.95681179550928e-22
223872113.85683333873749 14.21053 1.98033361172507e-22
223872113.85683333873749 18.94737 2.01450979707332e-22
223872113.85683333873749 23.68421 2.06077518388182e-22
223872113.85683333873749 28.42105 2.12015720019616e-22
223872113.85683333873749 33.15789 2.19678169643002e-22
223872113.85683333873749 37.89474 2.29329823175379e-22
223872113.85683333873749 42.63158 2.41518952286613e-22
223872113.85683333873749 47.36842 2.56951513180978e-22
223872113.85683333873749 52.10526 2.76947485206311e-22
223872113.85683333873749 56.84211 3.03078922040051e-22
223872113.85683333873749 61.57895 3.38132429358445e-22
223872113.85683333873749 66.31579 3.86994593996057e-22
223872113.85683333873749 71.05263 4.57965661743930e-22
223872113.85683333873749 75.78947 5.67067804769306e-22
223872113.85683333873749 80.52632 7.42144023139351e-22
223872113.85683333873749 85.26316 9.91904562394604e-22
223872113.85683333873749 90.00000 9.37954640296053e-22
281838293.12644493579865 0.00000 8.30306688707361e-23
281838293.12644493579865 4.73684 8.32140697176179e-23
281838293.12644493579865 9.47368 8.37667595246192e-23
281838293.12644493579865 14.21053 8.46996173078393e-23
281838293.12644493579865 18.94737 8.60668449696914e-23
281838293.12644493579865 23.68421 8.78959358195472e-23
281838293.12644493579865 28.42105 9.02537065661823e-23
281838293.12644493579865 33.15789 9.32932079864222e-23
281838293.12644493579865 37.89474 9.71384904290085e-23
281838293.12644493579865 42.63158 1.01973275343190e-22
281838293.12644493579865 47.36842 1.08108934267019e-22
281838293.12644493579865 52.10526 1.16050836314877e-22
281838293.12644493579865 56.84211 1.26415304541671e-22
281838293.12644493579865 61.57895 1.40357808962230e-22
281838293.12644493579865 66.31579 1.59765832013563e-22
281838293.12644493579865 71.05263 1.87977944420265e-22
281838293.12644493579865 75.78947 2.31336113541929e-22
281838293.12644493579865 80.52632 3.01055271029490e-22
281838293.12644493579865 85.26316 4.00498267180514e-22
281838293.12644493579865 90.00000 3.79576505294454e-22
354813389.23357540369034 0.00000 3.58549106335696e-23
354813389.23357540369034 4.73684 3.59291572673426e-23
354813389.23357540369034 9.47368 3.61459035310672e-23
354813389.23357540369034 14.21053 3.65157805911908e-23
354813389.23357540369034 18.94737 3.70546414091227e-23
354813389.23357540369034 23.68421 3.77815046549328e-23
354813389.23357540369034 28.42105 3.87139619649791e-23
354813389.23357540369034 33.15789 3.99203674178413e-23
354813389.23357540369034 37.89474 4.14368904246409e-23
354813389.23357540369034 42.63158 4.33507953381512e-23
354813389.23357540369034 47.36842 4.57858564746269e-23
354813389.23357540369034 52.10526 4.89238846279415e-23
354813389.23357540369034 56.84211 5.30301956586430e-23
354813389.23357540369034 61.57895 5.85386287209528e-23
354813389.23357540369034 66.31579 6.62172587491794e-23
354813389.23357540369034 71.05263 7.73811135290057e-23
354813389.23357540369034 75.78947 9.45284157849574e-23
354813389.23357540369034 80.52632 1.22074786682448e-22
354813389.23357540369034 85.26316 1.61275954364765e-22
354813389.23357540369034 90.00000 1.51970854610304e-22
446683592.15096259117126 0.00000 1.56046439422605e-23
446683592.15096259117126 4.73684 1.56333305198796e-23
446683592.15096259117126 9.47368 1.57198429016183e-23
446683592.15096259117126 14.21053 1.58657883956111e-23
446683592.15096259117126 18.94737 1.60780408470108e-23
446683592.15096259117126 23.68421 1.63644805772949e-23
446683592.15096259117126 28.42105 1.67352342521445e-23
446683592.15096259117126 33.15789 1.72114712777190e-23
446683592.15096259117126 37.89474 1.78096210930234e-23
446683592.15096259117126 42.63158 1.85649955748449e-23
446683592.15096259117126 47.36842 1.95254171496819e-23
446683592.15096259117126 52.10526 2.07657773975070e-23
446683592.15096259117126 56.84211 2.23870931756246e-23
446683592.15096259117126 61.57895 2.45604342985092e-23
446683592.15096259117126 66.31579 2.75908733605614e-23
446683592.15096259117126 71.05263 3.19931674409434e-23
446683592.15096259117126 75.78947 3.87570100529810e-23
446683592.15096259117126 80.52632 4.96145456522398e-23
446683592.15096259117126 85.26316 6.50273685603489e-23
446683592.15096259117126 90.00000 6.10105664700055e-23
562341325.19034790992737 0.00000 6.82459938835021e-24
562341325.19034790992737 4.73684 6.83656425801670e-24
562341325.19034790992737 9.47368 6.87011195625923e-24
562341325.19034790992737 14.21053 6.92617772404971e-24
562341325.19034790992737 18.94737 7.01021790193845e-24
562341325.19034790992737 23.68421 7.12221101872732e-24
562341325.19034790992737 28.42105 7.26740065854903e-24
562341325.19034790992737 33.15789 7.45315427125724e-24
562341325.19034790992737 37.89474 7.68829959614715e-24
562341325.19034790992737 42.63158 7.98327054987563e-24
562341325.19034790992737 47.36842 8.35866583885066e-24
562341325.19034790992737 52.10526 8.84395516990377e-24
562341325.19034790992737 56.84211 9.47767590124506e-24
562341325.19034790992737 61.57895 1.03281056666084e-23
562341325.19034790992737 66.31579 1.15099484526756e-23
562341325.19034790992737 71.05263 1.32304978585282e-23
562341325.19034790992737 75.78947 1.58647385304303e-23
562341325.19034790992737 80.52632 2.00948633103360e-23
562341325.19034790992737 85.26316 2.60554455855385e-23
562341325.19034790992737 90.00000 2.41806794168632e-23
707945784.38413584232330 0.00000 2.98252662303814e-24
707945784.38413584232330 4.73684 2.98698630751176e-24
707945784.38413584232330 9.47368 2.99973475293208e-24
707945784.38413584232330 14.21053 3.02156822490087e-24
707945784.38413584232330 18.94737 3.05308686488228e-24
707945784.38413584232330 23.68421 3.09639372435934e-24
707945784.38413584232330 28.42105 3.15122073937893e-24
707945784.38413584232330 33.15789 3.22253312801417e-24
707945784.38413584232330 37.89474 3.31221511080273e-24
707945784.38413584232330 42.63158 3.42496795114257e-24
707945784.38413584232330 47.36842 3.56815655195121e-24
707945784.38413584232330 52.10526 3.75239558923996e-24
707945784.38413584232330 56.84211 3.99443066245694e-24
707945784.38413584232330 61.57895 4.31788858685420e-24
707945784.38413584232330 66.31579 4.76767045208004e-24
707945784.38413584232330 71.05263 5.42165943658679e-24
707945784.38413584232330 75.78947 6.42352406775366e-24
707945784.38413584232330 80.52632 8.02437342618930e-24
707945784.38413584232330 85.26316 1.02689202717024e-23
707945784.38413584232330 90.00000 9.45567579510678e-24
891250938.13374412059784 0.00000 1.32143384423104e-24
891250938.13374412059784 4.73684 1.32307803382172e-24
891250938.13374412059784 9.47368 1.32804133284910e-24
891250938.13374412059784 14.21053 1.33642987854840e-24
891250938.13374412059784 18.94737 1.34856598429765e-24
891250938.13374412059784 23.68421 1.36498610805258e-24
891250938.13374412059784 28.42105 1.38616407900045e-24
891250938.13374412059784 33.15789 1.41336500988580e-24
891250938.13374412059784 37.89474 1.44759444579960e-24
891250938.13374412059784 42.63158 1.49080989387132e-24
891250938.13374412059784 47.36842 1.54548132192778e-24
891250938.13374412059784 52.10526 1.61612033149369e-24
891250938.13374412059784 56.84211 1.70828364643821e-24
891250938.13374412059784 61.57895 1.83178465474284e-24
891250938.13374412059784 66.31579 2.00358095716299e-24
891250938.13374412059784 71.05263 2.25273389866923e-24
891250938.13374412059784 75.78947 2.63551307024150e-24
891250938.13374412059784 80.52632 3.24522125702574e-24
891250938.13374412059784 85.26316 4.09873301475608e-24
891250938.13374412059784 90.00000 3.78109154008222e-24
1122018454.30196285247803 0.00000 5.95048047492667e-25
1122018454.30196285247803 4.73684 5.95742019218570e-25
1122018454.30196285247803 9.47368 5.97660106914645e-25
1122018454.30196285247803 14.21053 6.00863436863271e-25
1122018454.30196285247803 18.94737 6.05712133831398e-25
1122018454.30196285247803 23.68421 6.12071294606219e-25
1122018454.30196285247803 28.42105 6.20357450439952e-25
1122018454.30196285247803 33.15789 6.30912169107754e-25
1122018454.30196285247803 37.89474 6.44288303347122e-25
1122018454.30196285247803 42.63158 6.61059961309822e-25
1122018454.30196285247803 47.36842 6.82319767817978e-25
1122018454.30196285247803 52.10526 7.09854753418766e-25
1122018454.30196285247803 56.84211 7.45597044482980e-25
1122018454.30196285247803 61.57895 7.93351979724373e-25
1122018454.30196285247803 66.31579 8.59773594838086e-25
1122018454.30196285247803 71.05263 9.56268301096688e-25
1122018454.30196285247803 75.78947 1.10382020150483e-24
1122018454.30196285247803 80.52632 1.33938795789482e-24
1122018454.30196285247803 85.26316 1.66598425074854e-24
1122018454.30196285247803 90.00000 1.52641848907870e-24
1412537544.62275242805481 0.00000 2.69288744816404e-25
1412537544.62275242805481 4.73684 2.69550090496523e-25
1412537544.62275242805481 9.47368 2.70290350940777e-25
1412537544.62275242805481 14.21053 2.71558365976928e-25
1412537544.62275242805481 18.94737 2.73410714777781e-25
1412537544.62275242805481 23.68421 2.75896358621848e-25
1412537544.62275242805481 28.42105 2.79059585119373e-25
1412537544.62275242805481 33.15789 2.83153534098028e-25
1412537544.62275242805481 37.89474 2.88320750209610e-25
1412537544.62275242805481 42.63158 2.94771842764582e-25
1412537544.62275242805481 47.36842 3.02933776648476e-25
1412537544.62275242805481 52.10526 3.13449511773467e-25
1412537544.62275242805481 56.84211 3.27049578003508e-25
1412537544.62275242805481 61.57895 3.45309571250445e-25
1412537544.62275242805481 66.31579 3.70556009449594e-25
1412537544.62275242805481 71.05263 4.07165677716068e-25
1412537544.62275242805481 75.78947 4.63015794115949e-25
1412537544.62275242805481 80.52632 5.51750069397277e-25
1412537544.62275242805481 85.26316 6.73753851011387e-25
1412537544.62275242805481 90.00000 6.10185034759367e-25
1778279410.03891897201538 0.00000 1.23409754205652e-25
1778279410.03891897201538 4.73684 1.23507437207652e-25
1778279410.03891897201538 9.47368 1.23802109000976e-25
1778279410.03891897201538 14.21053 1.24299249348003e-25
1778279410.03891897201538 18.94737 1.25016233656225e-25
1778279410.03891897201538 23.68421 1.25983715939638e-25
1778279410.03891897201538 28.42105 1.27225267455479e-25
1778279410.03891897201538 33.15789 1.28814367975650e-25
1778279410.03891897201538 37.89474 1.30801553360791e-25
1778279410.03891897201538 42.63158 1.33296397833635e-25
1778279410.03891897201538 47.36842 1.36431116535784e-25
1778279410.03891897201538 52.10526 1.40470661882688e-25
1778279410.03891897201538 56.84211 1.45678519704412e-25
1778279410.03891897201538 61.57895 1.52633666932848e-25
1778279410.03891897201538 66.31579 1.62220246967056e-25
1778279410.03891897201538 71.05263 1.76087076198768e-25
1778279410.03891897201538 75.78947 1.97204200786218e-25
1778279410.03891897201538 80.52632 2.30527898208279e-25
1778279410.03891897201538 85.26316 2.76069590419850e-25
1778279410.03891897201538 90.00000 2.49041246699749e-25
2238721138.56833314895630 0.00000 5.72709465902053e-26
2238721138.56833314895630 4.73684 5.73119644920673e-26
2238721138.56833314895630 9.47368 5.74276415477655e-26
2238721138.56833314895630 14.21053 5.76252182967964e-26
2238721138.56833314895630 18.94737 5.79136263479627e-26
2238721138.56833314895630 23.68421 5.82958643581111e-26
2238721138.56833314895630 28.42105 5.87892123237557e-26
2238721138.56833314895630 33.15789 5.94163101195046e-26
2238721138.56833314895630 37.89474 6.01931008738717e-26
2238721138.56833314895630 42.63158 6.11709927953126e-26
2238721138.56833314895630 47.36842 6.23862945090132e-26
2238721138.56833314895630 52.10526 6.39501171293071e-26
2238721138.56833314895630 56.84211 6.59651442215016e-26
2238721138.56833314895630 61.57895 6.86228167512347e-26
2238721138.56833314895630 66.31579 7.22849168557575e-26
2238721138.56833314895630 71.05263 7.75439258379847e-26
2238721138.56833314895630 75.78947 8.55042449288726e-26
2238721138.56833314895630 80.52632 9.80350146613281e-26
2238721138.56833314895630 85.26316 1.14948558241209e-25
2238721138.56833314895630 90.00000 1.03149425903850e-25
2818382931.26445007324219 0.00000 2.69143119132379e-26
2818382931.26445007324219 4.73684 2.69306122874051e-26
2818382931.26445007324219 9.47368 2.69796749012887e-26
2818382931.26445007324219 14.21053 2.70626503999762e-26
2818382931.26445007324219 18.94737 2.71813635702219e-26
2818382931.26445007324219 23.68421 2.73408502312715e-26
2818382931.26445007324219 28.42105 2.75435404618317e-26
2818382931.26445007324219 33.15789 2.78014064133506e-26
2818382931.26445007324219 37.89474 2.81194181064010e-26
2818382931.26445007324219 42.63158 2.85146804253204e-26
2818382931.26445007324219 47.36842 2.90042203102979e-26
2818382931.26445007324219 52.10526 2.96273290624782e-26
2818382931.26445007324219 56.84211 3.04228448838738e-26
2818382931.26445007324219 61.57895 3.14668163037847e-26
2818382931.26445007324219 66.31579 3.28901645571062e-26
2818382931.26445007324219 71.05263 3.49253892059203e-26
2818382931.26445007324219 75.78947 3.79882153994040e-26
2818382931.26445007324219 80.52632 4.27723459251362e-26
2818382931.26445007324219 85.26316 4.91369877395897e-26
2818382931.26445007324219 90.00000 4.40502505819971e-26
3548133892.33575296401978 0.00000 1.28135568219236e-26
3548133892.33575296401978 4.73684 1.28209416685093e-26
3548133892.33575296401978 9.47368 1.28424996934440e-26
3548133892.33575296401978 14.21053 1.28789693373007e-26
3548133892.33575296401978 18.94737 1.29315965871806e-26
3548133892.33575296401978 23.68421 1.30010993752397e-26
3548133892.33575296401978 28.42105 1.30901728369772e-26
3548133892.33575296401978 33.15789 1.32011858384795e-26
3548133892.33575296401978 37.89474 1.33384888548601e-26
3548133892.33575296401978 42.63158 1.35067348594528e-26
3548133892.33575296401978 47.36842 1.37140210504383e-26
3548133892.33575296401978 52.10526 1.39738561682579e-26
3548133892.33575296401978 56.84211 1.43032794706452e-26
3548133892.33575296401978 61.57895 1.47294269500425e-26
3548133892.33575296401978 66.31579 1.53056506545624e-26
3548133892.33575296401978 71.05263 1.61159959015981e-26
3548133892.33575296401978 75.78947 1.73213174756610e-26
3548133892.33575296401978 80.52632 1.92006351153790e-26
3548133892.33575296401978 85.26316 2.16376861812930e-26
3548133892.33575296401978 90.00000 1.92805774639733e-26
4466835921.50962543487549 0.00000 6.13869970143477e-27
4466835921.50962543487549 4.73684 6.14197237392843e-27
4466835921.50962543487549 9.47368 6.15179763675741e-27
4466835921.50962543487549 14.21053 6.16834373678996e-27
4466835921.50962543487549 18.94737 6.19191164779944e-27
4466835921.50962543487549 23.68421 6.22326255785467e-27
4466835921.50962543487549 28.42105 6.26284074854556e-27
4466835921.50962543487549 33.15789 6.31199411890320e-27
4466835921.50962543487549 37.89474 6.37222790563717e-27
4466835921.50962543487549 42.63158 6.44551823635751e-27
4466835921.50962543487549 47.36842 6.53432450764989e-27
4466835921.50962543487549 52.10526 6.64465287279072e-27
4466835921.50962543487549 56.84211 6.78207820971478e-27
4466835921.50962543487549 61.57895 6.95752522186505e-27
4466835921.50962543487549 66.31579 7.19079711462105e-27
4466835921.50962543487549 71.05263 7.51387282778106e-27
4466835921.50962543487549 75.78947 7.98640719157635e-27
4466835921.50962543487549 80.52632 8.70608171275352e-27
4466835921.50962543487549 85.26316 9.61140166540773e-27
4466835921.50962543487549 90.00000 8.48294059066567e-27
5623413251.90347957611084 0.00000 2.96092727433237e-27
5623413251.90347957611084 4.73684 2.96248497043876e-27
5623413251.90347957611084 9.47368 2.96708712335849e-27
5623413251.90347957611084 14.21053 2.97481861006661e-27
5623413251.90347957611084 18.94737 2.98587200906611e-27
5623413251.90347957611084 23.68421 3.00046468524839e-27
5623413251.90347957611084 28.42105 3.01874498173993e-27
5623413251.90347957611084 33.15789 3.04138504373188e-27
5623413251.90347957611084 37.89474 3.06882265781855e-27
5623413251.90347957611084 42.63158 3.10188003051925e-27
5623413251.90347957611084 47.36842 3.14159193372894e-27
5623413251.90347957611084 52.10526 3.19001656212713e-27
5623413251.90347957611084 56.84211 3.24957152084474e-27
5623413251.90347957611084 61.57895 3.32398886696465e-27
5623413251.90347957611084 66.31579 3.42079795812468e-27
5623413251.90347957611084 71.05263 3.55248951418445e-27
5623413251.90347957611084 75.78947 3.74108345441296e-27
5623413251.90347957611084 80.52632 4.02065461629252e-27
5623413251.90347957611084 85.26316 4.35855445793443e-27
5623413251.90347957611084 90.00000 3.83490726539376e-27
7079457843.84135913848877 0.00000 1.43262935169462e-27
7079457843.84135913848877 4.73684 1.43338773410911e-27
7079457843.84135913848877 9.47368 1.43564498206382e-27
7079457843.84135913848877 14.21053 1.43942131620684e-27
7079457843.84135913848877 18.94737 1.44481845275182e-27
7079457843.84135913848877 23.68421 1.45189341580403e-27
7079457843.84135913848877 28.42105 1.46074987368186e-27
7079457843.84135913848877 33.15789 1.47163751149752e-27
7079457843.84135913848877 37.89474 1.48473089650027e-27
7079457843.84135913848877 42.63158 1.50035695006270e-27
7079457843.84135913848877 47.36842 1.51893785658546e-27
7079457843.84135913848877 52.10526 1.54127439265982e-27
7079457843.84135913848877 56.84211 1.56825384051743e-27
7079457843.84135913848877 61.57895 1.60145373444462e-27
7079457843.84135913848877 66.31579 1.64361583543185e-27
7079457843.84135913848877 71.05263 1.69926583290674e-27
7079457843.84135913848877 75.78947 1.77674098463299e-27
7079457843.84135913848877 80.52632 1.88866300140029e-27
7079457843.84135913848877 85.26316 2.01630439177049e-27
7079457843.84135913848877 90.00000 1.76856298330324e-27
8912509381.33744239807129 0.00000 6.96145097178824e-28
8912509381.33744239807129 4.73684 6.96526796405642e-28
8912509381.33744239807129 9.47368 6.97669003144793e-28
8912509381.33744239807129 14.21053 6.99587449241197e-28
8912509381.33744239807129 18.94737 7.02310972214640e-28
8912509381.33744239807129 23.68421 7.05885535367065e-28
8912509381.33744239807129 28.42105 7.10335134237298e-28
8912509381.33744239807129 33.15789 7.15787163195819e-28
8912509381.33744239807129 37.89474 7.22316801148094e-28
8912509381.33744239807129 42.63158 7.30049240597525e-28
8912509381.33744239807129 47.36842 7.39169941800029e-28
8912509381.33744239807129 52.10526 7.50008204467864e-28
8912509381.33744239807129 56.84211 7.62923480572977e-28
8912509381.33744239807129 61.57895 7.78512069634584e-28
8912509381.33744239807129 66.31579 7.97856615849266e-28
8912509381.33744239807129 71.05263 8.22745573270671e-28
8912509381.33744239807129 75.78947 8.56290143414076e-28
8912509381.33744239807129 80.52632 9.02566079068228e-28
8912509381.33744239807129 85.26316 9.52129912006540e-28
8912509381.33744239807129 90.00000 8.31790753742290e-28
11220184543.01963043212891 0.00000 3.38266459099632e-28
11220184543.01963043212891 4.73684 3.38460395204776e-28
11220184543.01963043212891 9.47368 3.39048717684699e-28
11220184543.01963043212891 14.21053 3.40033113737585e-28
11220184543.01963043212891 18.94737 3.41420672031611e-28
11220184543.01963043212891 23.68421 3.43253470544007e-28
11220184543.01963043212891 28.42105 3.45521059823781e-28
11220184543.01963043212891 33.15789 3.48297219231569e-28
11220184543.01963043212891 37.89474 3.51605028075417e-28
11220184543.01963043212891 42.63158 3.55509323334325e-28
11220184543.01963043212891 47.36842 3.60081583300569e-28
11220184543.01963043212891 52.10526 3.65467451671795e-28
11220184543.01963043212891 56.84211 3.71802959907302e-28
11220184543.01963043212891 61.57895 3.79334373108255e-28
11220184543.01963043212891 66.31579 3.88471615282168e-28
11220184543.01963043212891 71.05263 3.99871325039626e-28
11220184543.01963043212891 75.78947 4.14643796421730e-28
11220184543.01963043212891 80.52632 4.34008978981117e-28
11220184543.01963043212891 85.26316 4.52741166232210e-28
11220184543.01963043212891 90.00000 3.93191644702395e-28
14125375446.22752571105957 0.00000 1.64346061093636e-28
14125375446.22752571105957 4.73684 1.64447166366276e-28
14125375446.22752571105957 9.47368 1.64749589141827e-28
14125375446.22752571105957 14.21053 1.65257303772494e-28
14125375446.22752571105957 18.94737 1.65976478904717e-28
14125375446.22752571105957 23.68421 1.66921825435550e-28
14125375446.22752571105957 28.42105 1.68093258405012e-28
14125375446.22752571105957 33.15789 1.69524080317353e-28
14125375446.22752571105957 37.89474 1.71226463658783e-28
14125375446.22752571105957 42.63158 1.73228645716131e-28
14125375446.22752571105957 47.36842 1.75569302360581e-28
14125375446.22752571105957 52.10526 1.78310860512710e-28
14125375446.22752571105957 56.84211 1.81506824010801e-28
14125375446.22752571105957 61.57895 1.85263060450372e-28
14125375446.22752571105957 66.31579 1.89741124958271e-28
14125375446.22752571105957 71.05263 1.95178686578413e-28
14125375446.22752571105957 75.78947 2.01950568809892e-28
14125375446.22752571105957 80.52632 2.10393771066609e-28
14125375446.22752571105957 85.26316 2.17610706318944e-28
14125375446.22752571105957 90.00000 1.88560444559908e-28
17782794100.38919067382812 0.00000 7.98729743284491e-29
17782794100.38919067382812 4.73684 7.99246576175054e-29
17782794100.38919067382812 9.47368 8.00818536443581e-29
17782794100.38919067382812 14.21053 8.03432738741093e-29
17782794100.38919067382812 18.94737 8.07172622652008e-29
17782794100.38919067382812 23.68421 8.12045574961784e-29
17782794100.38919067382812 28.42105 8.18125086386162e-29
17782794100.38919067382812 33.15789 8.25524729103958e-29
17782794100.38919067382812 37.89474 8.34350452886079e-29
17782794100.38919067382812 42.63158 8.44730879037635e-29
17782794100.38919067382812 47.36842 8.56849298872750e-29
17782794100.38919067382812 52.10526 8.70990108749431e-29
17782794100.38919067382812 56.84211 8.87433351741733e-29
17782794100.38919067382812 61.57895 9.06631590544812e-29
17782794100.38919067382812 66.31579 9.29234406240491e-29
17782794100.38919067382812 71.05263 9.56144523412439e-29
17782794100.38919067382812 75.78947 9.88592534671811e-29
17782794100.38919067382812 80.52632 1.02694632376630e-28
17782794100.38919067382812 85.26316 1.05569899858311e-28
17782794100.38919067382812 90.00000 9.13141570176135e-29
22387211385.68337631225586 0.00000 3.88334954088167e-29
22387211385.68337631225586 4.73684 3.88604460035514e-29
22387211385.68337631225586 9.47368 3.89410945219070e-29
22387211385.68337631225586 14.21053 3.90763478138508e-29
22387211385.68337631225586 18.94737 3.92687720501921e-29
22387211385.68337631225586 23.68421 3.95209780295020e-29
22387211385.68337631225586 28.42105 3.98350313795339e-29
22387211385.68337631225586 33.15789 4.02192154488016e-29
22387211385.68337631225586 37.89474 4.06774313002044e-29
22387211385.68337631225586 42.63158 4.12169429724738e-29
22387211385.68337631225586 47.36842 4.18478121921218e-29
22387211385.68337631225586 52.10526 4.25855842180679e-29
22387211385.68337631225586 56.84211 4.34427676206806e-29
22387211385.68337631225586 61.57895 4.44409542816831e-29
22387211385.68337631225586 66.31579 4.56114488719457e-29
22387211385.68337631225586 71.05263 4.69873118210903e-29
22387211385.68337631225586 75.78947 4.86108407109728e-29
22387211385.68337631225586 80.52632 5.04498968013803e-29
22387211385.68337631225586 85.26316 5.16869200024898e-29
22387211385.68337631225586 90.00000 4.47167173956445e-29
28183829312.64455032348633 0.00000 1.89151710313833e-29
28183829312.64455032348633 4.73684 1.89288291176926e-29
28183829312.64455032348633 9.47368 1.89702626661841e-29
28183829312.64455032348633 14.21053 1.90395534884987e-29
28183829312.64455032348633 18.94737 1.91380327844380e-29
28183829312.64455032348633 23.68421 1.92676566056821e-29
28183829312.64455032348633 28.42105 1.94294326806386e-29
28183829312.64455032348633 33.15789 1.96275863096851e-29
28183829312.64455032348633 37.89474 1.98646037319316e-29
28183829312.64455032348633 42.63158 2.01442676879860e-29
28183829312.64455032348633 47.36842 2.04731161566143e-29
28183829312.64455032348633 52.10526 2.08582836929660e-29
28183829312.64455032348633 56.84211 2.13068294311447e-29
28183829312.64455032348633 61.57895 2.18314379225179e-29
28183829312.64455032348633 66.31579 2.24458616543531e-29
28183829312.64455032348633 71.05263 2.31668848260869e-29
28183829312.64455032348633 75.78947 2.40084636259715e-29
28183829312.64455032348633 80.52632 2.49374809307524e-29
28183829312.64455032348633 85.26316 2.55213624645531e-29
28183829312.64455032348633 90.00000 2.20795109843643e-29
35481338923.35752868652344 0.00000 9.20881704087593e-30
35481338923.35752868652344 4.73684 9.21577308271156e-30
35481338923.35752868652344 9.47368 9.23660812114240e-30
35481338923.35752868652344 14.21053 9.27154440530065e-30
35481338923.35752868652344 18.94737 9.32141427095967e-30
35481338923.35752868652344 23.68421 9.38698355476001e-30
35481338923.35752868652344 28.42105 9.46915484337881e-30
35481338923.35752868652344 33.15789 9.56990707566319e-30
35481338923.35752868652344 37.89474 9.69094303881737e-30
35481338923.35752868652344 42.63158 9.83451392654432e-30
35481338923.35752868652344 47.36842 1.00037096130191e-29
35481338923.35752868652344 52.10526 1.02028921553852e-29
35481338923.35752868652344 56.84211 1.04365117037748e-29
35481338923.35752868652344 61.57895 1.07104503565912e-29
35481338923.35752868652344 66.31579 1.10328645189099e-29
35481338923.35752868652344 71.05263 1.14123257716778e-29
35481338923.35752868652344 75.78947 1.18541166661622e-29
35481338923.35752868652344 80.52632 1.23350848853783e-29
35481338923.35752868652344 85.26316 1.26277571693918e-29
35481338923.35752868652344 90.00000 1.09263132524637e-29
44668359215.09626007080078 0.00000 4.49044486952734e-30
44668359215.09626007080078 4.73684 4.49388521186318e-30
44668359215.09626007080078 9.47368 4.50425238799696e-30
44668359215.09626007080078 14.21053 4.52164492339824e-30
44668359215.09626007080078 18.94737 4.54644958800547e-30
44668359215.09626007080078 23.68421 4.57920376807469e-30
44668359215.09626007080078 28.42105 4.62029435764889e-30
44668359215.09626007080078 33.15789 4.67089445085102e-30
44668359215.09626007080078 37.89474 4.73189758654285e-30
44668359215.09626007080078 42.63158 4.80460135625338e-30
44668359215.09626007080078 47.36842 4.89064716508224e-30
44668359215.09626007080078 52.10526 4.99262166562581e-30
44668359215.09626007080078 56.84211 5.11294972001064e-30
44668359215.09626007080078 61.57895 5.25511258658027e-30
44668359215.09626007080078 66.31579 5.42374287624594e-30
44668359215.09626007080078 71.05263 5.62349427593416e-30
44668359215.09626007080078 75.78947 5.85764075514843e-30
44668359215.09626007080078 80.52632 6.11279683266193e-30
44668359215.09626007080078 85.26316 6.26997313765138e-30
44668359215.09626007080078 90.00000 5.42717054107689e-30
56234132519.03479766845703 0.00000 2.18769915283632e-30
56234132519.03479766845703 4.73684 2.18937719964035e-30
56234132519.03479766845703 9.47368 2.19441444990346e-30
56234132519.03479766845703 14.21053 2.20288126193459e-30
56234132519.03479766845703 18.94737 2.21497919109909e-30
56234132519.03479766845703 23.68421 2.23097754651197e-30
56234132519.03479766845703 28.42105 2.25111290248588e-30
56234132519.03479766845703 33.15789 2.27597865248187e-30
56234132519.03479766845703 37.89474 2.30607603468647e-30
56234132519.03479766845703 42.63158 2.34210743291479e-30
56234132519.03479766845703 47.36842 2.38497903584502e-30
56234132519.03479766845703 52.10526 2.43613636443613e-30
56234132519.03479766845703 56.84211 2.49687725395919e-30
56234132519.03479766845703 61.57895 2.56928133504511e-30
56234132519.03479766845703 66.31579 2.65597402150093e-30
56234132519.03479766845703 71.05263 2.75955556586330e-30
56234132519.03479766845703 75.78947 2.88204595197002e-30
56234132519.03479766845703 80.52632 3.01655945140159e-30
56234132519.03479766845703 85.26316 3.10096051183789e-30
56234132519.03479766845703 90.00000 2.68151175627452e-30
70794578438.41374206542969 0.00000 1.06667591067505e-30
70794578438.41374206542969 4.73684 1.06747486684220e-30
70794578438.41374206542969 9.47368 1.06987173336935e-30
70794578438.41374206542969 14.21053 1.07389335976263e-30
70794578438.41374206542969 18.94737 1.07966115905355e-30
70794578438.41374206542969 23.68421 1.08729400614187e-30
70794578438.41374206542969 28.42105 1.09693677684936e-30
70794578438.41374206542969 33.15789 1.10887765423080e-30
70794578438.41374206542969 37.89474 1.12339420721078e-30
70794578438.41374206542969 42.63158 1.14084676018201e-30
70794578438.41374206542969 47.36842 1.16173094997031e-30
70794578438.41374206542969 52.10526 1.18682392234342e-30
70794578438.41374206542969 56.84211 1.21685100373509e-30
70794578438.41374206542969 61.57895 1.25292764995854e-30
70794578438.41374206542969 66.31579 1.29657348938087e-30
70794578438.41374206542969 71.05263 1.34932799994887e-30
70794578438.41374206542969 75.78947 1.41251010043282e-30
70794578438.41374206542969 80.52632 1.48288114541571e-30
70794578438.41374206542969 85.26316 1.52853352958821e-30
70794578438.41374206542969 90.00000 1.32154984402475e-30
89125093813.37458801269531 0.00000 5.19920977158983e-31
89125093813.37458801269531 4.73684 5.20295457966763e-31
89125093813.37458801269531 9.47368 5.21406834156371e-31
89125093813.37458801269531 14.21053 5.23273438537125e-31
89125093813.37458801269531 18.94737 5.25957320633191e-31
89125093813.37458801269531 23.68421 5.29513025784838e-31
89125093813.37458801269531 28.42105 5.34023340084521e-31
89125093813.37458801269531 33.15789 5.39625410865314e-31
89125093813.37458801269531 37.89474 5.46454976320161e-31
89125093813.37458801269531 42.63158 5.54715479083569e-31
89125093813.37458801269531 47.36842 5.64644981199071e-31
89125093813.37458801269531 52.10526 5.76660203196859e-31
89125093813.37458801269531 56.84211 5.91150666730626e-31
89125093813.37458801269531 61.57895 6.08715664060157e-31
89125093813.37458801269531 66.31579 6.30190827158251e-31
89125093813.37458801269531 71.05263 6.56500740099698e-31
89125093813.37458801269531 75.78947 6.88435398740337e-31
89125093813.37458801269531 80.52632 7.24638388636808e-31
89125093813.37458801269531 85.26316 7.48999549777859e-31
89125093813.37458801269531 90.00000 6.46745902385360e-31
