89.12509381337455 0.00000 1.39834381709331e-06
89.12509381337455 4.73684 1.37996041830692e-06
89.12509381337455 9.47368 1.32636767711230e-06
89.12509381337455 14.21053 1.24129950749247e-06
89.12509381337455 18.94737 1.13016390652302e-06
89.12509381337455 23.68421 1.00119256461040e-06
89.12509381337455 28.42105 8.59027177879597e-07
89.12509381337455 33.15789 7.13076890726864e-07
89.12509381337455 37.89474 5.71348250070011e-07
89.12509381337455 42.63158 4.38571248088496e-07
89.12509381337455 47.36842 3.20406862592029e-07
89.12509381337455 52.10526 2.19887041372128e-07
89.12509381337455 56.84211 1.39964156508845e-07
89.12509381337455 61.57895 8.10508444693899e-08
89.12509381337455 66.31579 4.16201667896261e-08
89.12509381337455 71.05263 1.82582828051966e-08
89.12509381337455 75.78947 6.38274408125161e-09
89.12509381337455 80.52632 1.57303469469796e-09
89.12509381337455 85.26316 2.10225353849017e-10
89.12509381337455 90.00000 8.37172499556417e-12
112.20184543019636 0.00000 1.53614634676394e-06
112.20184543019636 4.73684 1.51641643027306e-06
112.20184543019636 9.47368 1.45887025917219e-06
112.20184543019636 14.21053 1.36738096564385e-06
112.20184543019636 18.94737 1.24746863059610e-06
112.20184543019636 23.68421 1.10776156385637e-06
112.20184543019636 28.42105 9.53037142780488e-07
112.20184543019636 33.15789 7.93327366421269e-07
112.20184543019636 37.89474 6.37379813710874e-07
112.20184543019636 42.63158 4.90469606412939e-07
112.20184543019636 47.36842 3.59090513242610e-07
112.20184543019636 52.10526 2.46886807195185e-07
112.20184543019636 56.84211 1.57414995100788e-07
112.20184543019636 61.57895 9.13099398866229e-08
112.20184543019636 66.31579 4.69704330453473e-08
112.20184543019636 71.05263 2.06393591401811e-08
112.20184543019636 75.78947 7.22568869378763e-09
112.20184543019636 80.52632 1.78270943892172e-09
112.20184543019636 85.26316 2.38346349962031e-10
112.20184543019636 90.00000 9.48650532152891e-12
141.25375446227540 0.00000 1.67611054459259e-06
141.25375446227540 4.73684 1.65513711589076e-06
141.25375446227540 9.47368 1.59386306421576e-06
141.25375446227540 14.21053 1.49627416507114e-06
141.25375446227540 18.94737 1.36797766170846e-06
141.25375446227540 23.68421 1.21786173341346e-06
141.25375446227540 28.42105 1.05075038735663e-06
141.25375446227540 33.15789 8.77277941463346e-07
141.25375446227540 37.89474 7.06918779168745e-07
141.25375446227540 42.63158 5.45472485375344e-07
141.25375446227540 47.36842 4.00342663140823e-07
141.25375446227540 52.10526 2.75866703673007e-07
141.25375446227540 56.84211 1.76276122929906e-07
141.25375446227540 61.57895 1.02481209778308e-07
141.25375446227540 66.31579 5.28424237057142e-08
141.25375446227540 71.05263 2.32721909616255e-08
141.25375446227540 75.78947 8.16395980997264e-09
141.25375446227540 80.52632 2.01727912230150e-09
141.25375446227540 85.26316 2.69883582677422e-10
141.25375446227540 90.00000 1.07350782360790e-11
177.82794100389222 0.00000 1.80860538294745e-06
177.82794100389222 4.73684 1.78655510872252e-06
177.82794100389222 9.47368 1.72216023049416e-06
177.82794100389222 14.21053 1.61936660611967e-06
177.82794100389222 18.94737 1.48375647210733e-06
177.82794100389222 23.68421 1.32442213715920e-06
177.82794100389222 28.42105 1.14612068061856e-06
177.82794100389222 33.15789 9.59908547864442e-07
177.82794100389222 37.89474 7.75955261278959e-07
177.82794100389222 42.63158 6.00551847546755e-07
177.82794100389222 47.36842 4.42020379451616e-07
177.82794100389222 52.10526 3.05412362200384e-07
177.82794100389222 56.84211 1.95694231121709e-07
177.82794100389222 61.57895 1.14108912369554e-07
177.82794100389222 66.31579 5.90242094191512e-08
177.82794100389222 71.05263 2.60728813337659e-08
177.82794100389222 75.78947 9.17154097848060e-09
177.82794100389222 80.52632 2.27099957255229e-09
177.82794100389222 85.26316 3.04122352992879e-10
177.82794100389222 90.00000 1.20887841555139e-11
223.87211385683389 0.00000 1.93003038905248e-06
223.87211385683389 4.73684 1.90720446690603e-06
223.87211385683389 9.47368 1.84035072648510e-06
223.87211385683389 14.21053 1.73348535758528e-06
223.87211385683389 18.94737 1.59202582059845e-06
223.87211385683389 23.68421 1.42501180588156e-06
223.87211385683389 28.42105 1.23707999216190e-06
223.87211385683389 33.15789 1.03961465263903e-06
223.87211385683389 37.89474 8.43300410659437e-07
223.87211385683389 42.63158 6.54905505236522e-07
223.87211385683389 47.36842 4.83627487055876e-07
223.87211385683389 52.10526 3.35274410466814e-07
223.87211385683389 56.84211 2.15593531279429e-07
223.87211385683389 61.57895 1.26195572191223e-07
223.87211385683389 66.31579 6.55447389243216e-08
223.87211385683389 71.05263 2.90682416456869e-08
223.87211385683389 75.78947 1.02626443591701e-08
223.87211385683389 80.52632 2.54845021689796e-09
223.87211385683389 85.26316 3.41760514842831e-10
223.87211385683389 90.00000 1.35755725057898e-11
281.83829312644536 0.00000 2.03535945377845e-06
281.83829312644536 4.73684 2.01198691747697e-06
281.83829312644536 9.47368 1.94364392570402e-06
281.83829312644536 14.21053 1.83407509936364e-06
281.83829312644536 18.94737 1.68851684121745e-06
281.83829312644536 23.68421 1.51581880505279e-06
281.83829312644536 28.42105 1.32035906775744e-06
281.83829312644536 33.15789 1.11362838442099e-06
281.83829312644536 37.89474 9.06791951384627e-07
281.83829312644536 42.63158 7.06927609983669e-07
281.83829312644536 47.36842 5.24101978047795e-07
281.83829312644536 52.10526 3.64826425062820e-07
281.83829312644536 56.84211 2.35656267458334e-07
281.83829312644536 61.57895 1.38624002316321e-07
281.83829312644536 66.31579 7.23817872795187e-08
281.83829312644536 71.05263 3.22659888434018e-08
281.83829312644536 75.78947 1.14468289139604e-08
281.83829312644536 80.52632 2.85334840339719e-09
281.83829312644536 85.26316 3.83428334640336e-10
281.83829312644536 90.00000 1.52212600232212e-11
354.81338923357532 0.00000 2.11714955136739e-06
354.81338923357532 4.73684 2.09367237397914e-06
354.81338923357532 9.47368 2.02472738689911e-06
354.81338923357532 14.21053 1.91408140564385e-06
354.81338923357532 18.94737 1.76655964837240e-06
354.81338923357532 23.68421 1.59063676838004e-06
354.81338923357532 28.42105 1.39040547997510e-06
354.81338923357532 33.15789 1.17727441009073e-06
354.81338923357532 37.89474 9.62605544402566e-07
354.81338923357532 42.63158 7.53722821617658e-07
354.81338923357532 47.36842 5.61344183199521e-07
354.81338923357532 52.10526 3.92752792804444e-07
354.81338923357532 56.84211 2.55130128832243e-07
354.81338923357532 61.57895 1.51027548135225e-07
354.81338923357532 66.31579 7.93955289144512e-08
354.81338923357532 71.05263 3.56266102643656e-08
354.81338923357532 75.78947 1.27179625849266e-08
354.81338923357532 80.52632 3.18626355591702e-09
354.81338923357532 85.26316 4.29409008813223e-10
354.81338923357532 90.00000 1.70389953212599e-11
446.68359215096280 0.00000 2.16214166210427e-06
446.68359215096280 4.73684 2.13890250054539e-06
446.68359215096280 9.47368 2.07086006906326e-06
446.68359215096280 14.21053 1.96128857252038e-06
446.68359215096280 18.94737 1.81458662689498e-06
446.68359215096280 23.68421 1.63907430060320e-06
446.68359215096280 28.42105 1.43791698513020e-06
446.68359215096280 33.15789 1.22254824165613e-06
446.68359215096280 37.89474 1.00419627606336e-06
446.68359215096280 42.63158 7.90216901637823e-07
446.68359215096280 47.36842 5.91770956116164e-07
446.68359215096280 52.10526 4.16597060006933e-07
446.68359215096280 56.84211 2.72535739703325e-07
446.68359215096280 61.57895 1.62609005504879e-07
446.68359215096280 66.31579 8.62139947267772e-08
446.68359215096280 71.05263 3.90078920009245e-08
446.68359215096280 75.78947 1.40393579461461e-08
446.68359215096280 80.52632 3.54049489908872e-09
446.68359215096280 85.26316 4.79064471410737e-10
446.68359215096280 90.00000 1.90073914572402e-11
562.34132519034881 0.00000 2.16361523528779e-06
562.34132519034881 4.73684 2.14124003652882e-06
562.34132519034881 9.47368 2.07533590334703e-06
562.34132519034881 14.21053 1.96916683174569e-06
562.34132519034881 18.94737 1.82659872579792e-06
562.34132519034881 23.68421 1.65519020798268e-06
562.34132519034881 28.42105 1.45767977800383e-06
562.34132519034881 33.15789 1.24482738383696e-06
562.34132519034881 37.89474 1.02772745802735e-06
562.34132519034881 42.63158 8.13344308769067e-07
562.34132519034881 47.36842 6.13041561526018e-07
562.34132519034881 52.10526 4.34859658929106e-07
562.34132519034881 56.84211 2.86959349215872e-07
562.34132519034881 61.57895 1.72912926542734e-07
562.34132519034881 66.31579 9.26419767206664e-08
562.34132519034881 71.05263 4.23546365957812e-08
562.34132519034881 75.78947 1.54014615194720e-08
562.34132519034881 80.52632 3.91760847699002e-09
562.34132519034881 85.26316 5.32979970629866e-10
562.34132519034881 90.00000 2.11558675985267e-11
707.94578438413771 0.00000 2.11113986768891e-06
707.94578438413771 4.73684 2.09002683061629e-06
707.94578438413771 9.47368 2.02812795191453e-06
707.94578438413771 14.21053 1.92804260547903e-06
707.94578438413771 18.94737 1.79312117578170e-06
707.94578438413771 23.68421 1.63041535780470e-06
707.94578438413771 28.42105 1.44178290606994e-06
707.94578438413771 33.15789 1.23736367251221e-06
707.94578438413771 37.89474 1.02750044134373e-06
707.94578438413771 42.63158 8.18646423612033e-07
707.94578438413771 47.36842 6.21918612515733e-07
707.94578438413771 52.10526 4.45170233126149e-07
707.94578438413771 56.84211 2.96945421753836e-07
707.94578438413771 61.57895 1.81061095330338e-07
707.94578438413771 66.31579 9.82392395059397e-08
707.94578438413771 71.05263 4.55026396200495e-08
707.94578438413771 75.78947 1.67621867225058e-08
707.94578438413771 80.52632 4.31053360742476e-09
707.94578438413771 85.26316 5.90811467351937e-10
707.94578438413771 90.00000 2.34795759311895e-11
891.25093813374542 0.00000 1.99938069819138e-06
891.25093813374542 4.73684 1.98012708534907e-06
891.25093813374542 9.47368 1.92375888907321e-06
891.25093813374542 14.21053 1.83259254183959e-06
891.25093813374542 18.94737 1.70933292217967e-06
891.25093813374542 23.68421 1.55992775107060e-06
891.25093813374542 28.42105 1.38584922396744e-06
891.25093813374542 33.15789 1.19600301462536e-06
891.25093813374542 37.89474 9.99754330925423e-07
891.25093813374542 42.63158 8.02860577486946e-07
891.25093813374542 47.36842 6.15729205992190e-07
891.25093813374542 52.10526 4.45638970824183e-07
891.25093813374542 56.84211 3.01023797022582e-07
891.25093813374542 61.57895 1.86201072966937e-07
891.25093813374542 66.31579 1.02607065483818e-07
891.25093813374542 71.05263 4.82794197340025e-08
891.25093813374542 75.78947 1.80755280788674e-08
891.25093813374542 80.52632 4.71188417871982e-09
891.25093813374542 85.26316 6.52251859714628e-10
891.25093813374542 90.00000 2.59812220258168e-11
1122.01845430196295 0.00000 1.82812721664541e-06
1122.01845430196295 4.73684 1.81150371318204e-06
1122.01845430196295 9.47368 1.76217696080979e-06
1122.01845430196295 14.21053 1.68237566444536e-06
1122.01845430196295 18.94737 1.57406607850922e-06
1122.01845430196295 23.68421 1.44250685851599e-06
1122.01845430196295 28.42105 1.28835881142768e-06
1122.01845430196295 33.15789 1.11899827063733e-06
1122.01845430196295 37.89474 9.42639684356445e-07
1122.01845430196295 42.63158 7.64164000381675e-07
1122.01845430196295 47.36842 5.92493455256140e-07
1122.01845430196295 52.10526 4.34536586071605e-07
1122.01845430196295 56.84211 2.97940196097534e-07
1122.01845430196295 61.57895 1.87421800428762e-07
1122.01845430196295 66.31579 1.05174665152942e-07
1122.01845430196295 71.05263 5.04398418328260e-08
1122.01845430196295 75.78947 1.92657666162686e-08
1122.01845430196295 80.52632 5.10921822238641e-09
1122.01845430196295 85.26316 7.16346908669910e-10
1122.01845430196295 90.00000 2.86454358129326e-11
1412.53754462275333 0.00000 1.60755170691670e-06
1412.53754462275333 4.73684 1.59382620449597e-06
1412.53754462275333 9.47368 1.55278564346752e-06
1412.53754462275333 14.21053 1.48603074681649e-06
1412.53754462275333 18.94737 1.39552919207199e-06
1412.53754462275333 23.68421 1.28487816668144e-06
1412.53754462275333 28.42105 1.15453845577216e-06
1412.53754462275333 33.15789 1.01031419035417e-06
1412.53754462275333 37.89474 8.58787318101299e-07
1412.53754462275333 42.63158 7.03804825752122e-07
1412.53754462275333 47.36842 5.52835336425606e-07
1412.53754462275333 52.10526 4.11544853710012e-07
1412.53754462275333 56.84211 2.87102679365565e-07
1412.53754462275333 61.57895 1.84140345533783e-07
1412.53754462275333 66.31579 1.05544681361028e-07
1412.53754462275333 71.05263 5.17740395109725e-08
1412.53754462275333 75.78947 2.02637578625439e-08
1412.53754462275333 80.52632 5.48983081486251e-09
1412.53754462275333 85.26316 7.82488311854500e-10
1412.53754462275333 90.00000 3.14775462540742e-11
1778.27941003892192 0.00000 1.35350503002987e-06
1778.27941003892192 4.73684 1.34253566910624e-06
1778.27941003892192 9.47368 1.31029416273745e-06
1778.27941003892192 14.21053 1.25769805692524e-06
1778.27941003892192 18.94737 1.18583481926554e-06
1778.27941003892192 23.68421 1.09778659568458e-06
1778.27941003892192 28.42105 9.93144570143565e-07
1778.27941003892192 33.15789 8.76569510925840e-07
1778.27941003892192 37.89474 7.52883380921508e-07
1778.27941003892192 42.63158 6.24740966660889e-07
1778.27941003892192 47.36842 4.97793233694040e-07
1778.27941003892192 52.10526 3.76980090255604e-07
1778.27941003892192 56.84211 2.68244482766548e-07
1778.27941003892192 61.57895 1.75803063922091e-07
1778.27941003892192 66.31579 1.03250468259146e-07
1778.27941003892192 71.05263 5.20344189525695e-08
1778.27941003892192 75.78947 2.09611099511215e-08
1778.27941003892192 80.52632 5.82737758060864e-09
1778.27941003892192 85.26316 8.48384907270044e-10
1778.27941003892192 90.00000 3.44316028778642e-11
2238.72113856833766 0.00000 1.09017161236074e-06
2238.72113856833766 4.73684 1.08214816064859e-06
2238.72113856833766 9.47368 1.05802169522884e-06
2238.72113856833766 14.21053 1.01878957521156e-06
2238.72113856833766 18.94737 9.65107870741041e-07
2238.72113856833766 23.68421 8.98729437584871e-07
2238.72113856833766 28.42105 8.19355532081391e-07
2238.72113856833766 33.15789 7.29946104760148e-07
2238.72113856833766 37.89474 6.34136626497333e-07
2238.72113856833766 42.63158 5.33330284783631e-07
2238.72113856833766 47.36842 4.31820581910906e-07
2238.72113856833766 52.10526 3.33037525941172e-07
2238.72113856833766 56.84211 2.42109421836176e-07
2238.72113856833766 61.57895 1.62659378255495e-07
2238.72113856833766 66.31579 9.82144607754848e-08
2238.72113856833766 71.05263 5.10834950633939e-08
2238.72113856833766 75.78947 2.12809919472256e-08
2238.72113856833766 80.52632 6.10451144165423e-09
2238.72113856833766 85.26316 9.12604309156365e-10
2238.72113856833766 90.00000 3.75031989948011e-11
2818.38293126445205 0.00000 8.38531858747806e-07
2818.38293126445205 4.73684 8.32829004293864e-07
2818.38293126445205 9.47368 8.16033332668549e-07
2818.38293126445205 14.21053 7.88448698007910e-07
2818.38293126445205 18.94737 7.50436938009247e-07
2818.38293126445205 23.68421 7.03308226190835e-07
2818.38293126445205 28.42105 6.46378173626813e-07
2818.38293126445205 33.15789 5.81739168024418e-07
2818.38293126445205 37.89474 5.11442446647606e-07
2818.38293126445205 42.63158 4.36265450159569e-07
2818.38293126445205 47.36842 3.59374778694297e-07
2818.38293126445205 52.10526 2.82788668423592e-07
2818.38293126445205 56.84211 2.10460732191951e-07
2818.38293126445205 61.57895 1.45216307791381e-07
2818.38293126445205 66.31579 9.04395948767157e-08
2818.38293126445205 71.05263 4.88144346105495e-08
2818.38293126445205 75.78947 2.11233720961956e-08
2818.38293126445205 80.52632 6.29077956260471e-09
2818.38293126445205 85.26316 9.72290877252327e-10
2818.38293126445205 90.00000 4.06271075214827e-11
3548.13389233575390 0.00000 6.15542470379125e-07
3548.13389233575390 4.73684 6.11726275236314e-07
3548.13389233575390 9.47368 6.00597938931576e-07
3548.13389233575390 14.21053 5.82496762778213e-07
3548.13389233575390 18.94737 5.57042212798228e-07
3548.13389233575390 23.68421 5.25557610465751e-07
3548.13389233575390 28.42105 4.87115276054119e-07
3548.13389233575390 33.15789 4.43004134808321e-07
3548.13389233575390 37.89474 3.94275997686455e-07
3548.13389233575390 42.63158 3.41498104120836e-07
3548.13389233575390 47.36842 2.86360521336384e-07
3548.13389233575390 52.10526 2.30244841223071e-07
3548.13389233575390 56.84211 1.75616161515982e-07
3548.13389233575390 61.57895 1.24878271860506e-07
3548.13389233575390 66.31579 8.05819709696344e-08
3548.13389233575390 71.05263 4.52595804338290e-08
3548.13389233575390 75.78947 2.04334407706867e-08
3548.13389233575390 80.52632 6.36044133423473e-09
3548.13389233575390 85.26316 1.02385171462921e-09
3548.13389233575390 90.00000 4.37585094373880e-11
4466.83592150962795 0.00000 4.30308975001262e-07
4466.83592150962795 4.73684 4.28051690619281e-07
4466.83592150962795 9.47368 4.21124864062352e-07
4466.83592150962795 14.21053 4.09800319125478e-07
4466.83592150962795 18.94737 3.94109983822308e-07
4466.83592150962795 23.68421 3.74272617710987e-07
4466.83592150962795 28.42105 3.49928036070998e-07
4466.83592150962795 33.15789 3.21710832842026e-07
4466.83592150962795 37.89474 2.90155326261350e-07
4466.83592150962795 42.63158 2.55377861831274e-07
4466.83592150962795 47.36842 2.18114185429534e-07
4466.83592150962795 52.10526 1.79420792814736e-07
4466.83592150962795 56.84211 1.40686396212112e-07
4466.83592150962795 61.57895 1.03270107902128e-07
4466.83592150962795 66.31579 6.91740847452510e-08
4466.83592150962795 71.05263 4.05808111546482e-08
4466.83592150962795 75.78947 1.91722102495591e-08
4466.83592150962795 80.52632 6.29246883629798e-09
4466.83592150962795 85.26316 1.06332163088693e-09
4466.83592150962795 90.00000 4.68100102345046e-11
5623.41325190348834 0.00000 2.87437470904731e-07
5623.41325190348834 4.73684 2.86103811161487e-07
5623.41325190348834 9.47368 2.82167420920171e-07
5623.41325190348834 14.21053 2.75628760306300e-07
5623.41325190348834 18.94737 2.66553284023861e-07
5623.41325190348834 23.68421 2.54915096187599e-07
5623.41325190348834 28.42105 2.40546354125278e-07
5623.41325190348834 33.15789 2.23628604607141e-07
5623.41325190348834 37.89474 2.04430330433423e-07
5623.41325190348834 42.63158 1.82943537093201e-07
5623.41325190348834 47.36842 1.59385575932145e-07
5623.41325190348834 52.10526 1.34238363554756e-07
5623.41325190348834 56.84211 1.08332288164577e-07
5623.41325190348834 61.57895 8.22082394142774e-08
5623.41325190348834 66.31579 5.72748193121605e-08
5623.41325190348834 71.05263 3.50706368119830e-08
5623.41325190348834 75.78947 1.74167659595530e-08
5623.41325190348834 80.52632 6.06833002769657e-09
5623.41325190348834 85.26316 1.08760399892722e-09
5623.41325190348834 90.00000 4.97136470970274e-11
7079.45784384137460 0.00000 1.85337344933046e-07
7079.45784384137460 4.73684 1.84600100186585e-07
7079.45784384137460 9.47368 1.82475530213033e-07
7079.45784384137460 14.21053 1.79014134177934e-07
7079.45784384137460 18.94737 1.74062964813316e-07
7079.45784384137460 23.68421 1.67650017080046e-07
7079.45784384137460 28.42105 1.59714257134599e-07
7079.45784384137460 33.15789 1.50232971044371e-07
7079.45784384137460 37.89474 1.39242783075681e-07
7079.45784384137460 42.63158 1.26672278940044e-07
7079.45784384137460 47.36842 1.12600771675135e-07
7079.45784384137460 52.10526 9.70834986094174e-08
7079.45784384137460 56.84211 8.05257521447394e-08
7079.45784384137460 61.57895 6.30864283689970e-08
7079.45784384137460 66.31579 4.56011073751399e-08
7079.45784384137460 71.05263 2.91969836249070e-08
7079.45784384137460 75.78947 1.53088003381630e-08
7079.45784384137460 80.52632 5.69571517555696e-09
7079.45784384137460 85.26316 1.09299563262700e-09
7079.45784384137460 90.00000 5.24710611973975e-11
8912.50938133744603 0.00000 1.17021384499577e-07
8912.50938133744603 4.73684 1.16662762408750e-07
8912.50938133744603 9.47368 1.15551706960654e-07
8912.50938133744603 14.21053 1.13721970105713e-07
8912.50938133744603 18.94737 1.11148902497449e-07
8912.50938133744603 23.68421 1.07758329980396e-07
8912.50938133744603 28.42105 1.03495200526857e-07
8912.50938133744603 33.15789 9.83493059450485e-08
8912.50938133744603 37.89474 9.22889259647588e-08
8912.50938133744603 42.63158 8.51725548393600e-08
8912.50938133744603 47.36842 7.70443614403480e-08
8912.50938133744603 52.10526 6.77863221874491e-08
8912.50938133744603 56.84211 5.75547646518107e-08
8912.50938133744603 61.57895 4.64451141547227e-08
8912.50938133744603 66.31579 3.48062784533777e-08
8912.50938133744603 71.05263 2.33151622196849e-08
8912.50938133744603 75.78947 1.29824278071478e-08
8912.50938133744603 80.52632 5.17875178812547e-09
8912.50938133744603 85.26316 1.07647737420102e-09
8912.50938133744603 90.00000 5.49027264560163e-11
11220.18454301962447 0.00000 7.18557987408337e-08
11220.18454301962447 4.73684 7.16679398704866e-08
11220.18454301962447 9.47368 7.11123636403667e-08
11220.18454301962447 14.21053 7.01767722892172e-08
11220.18454301962447 18.94737 6.88424743492726e-08
11220.18454301962447 23.68421 6.71129481574638e-08
11220.18454301962447 28.42105 6.48917144488109e-08
11220.18454301962447 33.15789 6.21668949205300e-08
11220.18454301962447 37.89474 5.89247310663549e-08
11220.18454301962447 42.63158 5.50591666626956e-08
11220.18454301962447 47.36842 5.05378282205448e-08
11220.18454301962447 52.10526 4.53065777524136e-08
11220.18454301962447 56.84211 3.93439628028645e-08
11220.18454301962447 61.57895 3.26887908323738e-08
11220.18454301962447 66.31579 2.54060153117160e-08
11220.18454301962447 71.05263 1.78537526869191e-08
11220.18454301962447 75.78947 1.05640662589806e-08
11220.18454301962447 80.52632 4.55057198299022e-09
11220.18454301962447 85.26316 1.03395313400478e-09
11220.18454301962447 90.00000 5.68096570021783e-11
14125.37544622752648 0.00000 4.23808665453636e-08
14125.37544622752648 4.73684 4.22973670629992e-08
14125.37544622752648 9.47368 4.20309769072621e-08
14125.37544622752648 14.21053 4.15919283436261e-08
14125.37544622752648 18.94737 4.09653548807553e-08
14125.37544622752648 23.68421 4.01446590419797e-08
14125.37544622752648 28.42105 3.90739328518890e-08
14125.37544622752648 33.15789 3.77369261461669e-08
14125.37544622752648 37.89474 3.61325624412089e-08
14125.37544622752648 42.63158 3.41956719332894e-08
14125.37544622752648 47.36842 3.18608110223212e-08
14125.37544622752648 52.10526 2.91036832062023e-08
14125.37544622752648 56.84211 2.58809381240244e-08
14125.37544622752648 61.57895 2.21230133375470e-08
14125.37544622752648 66.31579 1.78413797349574e-08
14125.37544622752648 71.05263 1.31244741832978e-08
14125.37544622752648 75.78947 8.23615618058203e-09
14125.37544622752648 80.52632 3.84313131952092e-09
14125.37544622752648 85.26316 9.64455712689093e-10
14125.37544622752648 90.00000 5.79747715838256e-11
17782.79410038921196 0.00000 2.44500158979932e-08
17782.79410038921196 4.73684 2.44114940624240e-08
17782.79410038921196 9.47368 2.42977078856981e-08
17782.79410038921196 14.21053 2.41032914209371e-08
17782.79410038921196 18.94737 2.38284788318503e-08
17782.79410038921196 23.68421 2.34551339451112e-08
17782.79410038921196 28.42105 2.29670937874477e-08
17782.79410038921196 33.15789 2.23585813619526e-08
17782.79410038921196 37.89474 2.16038057502530e-08
17782.79410038921196 42.63158 2.06729016581042e-08
17782.79410038921196 47.36842 1.95357740439760e-08
17782.79410038921196 52.10526 1.81456614434864e-08
17782.79410038921196 56.84211 1.64682027999208e-08
17782.79410038921196 61.57895 1.44481918369413e-08
17782.79410038921196 66.31579 1.20462866164238e-08
17782.79410038921196 71.05263 9.25326785246385e-09
17782.79410038921196 75.78947 6.16247864851170e-09
17782.79410038921196 80.52632 3.11490986818270e-09
17782.79410038921196 85.26316 8.71045363467655e-10
17782.79410038921196 90.00000 5.82333013521587e-11
22387.21138568340029 0.00000 1.37219898948498e-08
22387.21138568340029 4.73684 1.37077581217589e-08
22387.21138568340029 9.47368 1.36603545140674e-08
22387.21138568340029 14.21053 1.35845180638186e-08
22387.21138568340029 18.94737 1.34683478229407e-08
22387.21138568340029 23.68421 1.33161028397786e-08
22387.21138568340029 28.42105 1.31094732881050e-08
22387.21138568340029 33.15789 1.28498874948695e-08
22387.21138568340029 37.89474 1.25206448826832e-08
22387.21138568340029 42.63158 1.21042297755347e-08
22387.21138568340029 47.36842 1.15810588696737e-08
22387.21138568340029 52.10526 1.09228974361435e-08
22387.21138568340029 56.84211 1.01098368381787e-08
22387.21138568340029 61.57895 9.08404172735843e-09
22387.21138568340029 66.31579 7.81077594745369e-09
22387.21138568340029 71.05263 6.25845528957788e-09
22387.21138568340029 75.78947 4.41254864865130e-09
22387.21138568340029 80.52632 2.42407587336408e-09
22387.21138568340029 85.26316 7.57463963539231e-10
22387.21138568340029 90.00000 5.73885198621459e-11
28183.82931264454965 0.00000 7.52694585980380e-09
28183.82931264454965 4.73684 7.52290567565186e-09
28183.82931264454965 9.47368 7.50657924865381e-09
28183.82931264454965 14.21053 7.47839666443546e-09
28183.82931264454965 18.94737 7.43705766954408e-09
28183.82931264454965 23.68421 7.38405065003387e-09
28183.82931264454965 28.42105 7.30542962613255e-09
28183.82931264454965 33.15789 7.20498989964717e-09
28183.82931264454965 37.89474 7.07696441211233e-09
28183.82931264454965 42.63158 6.90663359404981e-09
28183.82931264454965 47.36842 6.68298739600922e-09
28183.82931264454965 52.10526 6.39513596098306e-09
28183.82931264454965 56.84211 6.02174429854713e-09
28183.82931264454965 61.57895 5.53409839428726e-09
28183.82931264454965 66.31579 4.90005882309864e-09
28183.82931264454965 71.05263 4.07864235295191e-09
28183.82931264454965 75.78947 3.03726179414350e-09
28183.82931264454965 80.52632 1.80351315023002e-09
28183.82931264454965 85.26316 6.35710075710687e-10
28183.82931264454965 90.00000 5.52950577781649e-11
35481.33892335752898 0.00000 4.04582663010887e-09
35481.33892335752898 4.73684 4.04516966066422e-09
35481.33892335752898 9.47368 4.04102420356538e-09
35481.33892335752898 14.21053 4.03311057716473e-09
35481.33892335752898 18.94737 4.02247550019747e-09
35481.33892335752898 23.68421 4.00824490530726e-09
35481.33892335752898 28.42105 3.98416104796097e-09
35481.33892335752898 33.15789 3.95259423532283e-09
35481.33892335752898 37.89474 3.90892962109175e-09
35481.33892335752898 42.63158 3.84785396485294e-09
35481.33892335752898 47.36842 3.76389962470703e-09
35481.33892335752898 52.10526 3.64823493516750e-09
35481.33892335752898 56.84211 3.49125315781731e-09
35481.33892335752898 61.57895 3.27424852662956e-09
35481.33892335752898 66.31579 2.97554078178349e-09
35481.33892335752898 71.05263 2.56754847881021e-09
35481.33892335752898 75.78947 2.00983992616257e-09
35481.33892335752898 80.52632 1.28793106872462e-09
35481.33892335752898 85.26316 5.12486261122967e-10
35481.33892335752898 90.00000 5.19237383451594e-11
44668.35921509625769 0.00000 2.13756066886195e-09
44668.35921509625769 4.73684 2.13761268117272e-09
44668.35921509625769 9.47368 2.13785153918102e-09
44668.35921509625769 14.21053 2.13794758111366e-09
44668.35921509625769 18.94737 2.13780140847704e-09
44668.35921509625769 23.68421 2.13671317173431e-09
44668.35921509625769 28.42105 2.13358540148809e-09
44668.35921509625769 33.15789 2.12765965347850e-09
44668.35921509625769 37.89474 2.11736142637309e-09
44668.35921509625769 42.63158 2.10097817915514e-09
44668.35921509625769 47.36842 2.07485561436628e-09
44668.35921509625769 52.10526 2.03469694499878e-09
44668.35921509625769 56.84211 1.97647378546255e-09
44668.35921509625769 61.57895 1.88770121322416e-09
44668.35921509625769 66.31579 1.75776081680826e-09
44668.35921509625769 71.05263 1.56633952316741e-09
44668.35921509625769 75.78947 1.28470349347381e-09
44668.35921509625769 80.52632 8.84966518317328e-10
44668.35921509625769 85.26316 3.95231956205984e-10
44668.35921509625769 90.00000 4.73179929782627e-11
56234.13251903485070 0.00000 1.11167312451373e-09
56234.13251903485070 4.73684 1.11214476466157e-09
56234.13251903485070 9.47368 1.11323783713764e-09
56234.13251903485070 14.21053 1.11514084962004e-09
56234.13251903485070 18.94737 1.11761635429852e-09
56234.13251903485070 23.68421 1.12054009859601e-09
56234.13251903485070 28.42105 1.12329940550706e-09
56234.13251903485070 33.15789 1.12557626211195e-09
56234.13251903485070 37.89474 1.12707384606816e-09
56234.13251903485070 42.63158 1.12641808734142e-09
56234.13251903485070 47.36842 1.12227583273453e-09
56234.13251903485070 52.10526 1.11242604846034e-09
56234.13251903485070 56.84211 1.09506866088555e-09
56234.13251903485070 61.57895 1.06366869122069e-09
56234.13251903485070 66.31579 1.01202166873031e-09
56234.13251903485070 71.05263 9.28845182062180e-10
56234.13251903485070 75.78947 7.94690650228431e-10
56234.13251903485070 80.52632 5.84515144599325e-10
56234.13251903485070 85.26316 2.92331084147586e-10
56234.13251903485070 90.00000 4.17204506554097e-11
70794.57843841373688 0.00000 5.69056117709255e-10
70794.57843841373688 4.73684 5.69431842011505e-10
70794.57843841373688 9.47368 5.70575182536966e-10
70794.57843841373688 14.21053 5.72422140747759e-10
70794.57843841373688 18.94737 5.74995998781855e-10
70794.57843841373688 23.68421 5.78156352678024e-10
70794.57843841373688 28.42105 5.81743232282904e-10
70794.57843841373688 33.15789 5.85638858475537e-10
70794.57843841373688 37.89474 5.89724652444120e-10
70794.57843841373688 42.63158 5.93285124778351e-10
70794.57843841373688 47.36842 5.96053569623936e-10
70794.57843841373688 52.10526 5.96828282616865e-10
70794.57843841373688 56.84211 5.94529656493071e-10
70794.57843841373688 61.57895 5.86649929270552e-10
70794.57843841373688 66.31579 5.69420066087265e-10
70794.57843841373688 71.05263 5.36884558175336e-10
70794.57843841373688 75.78947 4.77551661192073e-10
70794.57843841373688 80.52632 3.72921732152490e-10
70794.57843841373688 85.26316 2.07298881242195e-10
70794.57843841373688 90.00000 3.54442783211991e-11
89125.09381337449304 0.00000 2.86903489436731e-10
89125.09381337449304 4.73684 2.87193405644190e-10
89125.09381337449304 9.47368 2.87993524691211e-10
89125.09381337449304 14.21053 2.89354013778180e-10
89125.09381337449304 18.94737 2.91244309060444e-10
89125.09381337449304 23.68421 2.93657219145300e-10
89125.09381337449304 28.42105 2.96509615757573e-10
89125.09381337449304 33.15789 2.99830988089811e-10
89125.09381337449304 37.89474 3.03444374568743e-10
89125.09381337449304 42.63158 3.07298818824547e-10
89125.09381337449304 47.36842 3.11014221506890e-10
89125.09381337449304 52.10526 3.14424215661498e-10
89125.09381337449304 56.84211 3.16766680385067e-10
89125.09381337449304 61.57895 3.17138315306936e-10
89125.09381337449304 66.31579 3.13657895020376e-10
89125.09381337449304 71.05263 3.03024514566890e-10
89125.09381337449304 75.78947 2.79086259440434e-10
89125.09381337449304 80.52632 2.30399404355961e-10
89125.09381337449304 85.26316 1.40937214214972e-10
89125.09381337449304 90.00000 2.89425471831430e-11
112201.84543019630655 0.00000 1.42668583599194e-10
112201.84543019630655 4.73684 1.42841989498055e-10
112201.84543019630655 9.47368 1.43365835420520e-10
112201.84543019630655 14.21053 1.44231090318656e-10
112201.84543019630655 18.94737 1.45457191324738e-10
112201.84543019630655 23.68421 1.47026887613565e-10
112201.84543019630655 28.42105 1.48931237660871e-10
112201.84543019630655 33.15789 1.51182538519902e-10
112201.84543019630655 37.89474 1.53740397573409e-10
112201.84543019630655 42.63158 1.56613297249798e-10
112201.84543019630655 47.36842 1.59665430747897e-10
112201.84543019630655 52.10526 1.62809780871985e-10
112201.84543019630655 56.84211 1.65834103775455e-10
112201.84543019630655 61.57895 1.68203274454986e-10
112201.84543019630655 66.31579 1.69240473736835e-10
112201.84543019630655 71.05263 1.67249016440633e-10
112201.84543019630655 75.78947 1.58931623415410e-10
112201.84543019630655 80.52632 1.37888247061134e-10
112201.84543019630655 85.26316 9.23150423669360e-11
112201.84543019630655 90.00000 2.26505767034232e-11
141253.75446227524662 0.00000 6.97998799645799e-11
141253.75446227524662 4.73684 6.99055869191287e-11
141253.75446227524662 9.47368 7.02081832192122e-11
141253.75446227524662 14.21053 7.07211188016497e-11
141253.75446227524662 18.94737 7.14554675916079e-11
141253.75446227524662 23.68421 7.23817849308524e-11
141253.75446227524662 28.42105 7.35549614647637e-11
141253.75446227524662 33.15789 7.49292718519139e-11
141253.75446227524662 37.89474 7.65517149524208e-11
141253.75446227524662 42.63158 7.84109864490751e-11
141253.75446227524662 47.36842 8.04850305941904e-11
141253.75446227524662 52.10526 8.27420298632866e-11
141253.75446227524662 56.84211 8.51177077799526e-11
141253.75446227524662 61.57895 8.74313132656876e-11
141253.75446227524662 66.31579 8.93924757111211e-11
141253.75446227524662 71.05263 9.02284524636410e-11
141253.75446227524662 75.78947 8.83364621685938e-11
141253.75446227524662 80.52632 8.02357532779512e-11
141253.75446227524662 85.26316 5.83143386571087e-11
141253.75446227524662 90.00000 1.69667191607214e-11
177827.94100389210507 0.00000 3.36434106173897e-11
177827.94100389210507 4.73684 3.37003260124320e-11
177827.94100389210507 9.47368 3.38717672876505e-11
177827.94100389210507 14.21053 3.41573508551007e-11
177827.94100389210507 18.94737 3.45642388519116e-11
177827.94100389210507 23.68421 3.50964071291866e-11
177827.94100389210507 28.42105 3.57566384535988e-11
177827.94100389210507 33.15789 3.65586910718987e-11
177827.94100389210507 37.89474 3.75091710886392e-11
177827.94100389210507 42.63158 3.86169897164926e-11
177827.94100389210507 47.36842 3.98874969229590e-11
177827.94100389210507 52.10526 4.13207073244767e-11
177827.94100389210507 56.84211 4.29058982195757e-11
177827.94100389210507 61.57895 4.46073655504088e-11
177827.94100389210507 66.31579 4.62871104529628e-11
177827.94100389210507 71.05263 4.76697992232546e-11
177827.94100389210507 75.78947 4.80230851709809e-11
177827.94100389210507 80.52632 4.54674228223126e-11
177827.94100389210507 85.26316 3.55858052097121e-11
177827.94100389210507 90.00000 1.21460034657855e-11
223872.11385683377739 0.00000 1.60294942841917e-11
223872.11385683377739 4.73684 1.60588372618637e-11
223872.11385683377739 9.47368 1.61503162006306e-11
223872.11385683377739 14.21053 1.63061756070368e-11
223872.11385683377739 18.94737 1.65218540019262e-11
223872.11385683377739 23.68421 1.68109490214781e-11
223872.11385683377739 28.42105 1.71702675343225e-11
223872.11385683377739 33.15789 1.76107796622678e-11
223872.11385683377739 37.89474 1.81383775931516e-11
223872.11385683377739 42.63158 1.87610886407688e-11
223872.11385683377739 47.36842 1.94879058134850e-11
223872.11385683377739 52.10526 2.03347051638664e-11
223872.11385683377739 56.84211 2.13036310451434e-11
223872.11385683377739 61.57895 2.23879027563835e-11
223872.11385683377739 66.31579 2.35548590993294e-11
223872.11385683377739 71.05263 2.47144979443262e-11
223872.11385683377739 75.78947 2.55384598894722e-11
223872.11385683377739 80.52632 2.51497054740653e-11
223872.11385683377739 85.26316 2.10675535937462e-11
223872.11385683377739 90.00000 8.31763140280870e-12
281838.29312644520542 0.00000 7.55739801987831e-12
281838.29312644520542 4.73684 7.57337266614568e-12
281838.29312644520542 9.47368 7.62031411014521e-12
281838.29312644520542 14.21053 7.69977834633455e-12
281838.29312644520542 18.94737 7.81357605887400e-12
281838.29312644520542 23.68421 7.96271685095768e-12
281838.29312644520542 28.42105 8.15265804615650e-12
281838.29312644520542 33.15789 8.38391628401304e-12
281838.29312644520542 37.89474 8.66550079141585e-12
281838.29312644520542 42.63158 9.00156091938380e-12
281838.29312644520542 47.36842 9.39897635645674e-12
281838.29312644520542 52.10526 9.86978880135076e-12
281838.29312644520542 56.84211 1.04221055428905e-11
281838.29312644520542 61.57895 1.10634140297439e-11
281838.29312644520542 66.31579 1.17932002468245e-11
281838.29312644520542 71.05263 1.25848644524328e-11
281838.29312644520542 75.78947 1.33171196448491e-11
281838.29312644520542 80.52632 1.35963789611764e-11
281838.29312644520542 85.26316 1.20750302435251e-11
281838.29312644520542 90.00000 5.46293801982983e-12
354813.38923357531894 0.00000 3.53052343439079e-12
354813.38923357531894 4.73684 3.53843656944495e-12
354813.38923357531894 9.47368 3.56226948648743e-12
354813.38923357531894 14.21053 3.60226327702122e-12
354813.38923357531894 18.94737 3.65971565257327e-12
354813.38923357531894 23.68421 3.73573392384813e-12
354813.38923357531894 28.42105 3.83183558506745e-12
354813.38923357531894 33.15789 3.95103645804765e-12
354813.38923357531894 37.89474 4.09618858577836e-12
354813.38923357531894 42.63158 4.27096639864074e-12
354813.38923357531894 47.36842 4.48076150940006e-12
354813.38923357531894 52.10526 4.73261303606427e-12
354813.38923357531894 56.84211 5.03295022091214e-12
354813.38923357531894 61.57895 5.39108816693182e-12
354813.38923357531894 66.31579 5.81421975605024e-12
354813.38923357531894 71.05263 6.30297141676019e-12
354813.38923357531894 75.78947 6.82057144753912e-12
354813.38923357531894 80.52632 7.18759267451298e-12
354813.38923357531894 85.26316 6.74515185115973e-12
354813.38923357531894 90.00000 3.43926478664517e-12
446683.59215096256230 0.00000 1.63544642119478e-12
446683.59215096256230 4.73684 1.63938257234190e-12
446683.59215096256230 9.47368 1.65105984827765e-12
446683.59215096256230 14.21053 1.67083371652496e-12
446683.59215096256230 18.94737 1.69910079639276e-12
446683.59215096256230 23.68421 1.73699815340885e-12
446683.59215096256230 28.42105 1.78455680293803e-12
446683.59215096256230 33.15789 1.84438649972739e-12
446683.59215096256230 37.89474 1.91718204055969e-12
446683.59215096256230 42.63158 2.00575945385062e-12
446683.59215096256230 47.36842 2.11289377689397e-12
446683.59215096256230 52.10526 2.24306261686457e-12
446683.59215096256230 56.84211 2.40097796546396e-12
446683.59215096256230 61.57895 2.59224198094455e-12
446683.59215096256230 66.31579 2.82583876964536e-12
446683.59215096256230 71.05263 3.10689389326418e-12
446683.59215096256230 75.78947 3.42764395861825e-12
446683.59215096256230 80.52632 3.72285277261102e-12
446683.59215096256230 85.26316 3.67064554344873e-12
446683.59215096256230 90.00000 2.07600533062237e-12
562341.32519034796860 0.00000 7.51349875481840e-13
562341.32519034796860 4.73684 7.53284616895612e-13
562341.32519034796860 9.47368 7.58933969422522e-13
562341.32519034796860 14.21053 7.68414732857197e-13
562341.32519034796860 18.94737 7.82181739675502e-13
562341.32519034796860 23.68421 8.00578265650556e-13
562341.32519034796860 28.42105 8.23777679768697e-13
562341.32519034796860 33.15789 8.52992401639512e-13
562341.32519034796860 37.89474 8.88836105638101e-13
562341.32519034796860 42.63158 9.32598684008840e-13
562341.32519034796860 47.36842 9.85968572196377e-13
562341.32519034796860 52.10526 1.05135923888059e-12
562341.32519034796860 56.84211 1.13180487255341e-12
562341.32519034796860 61.57895 1.23076979906199e-12
562341.32519034796860 66.31579 1.35432814243719e-12
562341.32519034796860 71.05263 1.50799306911438e-12
562341.32519034796860 75.78947 1.69321156214579e-12
562341.32519034796860 80.52632 1.89109660228793e-12
562341.32519034796860 85.26316 1.94666299634351e-12
562341.32519034796860 90.00000 1.20589607218796e-12
707945.78438413667027 0.00000 3.42415442082004e-13
707945.78438413667027 4.73684 3.43311749455167e-13
707945.78438413667027 9.47368 3.46011689431183e-13
707945.78438413667027 14.21053 3.50562490803170e-13
707945.78438413667027 18.94737 3.57107418184306e-13
707945.78438413667027 23.68421 3.65890169024053e-13
707945.78438413667027 28.42105 3.77008878859257e-13
707945.78438413667027 33.15789 3.91037846641138e-13
707945.78438413667027 37.89474 4.08307949872879e-13
707945.78438413667027 42.63158 4.29553741259184e-13
707945.78438413667027 47.36842 4.55575683141432e-13
707945.78438413667027 52.10526 4.87677984880444e-13
707945.78438413667027 56.84211 5.27579961295806e-13
707945.78438413667027 61.57895 5.77480340920126e-13
707945.78438413667027 66.31579 6.40689890175991e-13
707945.78438413667027 71.05263 7.21519000833968e-13
707945.78438413667027 75.78947 8.23708912311441e-13
707945.78438413667027 80.52632 9.42124374566000e-13
707945.78438413667027 85.26316 1.00893619585476e-12
707945.78438413667027 90.00000 6.76046249986534e-13
891250.93813374498859 0.00000 1.54888166038232e-13
891250.93813374498859 4.73684 1.55311223665190e-13
891250.93813374498859 9.47368 1.56574226301637e-13
891250.93813374498859 14.21053 1.58713912792702e-13
891250.93813374498859 18.94737 1.61790359374130e-13
891250.93813374498859 23.68421 1.65917504081358e-13
891250.93813374498859 28.42105 1.71182882362474e-13
891250.93813374498859 33.15789 1.77817031562941e-13
891250.93813374498859 37.89474 1.86015376457242e-13
891250.93813374498859 42.63158 1.96128913722250e-13
891250.93813374498859 47.36842 2.08595228627827e-13
891250.93813374498859 52.10526 2.24091798928602e-13
891250.93813374498859 56.84211 2.43472470913525e-13
891250.93813374498859 61.57895 2.67983243782305e-13
891250.93813374498859 66.31579 2.99540922947112e-13
891250.93813374498859 71.05263 3.40700280795722e-13
891250.93813374498859 75.78947 3.94661367992299e-13
891250.93813374498859 80.52632 4.60948772360254e-13
891250.93813374498859 85.26316 5.11235857948450e-13
891250.93813374498859 90.00000 3.66217988920064e-13
1122018.45430196286179 0.00000 6.95581115023124e-14
1122018.45430196286179 4.73684 6.97530425444963e-14
1122018.45430196286179 9.47368 7.03400309325996e-14
1122018.45430196286179 14.21053 7.13312733649122e-14
1122018.45430196286179 18.94737 7.27642162051969e-14
1122018.45430196286179 23.68421 7.46751088322263e-14
1122018.45430196286179 28.42105 7.71341515485653e-14
1122018.45430196286179 33.15789 8.02233025237829e-14
1122018.45430196286179 37.89474 8.40639829912234e-14
1122018.45430196286179 42.63158 8.88135562270027e-14
1122018.45430196286179 47.36842 9.46860735245550e-14
1122018.45430196286179 52.10526 1.02046665839968e-13
1122018.45430196286179 56.84211 1.11300431367696e-13
1122018.45430196286179 61.57895 1.23096628909120e-13
1122018.45430196286179 66.31579 1.38489411259531e-13
1122018.45430196286179 71.05263 1.58890727851783e-13
1122018.45430196286179 75.78947 1.86313865856969e-13
1122018.45430196286179 80.52632 2.21870025621927e-13
1122018.45430196286179 85.26316 2.53940637833971e-13
1122018.45430196286179 90.00000 1.92276641529399e-13
1412537.54462275258265 0.00000 3.09998438247087e-14
1412537.54462275258265 4.73684 3.10893594992747e-14
1412537.54462275258265 9.47368 3.13576620688467e-14
1412537.54462275258265 14.21053 3.18122440410993e-14
1412537.54462275258265 18.94737 3.24687017572117e-14
1412537.54462275258265 23.68421 3.33464863794833e-14
1412537.54462275258265 28.42105 3.44767141336541e-14
1412537.54462275258265 33.15789 3.58987672020527e-14
1412537.54462275258265 37.89474 3.76719840905206e-14
1412537.54462275258265 42.63158 3.98727922038445e-14
1412537.54462275258265 47.36842 4.26012996208713e-14
1412537.54462275258265 52.10526 4.60369084372442e-14
1412537.54462275258265 56.84211 5.03799617130445e-14
1412537.54462275258265 61.57895 5.59649798187508e-14
1412537.54462275258265 66.31579 6.33151159610921e-14
1412537.54462275258265 71.05263 7.32074215110665e-14
1412537.54462275258265 75.78947 8.67659927650893e-14
1412537.54462275258265 80.52632 1.05137416120684e-13
1412537.54462275258265 85.26316 1.23467563813606e-13
1412537.54462275258265 90.00000 9.81096743741654e-14
1778279.41003891918808 0.00000 1.37170730207622e-14
1778279.41003891918808 4.73684 1.37574979399799e-14
1778279.41003891918808 9.47368 1.38792167138192e-14
1778279.41003891918808 14.21053 1.40850465128494e-14
1778279.41003891918808 18.94737 1.43829059925975e-14
1778279.41003891918808 23.68421 1.47817669303876e-14
1778279.41003891918808 28.42105 1.52943550076121e-14
1778279.41003891918808 33.15789 1.59430815362794e-14
1778279.41003891918808 37.89474 1.67517685459310e-14
1778279.41003891918808 42.63158 1.77591526269038e-14
1778279.41003891918808 47.36842 1.90114416185110e-14
1778279.41003891918808 52.10526 2.05928557592948e-14
1778279.41003891918808 56.84211 2.26034095368931e-14
1778279.41003891918808 61.57895 2.52049602607068e-14
1778279.41003891918808 66.31579 2.86574248982577e-14
1778279.41003891918808 71.05263 3.33580509072254e-14
1778279.41003891918808 75.78947 3.99296961624523e-14
1778279.41003891918808 80.52632 4.90805584292187e-14
1778279.41003891918808 85.26316 5.89832241905687e-14
1778279.41003891918808 90.00000 4.87575172519272e-14
2238721.13856833800673 0.00000 6.03007178051853e-15
2238721.13856833800673 4.73684 6.04804253595632e-15
2238721.13856833800673 9.47368 6.10265645651606e-15
2238721.13856833800673 14.21053 6.19537187871327e-15
2238721.13856833800673 18.94737 6.32906893924326e-15
2238721.13856833800673 23.68421 6.50813771355862e-15
2238721.13856833800673 28.42105 6.73845227542831e-15
2238721.13856833800673 33.15789 7.03106944864352e-15
2238721.13856833800673 37.89474 7.39629551460516e-15
2238721.13856833800673 42.63158 7.85152118258174e-15
2238721.13856833800673 47.36842 8.41984714970288e-15
2238721.13856833800673 52.10526 9.13973141612597e-15
2238721.13856833800673 56.84211 1.00585653229668e-14
2238721.13856833800673 61.57895 1.12537869397953e-14
2238721.13856833800673 66.31579 1.28521733878731e-14
2238721.13856833800673 71.05263 1.50478560695716e-14
2238721.13856833800673 75.78947 1.81642506091699e-14
2238721.13856833800673 80.52632 2.26060631267290e-14
2238721.13856833800673 85.26316 2.77197442776778e-14
2238721.13856833800673 90.00000 2.36605265266920e-14
2818382.93126445543021 0.00000 2.63512014108338e-15
2818382.93126445543021 4.73684 2.64311710086233e-15
2818382.93126445543021 9.47368 2.66739633392992e-15
2818382.93126445543021 14.21053 2.70861053686319e-15
2818382.93126445543021 18.94737 2.76801571899552e-15
2818382.93126445543021 23.68421 2.84785684266812e-15
2818382.93126445543021 28.42105 2.95066425826411e-15
2818382.93126445543021 33.15789 3.08110533577094e-15
2818382.93126445543021 37.89474 3.24458472713064e-15
2818382.93126445543021 42.63158 3.44842092823930e-15
2818382.93126445543021 47.36842 3.70368634629948e-15
2818382.93126445543021 52.10526 4.02775763764779e-15
2818382.93126445543021 56.84211 4.44304734096329e-15
2818382.93126445543021 61.57895 4.98622004938703e-15
2818382.93126445543021 66.31579 5.71627500089022e-15
2818382.93126445543021 71.05263 6.72836832946111e-15
2818382.93126445543021 75.78947 8.18044929232611e-15
2818382.93126445543021 80.52632 1.02943422665940e-14
2818382.93126445543021 85.26316 1.28436710184472e-14
2818382.93126445543021 90.00000 1.12691369719020e-14
3548133.89233575342223 0.00000 1.14487474648445e-15
3548133.89233575342223 4.73684 1.14842790286785e-15
3548133.89233575342223 9.47368 1.15912224892178e-15
3548133.89233575342223 14.21053 1.17724839903913e-15
3548133.89233575342223 18.94737 1.20346259080713e-15
3548133.89233575342223 23.68421 1.23877815170330e-15
3548133.89233575342223 28.42105 1.28419556975775e-15
3548133.89233575342223 33.15789 1.34194095650584e-15
3548133.89233575342223 37.89474 1.41435155551013e-15
3548133.89233575342223 42.63158 1.50488583120197e-15
3548133.89233575342223 47.36842 1.61839202170970e-15
3548133.89233575342223 52.10526 1.76300935554976e-15
3548133.89233575342223 56.84211 1.94878358123018e-15
3548133.89233575342223 61.57895 2.19285754616594e-15
3548133.89233575342223 66.31579 2.52260427301186e-15
3548133.89233575342223 71.05263 2.98310508801656e-15
3548133.89233575342223 75.78947 3.65149230242424e-15
3548133.89233575342223 80.52632 4.64015925084041e-15
3548133.89233575342223 85.26316 5.87551310981979e-15
3548133.89233575342223 90.00000 5.27366267627764e-15
4466835.92150962632149 0.00000 4.95085476120501e-16
4466835.92150962632149 4.73684 4.96640726287900e-16
4466835.92150962632149 9.47368 5.01324730977262e-16
4466835.92150962632149 14.21053 5.09259784168342e-16
4466835.92150962632149 18.94737 5.20749421459803e-16
4466835.92150962632149 23.68421 5.36229401471973e-16
4466835.92150962632149 28.42105 5.56144098449177e-16
4466835.92150962632149 33.15789 5.81526744626548e-16
4466835.92150962632149 37.89474 6.13358046429260e-16
4466835.92150962632149 42.63158 6.53246462305224e-16
4466835.92150962632149 47.36842 7.03340505795403e-16
4466835.92150962632149 52.10526 7.67332221909830e-16
4466835.92150962632149 56.84211 8.49753414674010e-16
4466835.92150962632149 61.57895 9.58349539830291e-16
4466835.92150962632149 66.31579 1.10589773392274e-15
4466835.92150962632149 71.05263 1.31314364225378e-15
4466835.92150962632149 75.78947 1.61670533029791e-15
4466835.92150962632149 80.52632 2.07214229179636e-15
4466835.92150962632149 85.26316 2.65732759147130e-15
4466835.92150962632149 90.00000 2.42903037146806e-15
5623413.25190347898751 0.00000 2.13393205049992e-16
5623413.25190347898751 4.73684 2.14067057543002e-16
5623413.25190347898751 9.47368 2.16107715516245e-16
5623413.25190347898751 14.21053 2.19571099822107e-16
5623413.25190347898751 18.94737 2.24577949488343e-16
5623413.25190347898751 23.68421 2.31319012041911e-16
5623413.25190347898751 28.42105 2.40017501951599e-16
5623413.25190347898751 33.15789 2.51095748152165e-16
5623413.25190347898751 37.89474 2.65008018340139e-16
5623413.25190347898751 42.63158 2.82474152308649e-16
5623413.25190347898751 47.36842 3.04441472098497e-16
5623413.25190347898751 52.10526 3.32548530011956e-16
5623413.25190347898751 56.84211 3.68876445646802e-16
5623413.25190347898751 61.57895 4.16850352193867e-16
5623413.25190347898751 66.31579 4.82297683349167e-16
5623413.25190347898751 71.05263 5.74782570669980e-16
5623413.25190347898751 75.78947 7.11257692035256e-16
5623413.25190347898751 80.52632 9.18489848732251e-16
5623413.25190347898751 85.26316 1.19103023278647e-15
5623413.25190347898751 90.00000 1.10497627569350e-15
7079457.84384137298912 0.00000 9.17517303086042e-17
7079457.84384137298912 4.73684 9.20450207675444e-17
7079457.84384137298912 9.47368 9.29292497205637e-17
7079457.84384137298912 14.21053 9.44284601291389e-17
7079457.84384137298912 18.94737 9.66030517010595e-17
7079457.84384137298912 23.68421 9.95255293774585e-17
7079457.84384137298912 28.42105 1.03305689026519e-16
7079457.84384137298912 33.15789 1.08119168660053e-16
7079457.84384137298912 37.89474 1.14170771039065e-16
7079457.84384137298912 42.63158 1.21772822911078e-16
7079457.84384137298912 47.36842 1.31351963705739e-16
7079457.84384137298912 52.10526 1.43632496126003e-16
7079457.84384137298912 56.84211 1.59536132175000e-16
7079457.84384137298912 61.57895 1.80599043477571e-16
7079457.84384137298912 66.31579 2.09434263569164e-16
7079457.84384137298912 71.05263 2.50378282055956e-16
7079457.84384137298912 75.78947 3.11257611031096e-16
7079457.84384137298912 80.52632 4.04607257705009e-16
7079457.84384137298912 85.26316 5.29637575695283e-16
7079457.84384137298912 90.00000 4.97511300998920e-16
8912509.38133745826781 0.00000 3.94031651996450e-17
8912509.38133745826781 4.73684 3.95299818695565e-17
8912509.38133745826781 9.47368 3.99119706666649e-17
8912509.38133745826781 14.21053 4.05595307573162e-17
8912509.38133745826781 18.94737 4.14990732917119e-17
8912509.38133745826781 23.68421 4.27637710774405e-17
8912509.38133745826781 28.42105 4.43985886521416e-17
8912509.38133745826781 33.15789 4.64822846403562e-17
8912509.38133745826781 37.89474 4.91050429071075e-17
8912509.38133745826781 42.63158 5.24014021245583e-17
8912509.38133745826781 47.36842 5.65622036256397e-17
8912509.38133745826781 52.10526 6.19033102036808e-17
8912509.38133745826781 56.84211 6.88324588472595e-17
8912509.38133745826781 61.57895 7.80321726646537e-17
8912509.38133745826781 66.31579 9.06681865780364e-17
8912509.38133745826781 71.05263 1.08684027736160e-16
8912509.38133745826781 75.78947 1.35618390421321e-16
8912509.38133745826781 80.52632 1.77309082203234e-16
8912509.38133745826781 85.26316 2.34078246254080e-16
8912509.38133745826781 90.00000 2.22095546410284e-16
11220184.54301963001490 0.00000 1.69013731831911e-17
11220184.54301963001490 4.73684 1.69558704753491e-17
11220184.54301963001490 9.47368 1.71204056115282e-17
11220184.54301963001490 14.21053 1.73995393432297e-17
11220184.54301963001490 18.94737 1.78040029656590e-17
11220184.54301963001490 23.68421 1.83493328093253e-17
11220184.54301963001490 28.42105 1.90539997213730e-17
11220184.54301963001490 33.15789 1.99529707521499e-17
11220184.54301963001490 37.89474 2.10852387586553e-17
11220184.54301963001490 42.63158 2.25096673300631e-17
11220184.54301963001490 47.36842 2.43093334702277e-17
11220184.54301963001490 52.10526 2.66223124162729e-17
11220184.54301963001490 56.84211 2.96274634707845e-17
11220184.54301963001490 61.57895 3.36272190605894e-17
11220184.54301963001490 66.31579 3.91340773923065e-17
11220184.54301963001490 71.05263 4.70150141856570e-17
11220184.54301963001490 75.78947 5.88566578346513e-17
11220184.54301963001490 80.52632 7.73279284592177e-17
11220184.54301963001490 85.26316 1.02790665849416e-16
11220184.54301963001490 90.00000 9.82928503317437e-17
14125375.44622752629220 0.00000 7.24379261372705e-18
14125375.44622752629220 4.73684 7.26722511377617e-18
14125375.44622752629220 9.47368 7.33789083580339e-18
14125375.44622752629220 14.21053 7.45774551688283e-18
14125375.44622752629220 18.94737 7.63159549261904e-18
14125375.44622752629220 23.68421 7.86592387611073e-18
14125375.44622752629220 28.42105 8.16891476042026e-18
14125375.44622752629220 33.15789 8.55569454836986e-18
14125375.44622752629220 37.89474 9.04310321227390e-18
14125375.44622752629220 42.63158 9.65665501314377e-18
14125375.44622752629220 47.36842 1.04325570768305e-17
14125375.44622752629220 52.10526 1.14308552865283e-17
14125375.44622752629220 56.84211 1.27295450690783e-17
14125375.44622752629220 61.57895 1.44613964863276e-17
14125375.44622752629220 66.31579 1.68511067281607e-17
14125375.44622752629220 71.05263 2.02816863015178e-17
14125375.44622752629220 75.78947 2.54602124627833e-17
14125375.44622752629220 80.52632 3.35933324040006e-17
14125375.44622752629220 85.26316 4.49305631061267e-17
14125375.44622752629220 90.00000 4.32382181008289e-17
17782794.10038919001818 0.00000 3.10477674602322e-18
17782794.10038919001818 4.73684 3.11483301771515e-18
17782794.10038919001818 9.47368 3.14512667075934e-18
17782794.10038919001818 14.21053 3.19649769623432e-18
17782794.10038919001818 18.94737 3.27107086569070e-18
17782794.10038919001818 23.68421 3.37158245088032e-18
17782794.10038919001818 28.42105 3.50159507097865e-18
17782794.10038919001818 33.15789 3.66763580093592e-18
17782794.10038919001818 37.89474 3.87697644826020e-18
17782794.10038919001818 42.63158 4.14069070313632e-18
17782794.10038919001818 47.36842 4.47439660312390e-18
17782794.10038919001818 52.10526 4.90410374845265e-18
17782794.10038919001818 56.84211 5.46388672245693e-18
17782794.10038919001818 61.57895 6.21128461849875e-18
17782794.10038919001818 66.31579 7.24468176323829e-18
17782794.10038919001818 71.05263 8.73226291211956e-18
17782794.10038919001818 75.78947 1.09854742452218e-17
17782794.10038919001818 80.52632 1.45452633121251e-17
17782794.10038919001818 85.26316 1.95552122188272e-17
17782794.10038919001818 90.00000 1.89115153033897e-17
22387211.38568333163857 0.00000 1.33038068053160e-18
22387211.38568333163857 4.73684 1.33468653616132e-18
22387211.38568333163857 9.47368 1.34764362950665e-18
22387211.38568333163857 14.21053 1.36961193915814e-18
22387211.38568333163857 18.94737 1.40152844654731e-18
22387211.38568333163857 23.68421 1.44453524755556e-18
22387211.38568333163857 28.42105 1.50018611728430e-18
22387211.38568333163857 33.15789 1.57129419478119e-18
22387211.38568333163857 37.89474 1.66097574437366e-18
22387211.38568333163857 42.63158 1.77400931645240e-18
22387211.38568333163857 47.36842 1.91712972603956e-18
22387211.38568333163857 52.10526 2.10156268383621e-18
22387211.38568333163857 56.84211 2.34201883426542e-18
22387211.38568333163857 61.57895 2.66349784065322e-18
22387211.38568333163857 66.31579 3.10872562489549e-18
22387211.38568333163857 71.05263 3.75097934602933e-18
22387211.38568333163857 75.78947 4.72715770852185e-18
22387211.38568333163857 80.52632 6.27583104824973e-18
22387211.38568333163857 85.26316 8.47072356499042e-18
22387211.38568333163857 90.00000 8.21759807407755e-18
28183829.31264449656010 0.00000 5.69562837277139e-19
28183829.31264449656010 4.73684 5.71396300963860e-19
28183829.31264449656010 9.47368 5.76922083645816e-19
28183829.31264449656010 14.21053 5.86297425691965e-19
28183829.31264449656010 18.94737 5.99905056909357e-19
28183829.31264449656010 23.68421 6.18255882980929e-19
28183829.31264449656010 28.42105 6.41996475054531e-19
28183829.31264449656010 33.15789 6.72350064633761e-19
28183829.31264449656010 37.89474 7.10641911262243e-19
28183829.31264449656010 42.63158 7.58928953502654e-19
28183829.31264449656010 47.36842 8.20089054008702e-19
28183829.31264449656010 52.10526 8.98962191252341e-19
28183829.31264449656010 56.84211 1.00186573929273e-18
28183829.31264449656010 61.57895 1.13958344056375e-18
28183829.31264449656010 66.31579 1.33055856447182e-18
28183829.31264449656010 71.05263 1.60655920959170e-18
28183829.31264449656010 75.78947 2.02716971836405e-18
28183829.31264449656010 80.52632 2.69700609042510e-18
28183829.31264449656010 85.26316 3.65170654318898e-18
28183829.31264449656010 90.00000 3.54914590765138e-18
35481338.92335753142834 0.00000 2.43598984339897e-19
35481338.92335753142834 4.73684 2.44375622047634e-19
35481338.92335753142834 9.47368 2.46724927014540e-19
35481338.92335753142834 14.21053 2.50713994360328e-19
35481338.92335753142834 18.94737 2.56492055447765e-19
35481338.92335753142834 23.68421 2.64298427259501e-19
35481338.92335753142834 28.42105 2.74393784534662e-19
35481338.92335753142834 33.15789 2.87299501587052e-19
35481338.92335753142834 37.89474 3.03588828323910e-19
35481338.92335753142834 42.63158 3.24142216859502e-19
35481338.92335753142834 47.36842 3.50176815037992e-19
35481338.92335753142834 52.10526 3.83777613835640e-19
35481338.92335753142834 56.84211 4.27635771597251e-19
35481338.92335753142834 61.57895 4.86384173348443e-19
35481338.92335753142834 66.31579 5.67938582140055e-19
35481338.92335753142834 71.05263 6.85976360069253e-19
35481338.92335753142834 75.78947 8.66228597190898e-19
35481338.92335753142834 80.52632 1.15416099841320e-18
35481338.92335753142834 85.26316 1.56647473753060e-18
35481338.92335753142834 90.00000 1.52399873423018e-18
44668359.21509625762701 0.00000 1.04079791236837e-19
44668359.21509625762701 4.73684 1.04409928292403e-19
44668359.21509625762701 9.47368 1.05404442284869e-19
44668359.21509625762701 14.21053 1.07090382998902e-19
44668359.21509625762701 18.94737 1.09540451563775e-19
44668359.21509625762701 23.68421 1.12843493982098e-19
44668359.21509625762701 28.42105 1.17122878251957e-19
44668359.21509625762701 33.15789 1.22589761724097e-19
44668359.21509625762701 37.89474 1.29492453065194e-19
44668359.21509625762701 42.63158 1.38203718598136e-19
44668359.21509625762701 47.36842 1.49243110581345e-19
44668359.21509625762701 52.10526 1.63494014698519e-19
44668359.21509625762701 56.84211 1.82107686932818e-19
44668359.21509625762701 61.57895 2.07058503946238e-19
44668359.21509625762701 66.31579 2.41725603072537e-19
44668359.21509625762701 71.05263 2.91959313567011e-19
44668359.21509625762701 75.78947 3.68808350929948e-19
44668359.21509625762701 80.52632 4.91847711666922e-19
44668359.21509625762701 85.26316 6.68601364204034e-19
44668359.21509625762701 90.00000 6.50586066173514e-19
56234132.51903479546309 0.00000 4.44454920823391e-20
56234132.51903479546309 4.73684 4.45857698633474e-20
56234132.51903479546309 9.47368 4.50048112815194e-20
56234132.51903479546309 14.21053 4.57143334764597e-20
56234132.51903479546309 18.94737 4.67488936638231e-20
56234132.51903479546309 23.68421 4.81426154534931e-20
56234132.51903479546309 28.42105 4.99469316594956e-20
56234132.51903479546309 33.15789 5.22547894897446e-20
56234132.51903479546309 37.89474 5.51682725382679e-20
56234132.51903479546309 42.63158 5.88466312126529e-20
56234132.51903479546309 47.36842 6.35081850647587e-20
56234132.51903479546309 52.10526 6.95275661141523e-20
56234132.51903479546309 56.84211 7.73943398133964e-20
56234132.51903479546309 61.57895 8.79447574445260e-20
56234132.51903479546309 66.31579 1.02614553758161e-19
56234132.51903479546309 71.05263 1.23890591256127e-19
56234132.51903479546309 75.78947 1.56484140166319e-19
56234132.51903479546309 80.52632 2.08769371410485e-19
56234132.51903479546309 85.26316 2.84031546944274e-19
56234132.51903479546309 90.00000 2.76225502987268e-19
70794578.43841359019279 0.00000 1.89738809394606e-20
70794578.43841359019279 4.73684 1.90329665237457e-20
70794578.43841359019279 9.47368 1.92089869488829e-20
70794578.43841359019279 14.21053 1.95068584181779e-20
70794578.43841359019279 18.94737 1.99416928770752e-20
70794578.43841359019279 23.68421 2.05272850448406e-20
70794578.43841359019279 28.42105 2.12851113797122e-20
70794578.43841359019279 33.15789 2.22559343370019e-20
70794578.43841359019279 37.89474 2.34807610678519e-20
70794578.43841359019279 42.63158 2.50268068490366e-20
70794578.43841359019279 47.36842 2.69876279279305e-20
70794578.43841359019279 52.10526 2.95204252148463e-20
70794578.43841359019279 56.84211 3.28308236319792e-20
70794578.43841359019279 61.57895 3.72719497403440e-20
70794578.43841359019279 66.31579 4.34505927421699e-20
70794578.43841359019279 71.05263 5.24195110629724e-20
70794578.43841359019279 75.78947 6.61730401523967e-20
70794578.43841359019279 80.52632 8.82662340777620e-20
70794578.43841359019279 85.26316 1.20107350239282e-19
70794578.43841359019279 90.00000 1.16635533809656e-19
89125093.81337440013885 0.00000 8.09470627168096e-21
89125093.81337440013885 4.73684 8.11925057074231e-21
89125093.81337440013885 9.47368 8.19283171286574e-21
89125093.81337440013885 14.21053 8.31781324984940e-21
89125093.81337440013885 18.94737 8.49937525303932e-21
89125093.81337440013885 23.68421 8.74423438446308e-21
89125093.81337440013885 28.42105 9.06134791372427e-21
89125093.81337440013885 33.15789 9.46725075712882e-21
89125093.81337440013885 37.89474 9.97924494055820e-21
89125093.81337440013885 42.63158 1.06257974880063e-20
89125093.81337440013885 47.36842 1.14463184295837e-20
89125093.81337440013885 52.10526 1.25064156467998e-20
89125093.81337440013885 56.84211 1.38916132264635e-20
89125093.81337440013885 61.57895 1.57509741802288e-20
89125093.81337440013885 66.31579 1.83384283254853e-20
89125093.81337440013885 71.05263 2.20972794756960e-20
89125093.81337440013885 75.78947 2.78645448198536e-20
89125093.81337440013885 80.52632 3.71385100596066e-20
89125093.81337440013885 85.26316 5.05007909573489e-20
89125093.81337440013885 90.00000 4.88993801439992e-20
112201845.43019630014896 0.00000 3.44976078704345e-21
112201845.43019630014896 4.73684 3.45981835850368e-21
112201845.43019630014896 9.47368 3.49046712716468e-21
112201845.43019630014896 14.21053 3.54262758717427e-21
112201845.43019630014896 18.94737 3.61792546058244e-21
112201845.43019630014896 23.68421 3.71982279866838e-21
112201845.43019630014896 28.42105 3.85150263725258e-21
112201845.43019630014896 33.15789 4.02013208858563e-21
112201845.43019630014896 37.89474 4.23296877978414e-21
112201845.43019630014896 42.63158 4.50185396650747e-21
112201845.43019630014896 47.36842 4.84300757878545e-21
112201845.43019630014896 52.10526 5.28370449337915e-21
112201845.43019630014896 56.84211 5.85996575263733e-21
112201845.43019630014896 61.57895 6.63340398192268e-21
112201845.43019630014896 66.31579 7.71019927768759e-21
112201845.43019630014896 71.05263 9.27482725075399e-21
112201845.43019630014896 75.78947 1.16771644883809e-20
112201845.43019630014896 80.52632 1.55413241553791e-20
112201845.43019630014896 85.26316 2.11045478305286e-20
112201845.43019630014896 90.00000 2.03686233698262e-20
141253754.46227526664734 0.00000 1.46921795453942e-21
141253754.46227526664734 4.73684 1.47336381692095e-21
141253754.46227526664734 9.47368 1.48602055363799e-21
141253754.46227526664734 14.21053 1.50757921648646e-21
141253754.46227526664734 18.94737 1.53867645119836e-21
141253754.46227526664734 23.68421 1.58067731874437e-21
141253754.46227526664734 28.42105 1.63511575085496e-21
141253754.46227526664734 33.15789 1.70477277686838e-21
141253754.46227526664734 37.89474 1.79264488031717e-21
141253754.46227526664734 42.63158 1.90378202370642e-21
141253754.46227526664734 47.36842 2.04467926559306e-21
141253754.46227526664734 52.10526 2.22659217068196e-21
141253754.46227526664734 56.84211 2.46474381155803e-21
141253754.46227526664734 61.57895 2.78428026913177e-21
141253754.46227526664734 66.31579 3.22933707798989e-21
141253754.46227526664734 71.05263 3.87612658217523e-21
141253754.46227526664734 75.78947 4.86968510688164e-21
141253754.46227526664734 80.52632 6.46812587437723e-21
141253754.46227526664734 85.26316 8.76830694032966e-21
141253754.46227526664734 90.00000 8.44016668956179e-21
177827941.00389194488525 0.00000 6.25713718754071e-22
177827941.00389194488525 4.73684 6.27438210794512e-22
177827941.00389194488525 9.47368 6.32631847077586e-22
177827941.00389194488525 14.21053 6.41417860749699e-22
177827941.00389194488525 18.94737 6.54170300075193e-22
177827941.00389194488525 23.68421 6.71450831884087e-22
177827941.00389194488525 28.42105 6.93780868753718e-22
177827941.00389194488525 33.15789 7.22386132723857e-22
177827941.00389194488525 37.89474 7.58410907323409e-22
177827941.00389194488525 42.63158 8.04009875531080e-22
177827941.00389194488525 47.36842 8.61810196843971e-22
177827941.00389194488525 52.10526 9.36524422683857e-22
177827941.00389194488525 56.84211 1.03420807137575e-21
177827941.00389194488525 61.57895 1.16535824208910e-21
177827941.00389194488525 66.31579 1.34802408428423e-21
177827941.00389194488525 71.05263 1.61358758208600e-21
177827941.00389194488525 75.78947 2.02161001490742e-21
177827941.00389194488525 80.52632 2.67800912208293e-21
177827941.00389194488525 85.26316 3.62178646957951e-21
177827941.00389194488525 90.00000 3.47608790329794e-21
223872113.85683333873749 0.00000 2.66353632247230e-22
223872113.85683333873749 4.73684 2.67062399406104e-22
223872113.85683333873749 9.47368 2.69168395663423e-22
223872113.85683333873749 14.21053 2.72751646968838e-22
223872113.85683333873749 18.94737 2.77956254222266e-22
223872113.85683333873749 23.68421 2.84993637659490e-22
223872113.85683333873749 28.42105 2.94055118587054e-22
223872113.85683333873749 33.15789 3.05711949295930e-22
223872113.85683333873749 37.89474 3.20410746877349e-22
223872113.85683333873749 42.63158 3.38971717729980e-22
223872113.85683333873749 47.36842 3.62487469719803e-22
223872113.85683333873749 52.10526 3.92926698337217e-22
223872113.85683333873749 56.84211 4.32718957633290e-22
223872113.85683333873749 61.57895 4.86120648379593e-22
223872113.85683333873749 66.31579 5.60539494385343e-22
223872113.85683333873749 71.05263 6.68683523762480e-22
223872113.85683333873749 75.78947 8.34959044241490e-22
223872113.85683333873749 80.52632 1.10228562344301e-21
223872113.85683333873749 85.26316 1.48584732343205e-21
223872113.85683333873749 90.00000 1.42114807075192e-21
281838293.12644493579865 0.00000 1.13513551378005e-22
281838293.12644493579865 4.73684 1.13797754518972e-22
281838293.12644493579865 9.47368 1.14654011405478e-22
281838293.12644493579865 14.21053 1.16100927707222e-22
281838293.12644493579865 18.94737 1.18216679830932e-22
281838293.12644493579865 23.68421 1.21054281957796e-22
281838293.12644493579865 28.42105 1.24717267607231e-22
281838293.12644493579865 33.15789 1.29428154173153e-22
281838293.12644493579865 37.89474 1.35384729634496e-22
281838293.12644493579865 42.63158 1.42883516985761e-22
281838293.12644493579865 47.36842 1.52399259469213e-22
281838293.12644493579865 52.10526 1.64708299064599e-22
281838293.12644493579865 56.84211 1.80782532427138e-22
281838293.12644493579865 61.57895 2.02391407472124e-22
281838293.12644493579865 66.31579 2.32475314788796e-22
281838293.12644493579865 71.05263 2.76207050376049e-22
281838293.12644493579865 75.78947 3.43413305310461e-22
281838293.12644493579865 80.52632 4.51512503117721e-22
281838293.12644493579865 85.26316 6.06136670570431e-22
281838293.12644493579865 90.00000 5.77572780050696e-22
354813389.23357540369034 0.00000 4.84652147841900e-23
354813389.23357540369034 4.73684 4.85809167814860e-23
354813389.23357540369034 9.47368 4.89223618167872e-23
354813389.23357540369034 14.21053 4.95040316764817e-23
354813389.23357540369034 18.94737 5.03502415459738e-23
354813389.23357540369034 23.68421 5.14923508911791e-23
354813389.23357540369034 28.42105 5.29612426755358e-23
354813389.23357540369034 33.15789 5.48555433653886e-23
354813389.23357540369034 37.89474 5.72395584364715e-23
354813389.23357540369034 42.63158 6.02490510992231e-23
354813389.23357540369034 47.36842 6.40744996330300e-23
354813389.23357540369034 52.10526 6.90074218970103e-23
354813389.23357540369034 56.84211 7.54616665788628e-23
354813389.23357540369034 61.57895 8.41209793409284e-23
354813389.23357540369034 66.31579 9.61878483604912e-23
354813389.23357540369034 71.05263 1.13729236649245e-22
354813389.23357540369034 75.78947 1.40673103795259e-22
354813389.23357540369034 80.52632 1.83970242292371e-22
354813389.23357540369034 85.26316 2.45753981782717e-22
354813389.23357540369034 90.00000 2.33041842472478e-22
446683592.15096259117126 0.00000 2.07152258268468e-23
446683592.15096259117126 4.73684 2.07605890034920e-23
446683592.15096259117126 9.47368 2.08973481668539e-23
446683592.15096259117126 14.21053 2.11282611574495e-23
446683592.15096259117126 18.94737 2.14641984791637e-23
446683592.15096259117126 23.68421 2.19173446122276e-23
446683592.15096259117126 28.42105 2.25041432796205e-23
446683592.15096259117126 33.15789 2.32568828208690e-23
446683592.15096259117126 37.89474 2.42037003042912e-23
446683592.15096259117126 42.63158 2.53992313652618e-23
446683592.15096259117126 47.36842 2.69183216032497e-23
446683592.15096259117126 52.10526 2.88802657409165e-23
446683592.15096259117126 56.84211 3.14447710705114e-23
446683592.15096259117126 61.57895 3.48838247290067e-23
446683592.15096259117126 66.31579 3.96766725129324e-23
446683592.15096259117126 71.05263 4.66396282187597e-23
446683592.15096259117126 75.78947 5.73349012150132e-23
446683592.15096259117126 80.52632 7.45053069551822e-23
446683592.15096259117126 85.26316 9.89267134513979e-23
446683592.15096259117126 90.00000 9.32958108883481e-23
562341325.19034790992737 0.00000 8.88003460351752e-24
562341325.19034790992737 4.73684 8.89878317324750e-24
562341325.19034790992737 9.47368 8.95226747255026e-24
562341325.19034790992737 14.21053 9.04204586531514e-24
562341325.19034790992737 18.94737 9.17550281417886e-24
562341325.19034790992737 23.68421 9.35387001169769e-24
562341325.19034790992737 28.42105 9.58509243687408e-24
562341325.19034790992737 33.15789 9.88090228273257e-24
562341325.19034790992737 37.89474 1.02550766188502e-23
562341325.19034790992737 42.63158 1.07252863567278e-23
562341325.19034790992737 47.36842 1.13230976395415e-23
562341325.19034790992737 52.10526 1.20958449352960e-23
562341325.19034790992737 56.84211 1.31051712076874e-23
562341325.19034790992737 61.57895 1.44597533795174e-23
562341325.19034790992737 66.31579 1.63433597146019e-23
562341325.19034790992737 71.05263 1.90841076339839e-23
562341325.19034790992737 75.78947 2.32847417060562e-23
562341325.19034790992737 80.52632 3.00315687067966e-23
562341325.19034790992737 85.26316 3.95889804643677e-23
562341325.19034790992737 90.00000 3.71457054121574e-23
707945784.38413584232330 0.00000 3.82794648393326e-24
707945784.38413584232330 4.73684 3.83512000359721e-24
707945784.38413584232330 9.47368 3.85599937736126e-24
707945784.38413584232330 14.21053 3.89165366581534e-24
707945784.38413584232330 18.94737 3.94317247312600e-24
707945784.38413584232330 23.68421 4.01363329606343e-24
707945784.38413584232330 28.42105 4.10340158053768e-24
707945784.38413584232330 33.15789 4.21960890436127e-24
707945784.38413584232330 37.89474 4.36589043411088e-24
707945784.38413584232330 42.63158 4.55005563862901e-24
707945784.38413584232330 47.36842 4.78380364020446e-24
707945784.38413584232330 52.10526 5.08493239924258e-24
707945784.38413584232330 56.84211 5.47992296069593e-24
707945784.38413584232330 61.57895 6.00862701215683e-24
707945784.38413584232330 66.31579 6.74414743322957e-24
707945784.38413584232330 71.05263 7.81339973718614e-24
707945784.38413584232330 75.78947 9.45317527116167e-24
707945784.38413584232330 80.52632 1.20788541395347e-23
707945784.38413584232330 85.26316 1.57899213492368e-23
707945784.38413584232330 90.00000 1.47390282559727e-23
891250938.13374412059784 0.00000 1.66277295692295e-24
891250938.13374412059784 4.73684 1.66549710474928e-24
891250938.13374412059784 9.47368 1.67371467825570e-24
891250938.13374412059784 14.21053 1.68757718664033e-24
891250938.13374412059784 18.94737 1.70770996345873e-24
891250938.13374412059784 23.68421 1.73488677137533e-24
891250938.13374412059784 28.42105 1.77002644036852e-24
891250938.13374412059784 33.15789 1.81504903674192e-24
891250938.13374412059784 37.89474 1.87177810259193e-24
891250938.13374412059784 42.63158 1.94340845388902e-24
891250938.13374412059784 47.36842 2.03408029542338e-24
891250938.13374412059784 52.10526 2.15123136280026e-24
891250938.13374412059784 56.84211 2.30412770593464e-24
891250938.13374412059784 61.57895 2.50909067173460e-24
891250938.13374412059784 66.31579 2.79426326705847e-24
891250938.13374412059784 71.05263 3.20804610847192e-24
891250938.13374412059784 75.78947 3.84346296800175e-24
891250938.13374412059784 80.52632 4.85771945128057e-24
891250938.13374412059784 85.26316 6.28411893646130e-24
891250938.13374412059784 90.00000 5.83298593934437e-24
1122018454.30196285247803 0.00000 7.28389262834707e-25
1122018454.30196285247803 4.73684 7.29516735926331e-25
1122018454.30196285247803 9.47368 7.32670271413263e-25
1122018454.30196285247803 14.21053 7.37950526627658e-25
1122018454.30196285247803 18.94737 7.45894973223544e-25
1122018454.30196285247803 23.68421 7.56358330600459e-25
1122018454.30196285247803 28.42105 7.69983948202929e-25
1122018454.30196285247803 33.15789 7.87354263220719e-25
1122018454.30196285247803 37.89474 8.09357549024806e-25
1122018454.30196285247803 42.63158 8.36983833621930e-25
1122018454.30196285247803 47.36842 8.72012073208841e-25
1122018454.30196285247803 52.10526 9.17359782123415e-25
1122018454.30196285247803 56.84211 9.76312172808557e-25
1122018454.30196285247803 61.57895 1.05515412405676e-24
1122018454.30196285247803 66.31579 1.16484131590089e-24
1122018454.30196285247803 71.05263 1.32418692239565e-24
1122018454.30196285247803 75.78947 1.56803024020868e-24
1122018454.30196285247803 80.52632 1.95764206039672e-24
1122018454.30196285247803 85.26316 2.50131144677403e-24
1122018454.30196285247803 90.00000 2.30902529987873e-24
1412537544.62275242805481 0.00000 3.22193125753157e-25
1412537544.62275242805481 4.73684 3.22618618219944e-25
1412537544.62275242805481 9.47368 3.23838124521532e-25
1412537544.62275242805481 14.21053 3.25924158842273e-25
1412537544.62275242805481 18.94737 3.28967146176799e-25
1412537544.62275242805481 23.68421 3.33058077378402e-25
1412537544.62275242805481 28.42105 3.38280623002275e-25
1412537544.62275242805481 33.15789 3.45029067884553e-25
1412537544.62275242805481 37.89474 3.53551471223833e-25
1412537544.62275242805481 42.63158 3.64218093116146e-25
1412537544.62275242805481 47.36842 3.77724020017333e-25
1412537544.62275242805481 52.10526 3.95141009648662e-25
1412537544.62275242805481 56.84211 4.17725170823671e-25
1412537544.62275242805481 61.57895 4.48057163892195e-25
1412537544.62275242805481 66.31579 4.90070643708540e-25
1412537544.62275242805481 71.05263 5.51033000948242e-25
1412537544.62275242805481 75.78947 6.44202511690036e-25
1412537544.62275242805481 80.52632 7.92662534690130e-25
1412537544.62275242805481 85.26316 9.99184702489559e-25
1412537544.62275242805481 90.00000 9.17189302672922e-25
1778279410.03891897201538 0.00000 1.44501281907632e-25
1778279410.03891897201538 4.73684 1.44661409952386e-25
1778279410.03891897201538 9.47368 1.45144347690232e-25
1778279410.03891897201538 14.21053 1.45958833150050e-25
1778279410.03891897201538 18.94737 1.47136983058920e-25
1778279410.03891897201538 23.68421 1.48726553473147e-25
1778279410.03891897201538 28.42105 1.50772724533090e-25
1778279410.03891897201538 33.15789 1.53392955323794e-25
1778279410.03891897201538 37.89474 1.56677270799776e-25
1778279410.03891897201538 42.63158 1.60810060467812e-25
1778279410.03891897201538 47.36842 1.66016788759663e-25
1778279410.03891897201538 52.10526 1.72736252970636e-25
1778279410.03891897201538 56.84211 1.81429572812192e-25
1778279410.03891897201538 61.57895 1.93060677108958e-25
1778279410.03891897201538 66.31579 2.09138755210955e-25
1778279410.03891897201538 71.05263 2.32429290052552e-25
1778279410.03891897201538 75.78947 2.67978206950727e-25
1778279410.03891897201538 80.52632 3.24363629066601e-25
1778279410.03891897201538 85.26316 4.02465166661441e-25
1778279410.03891897201538 90.00000 3.67684030016329e-25
2238721138.56833314895630 0.00000 6.57412811008740e-26
2238721138.56833314895630 4.73684 6.58073737252227e-26
2238721138.56833314895630 9.47368 6.59953494308465e-26
2238721138.56833314895630 14.21053 6.63166045418209e-26
2238721138.56833314895630 18.94737 6.67852904111733e-26
2238721138.56833314895630 23.68421 6.74092604357175e-26
2238721138.56833314895630 28.42105 6.82159353925251e-26
2238721138.56833314895630 33.15789 6.92448156206963e-26
2238721138.56833314895630 37.89474 7.05242051151066e-26
2238721138.56833314895630 42.63158 7.21408269267064e-26
2238721138.56833314895630 47.36842 7.41593629721266e-26
2238721138.56833314895630 52.10526 7.67647220747094e-26
2238721138.56833314895630 56.84211 8.01371268124604e-26
2238721138.56833314895630 61.57895 8.46085036451652e-26
2238721138.56833314895630 66.31579 9.07914547276091e-26
2238721138.56833314895630 71.05263 9.97038151218569e-26
2238721138.56833314895630 75.78947 1.13252613080793e-25
2238721138.56833314895630 80.52632 1.34703488789891e-25
2238721138.56833314895630 85.26316 1.64192381021046e-25
2238721138.56833314895630 90.00000 1.49280893942023e-25
2818382931.26445007324219 0.00000 3.03142766548805e-26
2818382931.26445007324219 4.73684 3.03399590283913e-26
2818382931.26445007324219 9.47368 3.04173385056204e-26
2818382931.26445007324219 14.21053 3.05479262287520e-26
2818382931.26445007324219 18.94737 3.07358583732419e-26
2818382931.26445007324219 23.68421 3.09886900494887e-26
2818382931.26445007324219 28.42105 3.13120746369982e-26
2818382931.26445007324219 33.15789 3.17251301662382e-26
2818382931.26445007324219 37.89474 3.22372939166989e-26
2818382931.26445007324219 42.63158 3.28778190042061e-26
2818382931.26445007324219 47.36842 3.36771330011257e-26
2818382931.26445007324219 52.10526 3.47011865473895e-26
2818382931.26445007324219 56.84211 3.60181342852060e-26
2818382931.26445007324219 61.57895 3.77592600656567e-26
2818382931.26445007324219 66.31579 4.01498599611284e-26
2818382931.26445007324219 71.05263 4.35874265651306e-26
2818382931.26445007324219 75.78947 4.87910132607446e-26
2818382931.26445007324219 80.52632 5.69848571200950e-26
2818382931.26445007324219 85.26316 6.81133095801028e-26
2818382931.26445007324219 90.00000 6.16496178906956e-26
3548133892.33575296401978 0.00000 1.41663888238828e-26
3548133892.33575296401978 4.73684 1.41775088444706e-26
3548133892.33575296401978 9.47368 1.42095086457263e-26
3548133892.33575296401978 14.21053 1.42639075997354e-26
3548133892.33575296401978 18.94737 1.43428399018527e-26
3548133892.33575296401978 23.68421 1.44471349521359e-26
3548133892.33575296401978 28.42105 1.45820991637781e-26
3548133892.33575296401978 33.15789 1.47510770979527e-26
3548133892.33575296401978 37.89474 1.49618452837919e-26
3548133892.33575296401978 42.63158 1.52222225655663e-26
3548133892.33575296401978 47.36842 1.55461905157515e-26
3548133892.33575296401978 52.10526 1.59565125926254e-26
3548133892.33575296401978 56.84211 1.64823951727352e-26
3548133892.33575296401978 61.57895 1.71699617913505e-26
3548133892.33575296401978 66.31579 1.81097612157425e-26
3548133892.33575296401978 71.05263 1.94450734186188e-26
3548133892.33575296401978 75.78947 2.14507814626687e-26
3548133892.33575296401978 80.52632 2.46077034876411e-26
3548133892.33575296401978 85.26316 2.88202541383287e-26
3548133892.33575296401978 90.00000 2.59605195063791e-26
4466835921.50962543487549 0.00000 6.69860968444507e-27
4466835921.50962543487549 4.73684 6.70326248127202e-27
4466835921.50962543487549 9.47368 6.71725339546568e-27
4466835921.50962543487549 14.21053 6.74083331289485e-27
4466835921.50962543487549 18.94737 6.77452087949292e-27
4466835921.50962543487549 23.68421 6.81967970920385e-27
4466835921.50962543487549 28.42105 6.87703902483409e-27
4466835921.50962543487549 33.15789 6.94883782408323e-27
4466835921.50962543487549 37.89474 7.03773860584220e-27
4466835921.50962543487549 42.63158 7.14719134517690e-27
4466835921.50962543487549 47.36842 7.28134401611481e-27
4466835921.50962543487549 52.10526 7.45053235817826e-27
4466835921.50962543487549 56.84211 7.66443112133503e-27
4466835921.50962543487549 61.57895 7.94196024173147e-27
4466835921.50962543487549 66.31579 8.31708730123138e-27
4466835921.50962543487549 71.05263 8.84517528242046e-27
4466835921.50962543487549 75.78947 9.63035726842910e-27
4466835921.50962543487549 80.52632 1.08478092492915e-26
4466835921.50962543487549 85.26316 1.24514665727231e-26
4466835921.50962543487549 90.00000 1.11602819521040e-26
5623413251.90347957611084 0.00000 3.19778968294060e-27
5623413251.90347957611084 4.73684 3.19991925981475e-27
5623413251.90347957611084 9.47368 3.20614628492227e-27
5623413251.90347957611084 14.21053 3.21665954428568e-27
5623413251.90347957611084 18.94737 3.23173600275459e-27
5623413251.90347957611084 23.68421 3.25182917836649e-27
5623413251.90347957611084 28.42105 3.27708401044465e-27
5623413251.90347957611084 33.15789 3.30873949589693e-27
5623413251.90347957611084 37.89474 3.34753442802793e-27
5623413251.90347957611084 42.63158 3.39490136500239e-27
5623413251.90347957611084 47.36842 3.45261452055733e-27
5623413251.90347957611084 52.10526 3.52424298988457e-27
5623413251.90347957611084 56.84211 3.61410231881079e-27
5623413251.90347957611084 61.57895 3.72878219081455e-27
5623413251.90347957611084 66.31579 3.88146065520433e-27
5623413251.90347957611084 71.05263 4.09410382720370e-27
5623413251.90347957611084 75.78947 4.40603848720953e-27
5623413251.90347957611084 80.52632 4.88145694515463e-27
5623413251.90347957611084 85.26316 5.49300498950343e-27
5623413251.90347957611084 90.00000 4.89598264250800e-27
7079457843.84135913848877 0.00000 1.53376010190484e-27
7079457843.84135913848877 4.73684 1.53472896164732e-27
7079457843.84135913848877 9.47368 1.53763688886847e-27
7079457843.84135913848877 14.21053 1.54253545290676e-27
7079457843.84135913848877 18.94737 1.54951030312118e-27
7079457843.84135913848877 23.68421 1.55876080512124e-27
7079457843.84135913848877 28.42105 1.57038320594374e-27
7079457843.84135913848877 33.15789 1.58482106111023e-27
7079457843.84135913848877 37.89474 1.60241068789079e-27
7079457843.84135913848877 42.63158 1.62365259566075e-27
7079457843.84135913848877 47.36842 1.64933310192336e-27
7079457843.84135913848877 52.10526 1.68079751672298e-27
7079457843.84135913848877 56.84211 1.71968621690611e-27
7079457843.84135913848877 61.57895 1.76875027333322e-27
7079457843.84135913848877 66.31579 1.83287414440737e-27
7079457843.84135913848877 71.05263 1.92020147072532e-27
7079457843.84135913848877 75.78947 2.04592440176973e-27
7079457843.84135913848877 80.52632 2.23445688465619e-27
7079457843.84135913848877 85.26316 2.46794889818980e-27
7079457843.84135913848877 90.00000 2.18757956745723e-27
8912509381.33744239807129 0.00000 7.39380469610373e-28
8912509381.33744239807129 4.73684 7.39846199182268e-28
8912509381.33744239807129 9.47368 7.41241819860458e-28
8912509381.33744239807129 14.21053 7.43589563652800e-28
8912509381.33744239807129 18.94737 7.46931054909644e-28
8912509381.33744239807129 23.68421 7.51341973139858e-28
8912509381.33744239807129 28.42105 7.56873203607224e-28
8912509381.33744239807129 33.15789 7.63697376198813e-28
8912509381.33744239807129 37.89474 7.71956346121483e-28
8912509381.33744239807129 42.63158 7.81857756800452e-28
8912509381.33744239807129 47.36842 7.93712533423278e-28
8912509381.33744239807129 52.10526 8.08086463551099e-28
8912509381.33744239807129 56.84211 8.25594733280978e-28
8912509381.33744239807129 61.57895 8.47254830721316e-28
8912509381.33744239807129 66.31579 8.74999744484607e-28
8912509381.33744239807129 71.05263 9.12065888064108e-28
8912509381.33744239807129 75.78947 9.64122694906654e-28
8912509381.33744239807129 80.52632 1.03951136918812e-27
8912509381.33744239807129 85.26316 1.12933862769607e-27
8912509381.33744239807129 90.00000 9.96047081983159e-28
11220184543.01963043212891 0.00000 3.57347287673497e-28
11220184543.01963043212891 4.73684 3.57576433199870e-28
11220184543.01963043212891 9.47368 3.58265177578737e-28
11220184543.01963043212891 14.21053 3.59420061558445e-28
11220184543.01963043212891 18.94737 3.61060291515170e-28
11220184543.01963043212891 23.68421 3.63224860851302e-28
11220184543.01963043212891 28.42105 3.65927720880057e-28
11220184543.01963043212891 33.15789 3.69254060530430e-28
11220184543.01963043212891 37.89474 3.73254357460200e-28
11220184543.01963043212891 42.63158 3.78026310690791e-28
11220184543.01963043212891 47.36842 3.83692146396683e-28
11220184543.01963043212891 52.10526 3.90486276545913e-28
11220184543.01963043212891 56.84211 3.98640902195494e-28
11220184543.01963043212891 61.57895 4.08598968294601e-28
11220184543.01963043212891 66.31579 4.21071374320979e-28
11220184543.01963043212891 71.05263 4.37289884827271e-28
11220184543.01963043212891 75.78947 4.59385096354882e-28
11220184543.01963043212891 80.52632 4.90282275476957e-28
11220184543.01963043212891 85.26316 5.25042791384028e-28
11220184543.01963043212891 90.00000 4.60840346229494e-28
14125375446.22752571105957 0.00000 1.72914359631546e-28
14125375446.22752571105957 4.73684 1.73029262094089e-28
14125375446.22752571105957 9.47368 1.73373264249648e-28
14125375446.22752571105957 14.21053 1.73950952445733e-28
14125375446.22752571105957 18.94737 1.74772255513197e-28
14125375446.22752571105957 23.68421 1.75853321152532e-28
14125375446.22752571105957 28.42105 1.77201461497521e-28
14125375446.22752571105957 33.15789 1.78856043348894e-28
14125375446.22752571105957 37.89474 1.80840227646083e-28
14125375446.22752571105957 42.63158 1.83195309126290e-28
14125375446.22752571105957 47.36842 1.85979266704764e-28
14125375446.22752571105957 52.10526 1.89288081424405e-28
14125375446.22752571105957 56.84211 1.93219906725028e-28
14125375446.22752571105957 61.57895 1.97951757522631e-28
14125375446.22752571105957 66.31579 2.03774175746433e-28
14125375446.22752571105957 71.05263 2.11138128097163e-28
14125375446.22752571105957 75.78947 2.20826848914300e-28
14125375446.22752571105957 80.52632 2.33885780287636e-28
14125375446.22752571105957 85.26316 2.47456515965437e-28
14125375446.22752571105957 90.00000 2.16338014059239e-28
17782794100.38919067382812 0.00000 8.37764286185572e-29
17782794100.38919067382812 4.73684 8.38339931498895e-29
17782794100.38919067382812 9.47368 8.40081702116586e-29
17782794100.38919067382812 14.21053 8.42987675945883e-29
17782794100.38919067382812 18.94737 8.47143612534652e-29
17782794100.38919067382812 23.68421 8.52582233791303e-29
17782794100.38919067382812 28.42105 8.59386732512605e-29
17782794100.38919067382812 33.15789 8.67712342171810e-29
17782794100.38919067382812 37.89474 8.77695977114553e-29
17782794100.38919067382812 42.63158 8.89526174542190e-29
17782794100.38919067382812 47.36842 9.03460113570271e-29
17782794100.38919067382812 52.10526 9.19932421820641e-29
17782794100.38919067382812 56.84211 9.39386276235326e-29
17782794100.38919067382812 61.57895 9.62551210811420e-29
17782794100.38919067382812 66.31579 9.90616507029501e-29
17782794100.38919067382812 71.05263 1.02534606036623e-28
17782794100.38919067382812 75.78947 1.06957020296246e-28
17782794100.38919067382812 80.52632 1.12654138268829e-28
17782794100.38919067382812 85.26316 1.18073404059455e-28
17782794100.38919067382812 90.00000 1.02930033106524e-28
22387211385.68337631225586 0.00000 4.06290098052949e-29
22387211385.68337631225586 4.73684 4.06583248336691e-29
22387211385.68337631225586 9.47368 4.07460949361081e-29
22387211385.68337631225586 14.21053 4.08933454000151e-29
22387211385.68337631225586 18.94737 4.11031258168340e-29
22387211385.68337631225586 23.68421 4.13786739860337e-29
22387211385.68337631225586 28.42105 4.17228552048935e-29
22387211385.68337631225586 33.15789 4.21451549085256e-29
22387211385.68337631225586 37.89474 4.26511680424849e-29
22387211385.68337631225586 42.63158 4.32504932065726e-29
22387211385.68337631225586 47.36842 4.39562315544359e-29
22387211385.68337631225586 52.10526 4.47895895654138e-29
22387211385.68337631225586 56.84211 4.57699187239934e-29
22387211385.68337631225586 61.57895 4.69306529934908e-29
22387211385.68337631225586 66.31579 4.83229461943637e-29
22387211385.68337631225586 71.05263 5.00163462697661e-29
22387211385.68337631225586 75.78947 5.21168007264221e-29
22387211385.68337631225586 80.52632 5.47033878837514e-29
22387211385.68337631225586 85.26316 5.69525557641213e-29
22387211385.68337631225586 90.00000 4.95620562220391e-29
28183829312.64455032348633 0.00000 1.97453613084518e-29
28183829312.64455032348633 4.73684 1.97600138910053e-29
28183829312.64455032348633 9.47368 1.98043156420127e-29
28183829312.64455032348633 14.21053 1.98784934325691e-29
28183829312.64455032348633 18.94737 1.99840851661198e-29
28183829312.64455032348633 23.68421 2.01231940549596e-29
28183829312.64455032348633 28.42105 2.02972073933203e-29
28183829312.64455032348633 33.15789 2.05108667088549e-29
28183829312.64455032348633 37.89474 2.07673086678733e-29
28183829312.64455032348633 42.63158 2.10713194672690e-29
28183829312.64455032348633 47.36842 2.14303937600194e-29
28183829312.64455032348633 52.10526 2.18542679308480e-29
28183829312.64455032348633 56.84211 2.23526910013657e-29
28183829312.64455032348633 61.57895 2.29425502524752e-29
28183829312.64455032348633 66.31579 2.36461911021584e-29
28183829312.64455032348633 71.05263 2.44938607464126e-29
28183829312.64455032348633 75.78947 2.55249872566214e-29
28183829312.64455032348633 80.52632 2.67480896810756e-29
28183829312.64455032348633 85.26316 2.77283108295896e-29
28183829312.64455032348633 90.00000 2.40988154495068e-29
35481338923.35752868652344 0.00000 9.59808244212568e-30
35481338923.35752868652344 4.73684 9.60543709578619e-30
35481338923.35752868652344 9.47368 9.62747258164669e-30
35481338923.35752868652344 14.21053 9.66442998797129e-30
35481338923.35752868652344 18.94737 9.71722381704538e-30
35481338923.35752868652344 23.68421 9.78672295539470e-30
35481338923.35752868652344 28.42105 9.87394396633709e-30
35481338923.35752868652344 33.15789 9.98112482566154e-30
35481338923.35752868652344 37.89474 1.01101839158500e-29
35481338923.35752868652344 42.63158 1.02637663657544e-29
35481338923.35752868652344 47.36842 1.04454501713229e-29
35481338923.35752868652344 52.10526 1.06605976036500e-29
35481338923.35752868652344 56.84211 1.09146326011941e-29
35481338923.35752868652344 61.57895 1.12154079617716e-29
35481338923.35752868652344 66.31579 1.15743556120728e-29
35481338923.35752868652344 71.05263 1.20053861804254e-29
35481338923.35752868652344 75.78947 1.25239612281866e-29
35481338923.35752868652344 80.52632 1.31239490216390e-29
35481338923.35752868652344 85.26316 1.35748104889966e-29
35481338923.35752868652344 90.00000 1.17893419390664e-29
44668359215.09626007080078 0.00000 4.67362489713242e-30
44668359215.09626007080078 4.73684 4.67723292536690e-30
44668359215.09626007080078 9.47368 4.68807961153121e-30
44668359215.09626007080078 14.21053 4.70627806314548e-30
44668359215.09626007080078 18.94737 4.73227286708718e-30
44668359215.09626007080078 23.68421 4.76660294537553e-30
44668359215.09626007080078 28.42105 4.80972957634907e-30
44668359215.09626007080078 33.15789 4.86291825622922e-30
44668359215.09626007080078 37.89474 4.92714602950152e-30
44668359215.09626007080078 42.63158 5.00387321035352e-30
44668359215.09626007080078 47.36842 5.09494406170702e-30
44668359215.09626007080078 52.10526 5.20333124366798e-30
44668359215.09626007080078 56.84211 5.33185348605149e-30
44668359215.09626007080078 61.57895 5.48475510057392e-30
44668359215.09626007080078 66.31579 5.66796042400264e-30
44668359215.09626007080078 71.05263 5.88825756214195e-30
44668359215.09626007080078 75.78947 6.15274150529790e-30
44668359215.09626007080078 80.52632 6.45465200894088e-30
44668359215.09626007080078 85.26316 6.67286076329610e-30
44668359215.09626007080078 90.00000 5.79179474886198e-30
56234132519.03479766845703 0.00000 2.27503829443403e-30
56234132519.03479766845703 4.73684 2.27678417049808e-30
56234132519.03479766845703 9.47368 2.28201862916170e-30
56234132519.03479766845703 14.21053 2.29082078354407e-30
56234132519.03479766845703 18.94737 2.30340623300196e-30
56234132519.03479766845703 23.68421 2.32005796147492e-30
56234132519.03479766845703 28.42105 2.34103022664396e-30
56234132519.03479766845703 33.15789 2.36696433116408e-30
56234132519.03479766845703 37.89474 2.39839438821016e-30
56234132519.03479766845703 42.63158 2.43609165914629e-30
56234132519.03479766845703 47.36842 2.48104372892287e-30
56234132519.03479766845703 52.10526 2.53485550327337e-30
56234132519.03479766845703 56.84211 2.59899754529070e-30
56234132519.03479766845703 61.57895 2.67584867474137e-30
56234132519.03479766845703 66.31579 2.76857174257978e-30
56234132519.03479766845703 71.05263 2.88066912190712e-30
56234132519.03479766845703 75.78947 3.01574152685495e-30
56234132519.03479766845703 80.52632 3.16958045393534e-30
56234132519.03479766845703 85.26316 3.27923888767984e-30
56234132519.03479766845703 90.00000 2.84404231486794e-30
70794578438.41374206542969 0.00000 1.10850419112373e-30
70794578438.41374206542969 4.73684 1.10933053403680e-30
70794578438.41374206542969 9.47368 1.11180976327199e-30
70794578438.41374206542969 14.21053 1.11597022179481e-30
70794578438.41374206542969 18.94737 1.12193893188646e-30
70794578438.41374206542969 23.68421 1.12984231306562e-30
70794578438.41374206542969 28.42105 1.13983373988107e-30
70794578438.41374206542969 33.15789 1.15221620598939e-30
70794578438.41374206542969 37.89474 1.16728786239944e-30
70794578438.41374206542969 42.63158 1.18543242665417e-30
70794578438.41374206542969 47.36842 1.20718341262531e-30
70794578438.41374206542969 52.10526 1.23338462956935e-30
70794578438.41374206542969 56.84211 1.26482995573267e-30
70794578438.41374206542969 61.57895 1.30277088203725e-30
70794578438.41374206542969 66.31579 1.34894701013008e-30
70794578438.41374206542969 71.05263 1.40527986384770e-30
70794578438.41374206542969 75.78947 1.47374798568120e-30
70794578438.41374206542969 80.52632 1.55221376376729e-30
70794578438.41374206542969 85.26316 1.60836375399566e-30
70794578438.41374206542969 90.00000 1.39371660237706e-30
89125093813.37458801269531 0.00000 5.39924251135573e-31
89125093813.37458801269531 4.73684 5.40310280553288e-31
89125093813.37458801269531 9.47368 5.41455111116246e-31
89125093813.37458801269531 14.21053 5.43378102414865e-31
89125093813.37458801269531 18.94737 5.46144352551190e-31
89125093813.37458801269531 23.68421 5.49810203669323e-31
89125093813.37458801269531 28.42105 5.54463405119490e-31
89125093813.37458801269531 33.15789 5.60246667840202e-31
89125093813.37458801269531 37.89474 5.67303474385391e-31
89125093813.37458801269531 42.63158 5.75848724593057e-31
89125093813.37458801269531 47.36842 5.86134990170141e-31
89125093813.37458801269531 52.10526 5.98606005935975e-31
89125093813.37458801269531 56.84211 6.13683923067760e-31
89125093813.37458801269531 61.57895 6.32020181873846e-31
89125093813.37458801269531 66.31579 6.54547319782044e-31
89125093813.37458801269531 71.05263 6.82342305805796e-31
89125093813.37458801269531 75.78947 7.16482218695540e-31
89125093813.37458801269531 80.52632 7.56050927072841e-31
89125093813.37458801269531 85.26316 7.84717635428288e-31
89125093813.37458801269531 90.00000 6.78674256866958e-31
