89.12509381337455 0.00000 9.75525193533559e-07
89.12509381337455 4.73684 9.59981762826646e-07
89.12509381337455 9.47368 9.26502840346246e-07
89.12509381337455 14.21053 8.69350817652823e-07
89.12509381337455 18.94737 7.88039992727332e-07
89.12509381337455 23.68421 6.97514005611221e-07
89.12509381337455 28.42105 5.95356377029668e-07
89.12509381337455 33.15789 4.93229915035880e-07
89.12509381337455 37.89474 3.96763603104370e-07
89.12509381337455 42.63158 3.05624338910570e-07
89.12509381337455 47.36842 2.22741003866181e-07
89.12509381337455 52.10526 1.52367395902208e-07
89.12509381337455 56.84211 9.72109984046557e-08
89.12509381337455 61.57895 5.64328714203765e-08
89.12509381337455 66.31579 2.91558524782369e-08
89.12509381337455 71.05263 1.29130066842296e-08
89.12509381337455 75.78947 4.58173553997706e-09
89.12509381337455 80.52632 1.15824859447778e-09
89.12509381337455 85.26316 1.59984781423108e-10
89.12509381337455 90.00000 6.70062578500004e-12
112.20184543019636 0.00000 1.07088118342032e-06
112.20184543019636 4.73684 1.05426347767573e-06
112.20184543019636 9.47368 1.01840332891969e-06
112.20184543019636 14.21053 9.57073447633702e-07
112.20184543019636 18.94737 8.69544558946353e-07
112.20184543019636 23.68421 7.71659694834540e-07
112.20184543019636 28.42105 6.60582604723268e-07
112.20184543019636 33.15789 5.48875539810937e-07
112.20184543019636 37.89474 4.42777636516679e-07
112.20184543019636 42.63158 3.41963231501081e-07
112.20184543019636 47.36842 2.49768999538467e-07
112.20184543019636 52.10526 1.71158675601858e-07
112.20184543019636 56.84211 1.09396823569350e-07
112.20184543019636 61.57895 6.36203523600610e-08
112.20184543019636 66.31579 3.29289984755162e-08
112.20184543019636 71.05263 1.46083225432992e-08
112.20184543019636 75.78947 5.19036415245992e-09
112.20184543019636 80.52632 1.31351274006518e-09
112.20184543019636 85.26316 1.81513016779066e-10
112.20184543019636 90.00000 7.59855088960199e-12
141.25375446227540 0.00000 1.16803786197241e-06
141.25375446227540 4.73684 1.15039956810501e-06
141.25375446227540 9.47368 1.11231595006039e-06
141.25375446227540 14.21053 1.04703337176061e-06
141.25375446227540 18.94737 9.53512019301532e-07
141.25375446227540 23.68421 8.48461522482468e-07
141.25375446227540 28.42105 7.28536598776932e-07
141.25375446227540 33.15789 6.07198526510932e-07
141.25375446227540 37.89474 4.91318517077950e-07
141.25375446227540 42.63158 3.80545406288447e-07
141.25375446227540 47.36842 2.78640713786902e-07
141.25375446227540 52.10526 1.91355282440739e-07
141.25375446227540 56.84211 1.22589240641019e-07
141.25375446227540 61.57895 7.14625039306137e-08
141.25375446227540 66.31579 3.70790213993751e-08
141.25375446227540 71.05263 1.64867546236636e-08
141.25375446227540 75.78947 5.86902702851184e-09
141.25375446227540 80.52632 1.48749809244215e-09
141.25375446227540 85.26316 2.05697281416441e-10
141.25375446227540 90.00000 8.60603498616000e-12
177.82794100389219 0.00000 1.26039423616581e-06
177.82794100389219 4.73684 1.24187535869589e-06
177.82794100389219 9.47368 1.20193354417293e-06
177.82794100389219 14.21053 1.13327563657029e-06
177.82794100389219 18.94737 1.03448695820746e-06
177.82794100389219 23.68421 9.23049359340843e-07
177.82794100389219 28.42105 7.95026956662746e-07
177.82794100389219 33.15789 6.64717422652006e-07
177.82794100389219 37.89474 5.39603541838713e-07
177.82794100389219 42.63158 4.19260301610914e-07
177.82794100389219 47.36842 3.07859198962452e-07
177.82794100389219 52.10526 2.11975958428119e-07
177.82794100389219 56.84211 1.36199656173481e-07
177.82794100389219 61.57895 7.96441656188562e-08
177.82794100389219 66.31579 4.14583273177426e-08
177.82794100389219 71.05263 1.84896854530572e-08
177.82794100389219 75.78947 6.59924215218425e-09
177.82794100389219 80.52632 1.67601468417988e-09
177.82794100389219 85.26316 2.31999169313288e-10
177.82794100389219 90.00000 9.70036387464071e-12
223.87211385683389 0.00000 1.34544960896635e-06
223.87211385683389 4.73684 1.32623603842513e-06
223.87211385683389 9.47368 1.28489447969412e-06
223.87211385683389 14.21053 1.21360132334198e-06
223.87211385683389 18.94737 1.11050744541814e-06
223.87211385683389 23.68421 9.93725150123267e-07
223.87211385683389 28.42105 8.58657518832940e-07
223.87211385683389 33.15789 7.20337419307027e-07
223.87211385683389 37.89474 5.86819357250157e-07
223.87211385683389 42.63158 4.57554361031561e-07
223.87211385683389 47.36842 3.37094827820149e-07
223.87211385683389 52.10526 2.32861725543857e-07
223.87211385683389 56.84211 1.50179356487133e-07
223.87211385683389 61.57895 8.81736779757800e-08
223.87211385683389 66.31579 4.60923406888144e-08
223.87211385683389 71.05263 2.06380071232636e-08
223.87211385683389 75.78947 7.39187770794046e-09
223.87211385683389 80.52632 1.88254717192731e-09
223.87211385683389 85.26316 2.60966276147218e-10
223.87211385683389 90.00000 1.09045752499817e-11
281.83829312644536 0.00000 1.41971590092337e-06
281.83829312644536 4.73684 1.40003391248376e-06
281.83829312644536 9.47368 1.35783779981430e-06
281.83829312644536 14.21053 1.28480623122383e-06
281.83829312644536 18.94737 1.17861065171254e-06
281.83829312644536 23.68421 1.05781819825127e-06
281.83829312644536 28.42105 9.17122410414650e-07
281.83829312644536 33.15789 7.72150985626799e-07
281.83829312644536 37.89474 6.31460525536942e-07
281.83829312644536 42.63158 4.94322487254266e-07
281.83829312644536 47.36842 3.65615325596007e-07
281.83829312644536 52.10526 2.53586989710159e-07
281.83829312644536 56.84211 1.64318985837954e-07
281.83829312644536 61.57895 9.69742257970683e-08
281.83829312644536 66.31579 5.09679212352886e-08
281.83829312644536 71.05263 2.29385261203504e-08
281.83829312644536 75.78947 8.25411305675013e-09
281.83829312644536 80.52632 2.10995747364670e-09
281.83829312644536 85.26316 2.93094491274372e-10
281.83829312644536 90.00000 1.22400188008344e-11
354.81338923357532 0.00000 1.47799543571539e-06
354.81338923357532 4.73684 1.45810744460055e-06
354.81338923357532 9.47368 1.41568710497737e-06
354.81338923357532 14.21053 1.34197502207589e-06
354.81338923357532 18.94737 1.23414711338936e-06
354.81338923357532 23.68421 1.11103130571295e-06
354.81338923357532 28.42105 9.66601473572637e-07
354.81338923357532 33.15789 8.16897290946296e-07
354.81338923357532 37.89474 6.70862400553802e-07
354.81338923357532 42.63158 5.27523941712306e-07
354.81338923357532 47.36842 3.91990017615204e-07
354.81338923357532 52.10526 2.73247801777817e-07
354.81338923357532 56.84211 1.78107542335399e-07
354.81338923357532 61.57895 1.05799153044625e-07
354.81338923357532 66.31579 5.59887567301993e-08
354.81338923357532 71.05263 2.53643272846751e-08
354.81338923357532 75.78947 9.18273435327284e-09
354.81338923357532 80.52632 2.35887856150261e-09
354.81338923357532 85.26316 3.28620345501327e-10
354.81338923357532 90.00000 1.37180377266484e-11
446.68359215096280 0.00000 1.51085532137286e-06
446.68359215096280 4.73684 1.49112415544026e-06
446.68359215096280 9.47368 1.44931136408900e-06
446.68359215096280 14.21053 1.37634740112895e-06
446.68359215096280 18.94737 1.26894318055997e-06
446.68359215096280 23.68421 1.14589585989873e-06
446.68359215096280 28.42105 1.00052302127858e-06
446.68359215096280 33.15789 8.48990597140053e-07
446.68359215096280 37.89474 7.00440792614981e-07
446.68359215096280 42.63158 5.53600002918661e-07
446.68359215096280 47.36842 4.13656354604027e-07
446.68359215096280 52.10526 2.90148779512937e-07
446.68359215096280 56.84211 1.90515100250834e-07
446.68359215096280 61.57895 1.14093635944798e-07
446.68359215096280 66.31579 6.08976808380285e-08
446.68359215096280 71.05263 2.78183125320269e-08
446.68359215096280 75.78947 1.01508068924264e-08
446.68359215096280 80.52632 2.62431949941408e-09
446.68359215096280 85.26316 3.67060425317931e-10
446.68359215096280 90.00000 1.53212617081349e-11
562.34132519034881 0.00000 1.51350864957991e-06
562.34132519034881 4.73684 1.49433053616957e-06
562.34132519034881 9.47368 1.45400201049251e-06
562.34132519034881 14.21053 1.38332106453499e-06
562.34132519034881 18.94737 1.27861227383451e-06
562.34132519034881 23.68421 1.15830513541922e-06
562.34132519034881 28.42105 1.01519455596828e-06
562.34132519034881 33.15789 8.65229866948974e-07
562.34132519034881 37.89474 7.17516603994659e-07
562.34132519034881 42.63158 5.70441638373306e-07
562.34132519034881 47.36842 4.29089615671379e-07
562.34132519034881 52.10526 3.03287050771220e-07
562.34132519034881 56.84211 2.00940340333573e-07
562.34132519034881 61.57895 1.21545999921990e-07
562.34132519034881 66.31579 6.55632919711209e-08
562.34132519034881 71.05263 3.02616825754658e-08
562.34132519034881 75.78947 1.11540731004078e-08
562.34132519034881 80.52632 2.90764255727608e-09
562.34132519034881 85.26316 4.08898756621646e-10
562.34132519034881 90.00000 1.70746801876529e-11
707.94578438413771 0.00000 1.47839009712608e-06
707.94578438413771 4.73684 1.46024680485014e-06
707.94578438413771 9.47368 1.42241443674315e-06
707.94578438413771 14.21053 1.35581712335431e-06
707.94578438413771 18.94737 1.25652806888606e-06
707.94578438413771 23.68421 1.14215575793281e-06
707.94578438413771 28.42105 1.00519742489991e-06
707.94578438413771 33.15789 8.60940109418250e-07
707.94578438413771 37.89474 7.18157989723858e-07
707.94578438413771 42.63158 5.74898349353291e-07
707.94578438413771 47.36842 4.35929269180719e-07
707.94578438413771 52.10526 3.11019428311142e-07
707.94578438413771 56.84211 2.08320614767241e-07
707.94578438413771 61.57895 1.27545556854822e-07
707.94578438413771 66.31579 6.96865663335624e-08
707.94578438413771 71.05263 3.25791149006734e-08
707.94578438413771 75.78947 1.21618295502388e-08
707.94578438413771 80.52632 3.20400395336572e-09
707.94578438413771 85.26316 4.53862103198407e-10
707.94578438413771 90.00000 1.89744837296603e-11
891.25093813374542 0.00000 1.40167262404239e-06
891.25093813374542 4.73684 1.38507555519319e-06
891.25093813374542 9.47368 1.35076401928229e-06
891.25093813374542 14.21053 1.29010332917977e-06
891.25093813374542 18.94737 1.19909826358667e-06
891.25093813374542 23.68421 1.09401516492571e-06
891.25093813374542 28.42105 9.67353803405797e-07
891.25093813374542 33.15789 8.33237937025709e-07
891.25093813374542 37.89474 6.99788209225136e-07
891.25093813374542 42.63158 5.64759198475130e-07
891.25093813374542 47.36842 4.32387531450085e-07
891.25093813374542 52.10526 3.11993918073778e-07
891.25093813374542 56.84211 2.11705005004484e-07
891.25093813374542 61.57895 1.31501439240794e-07
891.25093813374542 66.31579 7.29582049123005e-08
891.25093813374542 71.05263 3.46457143105673e-08
891.25093813374542 75.78947 1.31398552645197e-08
891.25093813374542 80.52632 3.50815061020358e-09
891.25093813374542 85.26316 5.01746958875661e-10
891.25093813374542 90.00000 2.10237335812537e-11
1122.01845430196295 0.00000 1.28318945503955e-06
1122.01845430196295 4.73684 1.26862547896435e-06
1122.01845430196295 9.47368 1.23876336151629e-06
1122.01845430196295 14.21053 1.18574713836513e-06
1122.01845430196295 18.94737 1.10572425003560e-06
1122.01845430196295 23.68421 1.01308512390817e-06
1122.01845430196295 28.42105 9.00676682993921e-07
1122.01845430196295 33.15789 7.80961077772517e-07
1122.01845430196295 37.89474 6.61096805705175e-07
1122.01845430196295 42.63158 5.38643551873205e-07
1122.01845430196295 47.36842 4.17123866366059e-07
1122.01845430196295 52.10526 3.05022959804733e-07
1122.01845430196295 56.84211 2.10142768042827e-07
1122.01845430196295 61.57895 1.32754870216436e-07
1122.01845430196295 66.31579 7.49987752330012e-08
1122.01845430196295 71.05263 3.62934295106099e-08
1122.01845430196295 75.78947 1.40356640126109e-08
1122.01845430196295 80.52632 3.81031742187470e-09
1122.01845430196295 85.26316 5.51852605486047e-10
1122.01845430196295 90.00000 2.32099957915057e-11
1412.53754462275333 0.00000 1.13024073577043e-06
1412.53754462275333 4.73684 1.11806634777575e-06
1412.53754462275333 9.47368 1.09328341363221e-06
1412.53754462275333 14.21053 1.04910520343022e-06
1412.53754462275333 18.94737 9.82021416263339e-07
1412.53754462275333 23.68421 9.04119448286755e-07
1412.53754462275333 28.42105 8.08918855383326e-07
1412.53754462275333 33.15789 7.06836833907671e-07
1412.53754462275333 37.89474 6.03844143324728e-07
1412.53754462275333 42.63158 4.97442722720453e-07
1412.53754462275333 47.36842 3.90335124816111e-07
1412.53754462275333 52.10526 2.89858679598632e-07
1412.53754462275333 56.84211 2.03198205946783e-07
1412.53754462275333 61.57895 1.30885306720152e-07
1412.53754462275333 66.31579 7.55169265626371e-08
1412.53754462275333 71.05263 3.73785826027860e-08
1412.53754462275333 75.78947 1.48004747003631e-08
1412.53754462275333 80.52632 4.10163402574023e-09
1412.53754462275333 85.26316 6.03752012305085e-10
1412.53754462275333 90.00000 2.55393128727881e-11
1778.27941003892192 0.00000 9.53890317627160e-07
1778.27941003892192 4.73684 9.44267924268195e-07
1778.27941003892192 9.47368 9.24792124036770e-07
1778.27941003892192 14.21053 8.89934596621926e-07
1778.27941003892192 18.94737 8.36681936389030e-07
1778.27941003892192 23.68421 7.74588745354781e-07
1778.27941003892192 28.42105 6.98102287914393e-07
1778.27941003892192 33.15789 6.15406243570290e-07
1778.27941003892192 37.89474 5.31184117962167e-07
1778.27941003892192 42.63158 4.43036367523288e-07
1778.27941003892192 47.36842 3.52837085865094e-07
1778.27941003892192 52.10526 2.66576728888755e-07
1778.27941003892192 56.84211 1.90554714233495e-07
1778.27941003892192 61.57895 1.25466342559327e-07
1778.27941003892192 66.31579 7.41664907248159e-08
1778.27941003892192 71.05263 3.77041489737486e-08
1778.27941003892192 75.78947 1.53542096782889e-08
1778.27941003892192 80.52632 4.36383415313326e-09
1778.27941003892192 85.26316 6.55760572927319e-10
1778.27941003892192 90.00000 2.79734218005812e-11
2238.72113856833766 0.00000 7.71027965613901e-07
2238.72113856833766 4.73684 7.63849094950411e-07
2238.72113856833766 9.47368 7.49381372489078e-07
2238.72113856833766 14.21053 7.23382041089549e-07
2238.72113856833766 18.94737 6.83411219187367e-07
2238.72113856833766 23.68421 6.36564979509645e-07
2238.72113856833766 28.42105 5.78344887047367e-07
2238.72113856833766 33.15789 5.14785919334593e-07
2238.72113856833766 37.89474 4.49341878188448e-07
2238.72113856833766 42.63158 3.79846721628872e-07
2238.72113856833766 47.36842 3.07436229620077e-07
2238.72113856833766 52.10526 2.36703241633412e-07
2238.72113856833766 56.84211 1.72863568002417e-07
2238.72113856833766 61.57895 1.16635519046314e-07
2238.72113856833766 66.31579 7.08756631996021e-08
2238.72113856833766 71.05263 3.71719902464939e-08
2238.72113856833766 75.78947 1.56396846389373e-08
2238.72113856833766 80.52632 4.58294005232098e-09
2238.72113856833766 85.26316 7.06835289086811e-10
2238.72113856833766 90.00000 3.05113159132132e-11
2818.38293126445205 0.00000 5.95921643977851e-07
2818.38293126445205 4.73684 5.90868560503847e-07
2818.38293126445205 9.47368 5.80722488270244e-07
2818.38293126445205 14.21053 5.62413310027400e-07
2818.38293126445205 18.94737 5.34077383408641e-07
2818.38293126445205 23.68421 5.00675401831217e-07
2818.38293126445205 28.42105 4.58765829714209e-07
2818.38293126445205 33.15789 4.12530797428749e-07
2818.38293126445205 37.89474 3.64363157705249e-07
2818.38293126445205 42.63158 3.12420234479652e-07
2818.38293126445205 47.36842 2.57250562886104e-07
2818.38293126445205 52.10526 2.02126628027160e-07
2818.38293126445205 56.84211 1.51082586047502e-07
2818.38293126445205 61.57895 1.04725898016712e-07
2818.38293126445205 66.31579 6.56523634553703e-08
2818.38293126445205 71.05263 3.56822016128232e-08
2818.38293126445205 75.78947 1.55799644417916e-08
2818.38293126445205 80.52632 4.73594325180019e-09
2818.38293126445205 85.26316 7.54432311822702e-10
2818.38293126445205 90.00000 3.30989494305952e-11
3548.13389233575344 0.00000 4.40174795915806e-07
3548.13389233575344 4.73684 4.36816097825453e-07
3548.13389233575344 9.47368 4.30102526806082e-07
3548.13389233575344 14.21053 4.17935089054711e-07
3548.13389233575344 18.94737 3.98971049440735e-07
3548.13389233575344 23.68421 3.76490062329983e-07
3548.13389233575344 28.42105 3.48007429420513e-07
3548.13389233575344 33.15789 3.16251468149103e-07
3548.13389233575344 37.89474 2.82774623006818e-07
3548.13389233575344 42.63158 2.46093731983222e-07
3548.13389233575344 47.36842 2.06345863397679e-07
3548.13389233575344 52.10526 1.65673028145094e-07
3548.13389233575344 56.84211 1.26967747157552e-07
3548.13389233575344 61.57895 9.06445100205076e-08
3548.13389233575344 66.31579 5.88270770539751e-08
3548.13389233575344 71.05263 3.32602335204427e-08
3548.13389233575344 75.78947 1.51323864642813e-08
3548.13389233575344 80.52632 4.80425577778662e-09
3548.13389233575344 85.26316 7.96244632541654e-10
3548.13389233575344 90.00000 3.57019223493808e-11
4466.83592150962795 0.00000 3.10085778688137e-07
4466.83592150962795 4.73684 3.07994899916071e-07
4466.83592150962795 9.47368 3.03840674350475e-07
4466.83592150962795 14.21053 2.96275350421383e-07
4466.83592150962795 18.94737 2.84389076162634e-07
4466.83592150962795 23.68421 2.70216739075636e-07
4466.83592150962795 28.42105 2.52071880250277e-07
4466.83592150962795 33.15789 2.31613747454619e-07
4466.83592150962795 37.89474 2.09774277893495e-07
4466.83592150962795 42.63158 1.85429942100673e-07
4466.83592150962795 47.36842 1.58478454049007e-07
4466.83592150962795 52.10526 1.30190361053666e-07
4466.83592150962795 56.84211 1.02472160559423e-07
4466.83592150962795 61.57895 7.55204277236786e-08
4466.83592150962795 66.31579 5.08742274256680e-08
4466.83592150962795 71.05263 2.99941502100329e-08
4466.83592150962795 75.78947 1.42739768431202e-08
4466.83592150962795 80.52632 4.76790880509245e-09
4466.83592150962795 85.26316 8.28976283636975e-10
4466.83592150962795 90.00000 3.82482182428073e-11
5623.41325190348834 0.00000 2.09188512317045e-07
5623.41325190348834 4.73684 2.07971863556294e-07
5623.41325190348834 9.47368 2.05572119873710e-07
5623.41325190348834 14.21053 2.01177739910373e-07
5623.41325190348834 18.94737 1.94209661033734e-07
5623.41325190348834 23.68421 1.85848577716665e-07
5623.41325190348834 28.42105 1.75020101184351e-07
5623.41325190348834 33.15789 1.62661417170062e-07
5623.41325190348834 37.89474 1.49287142005661e-07
5623.41325190348834 42.63158 1.34101351703519e-07
5623.41325190348834 47.36842 1.16901580658442e-07
5623.41325190348834 52.10526 9.83518441519984e-08
5623.41325190348834 56.84211 7.95871053075419e-08
5623.41325190348834 61.57895 6.06109150388454e-08
5623.41325190348834 66.31579 4.24065912635433e-08
5623.41325190348834 71.05263 2.60890321109120e-08
5623.41325190348834 75.78947 1.30395482180786e-08
5623.41325190348834 80.52632 4.61642944381905e-09
5623.41325190348834 85.26316 8.49736154998399e-10
5623.41325190348834 90.00000 4.06815824531156e-11
7079.45784384137369 0.00000 1.36490818203199e-07
7079.45784384137369 4.73684 1.35827799583427e-07
7079.45784384137369 9.47368 1.34528523097253e-07
7079.45784384137369 14.21053 1.32135181569819e-07
7079.45784384137369 18.94737 1.28302345124229e-07
7079.45784384137369 23.68421 1.23668099027364e-07
7079.45784384137369 28.42105 1.17589039954497e-07
7079.45784384137369 33.15789 1.10553064394443e-07
7079.45784384137369 37.89474 1.02817559287437e-07
7079.45784384137369 42.63158 9.38511335676394e-08
7079.45784384137369 47.36842 8.34346073554285e-08
7079.45784384137369 52.10526 7.18544761530438e-08
7079.45784384137369 56.84211 5.97193958874852e-08
7079.45784384137369 61.57895 4.69225099432286e-08
7079.45784384137369 66.31579 3.40390325798832e-08
7079.45784384137369 71.05263 2.18587552440563e-08
7079.45784384137369 75.78947 1.15296128753710e-08
7079.45784384137369 80.52632 4.35521014972917e-09
7079.45784384137369 85.26316 8.57175605977894e-10
7079.45784384137369 90.00000 4.30108125228031e-11
8912.50938133744421 0.00000 8.72768053702954e-08
8912.50938133744421 4.73684 8.69272567652669e-08
8912.50938133744421 9.47368 8.62465816700095e-08
8912.50938133744421 14.21053 8.49848617794413e-08
8912.50938133744421 18.94737 8.29430274549667e-08
8912.50938133744421 23.68421 8.04537493819728e-08
8912.50938133744421 28.42105 7.71439987995236e-08
8912.50938133744421 33.15789 7.32568826990505e-08
8912.50938133744421 37.89474 6.89143076157815e-08
8912.50938133744421 42.63158 6.37767351924550e-08
8912.50938133744421 47.36842 5.76599554708667e-08
8912.50938133744421 52.10526 5.06649892035275e-08
8912.50938133744421 56.84211 4.31023298720609e-08
8912.50938133744421 61.57895 3.48364473616863e-08
8912.50938133744421 66.31579 2.61703882204345e-08
8912.50938133744421 71.05263 1.75784235357554e-08
8912.50938133744421 75.78947 9.83035062291621e-09
8912.50938133744421 80.52632 3.98313256794088e-09
8912.50938133744421 85.26316 8.47182264698446e-10
8912.50938133744421 90.00000 4.50851960747177e-11
11220.18454301962265 0.00000 5.42054876729148e-08
11220.18454301962265 4.73684 5.40237140464147e-08
11220.18454301962265 9.47368 5.36736938579598e-08
11220.18454301962265 14.21053 5.30208440088680e-08
11220.18454301962265 18.94737 5.19535689436877e-08
11220.18454301962265 23.68421 5.06459276472602e-08
11220.18454301962265 28.42105 4.88881825813885e-08
11220.18454301962265 33.15789 4.68026070367019e-08
11220.18454301962265 37.89474 4.44479180769660e-08
11220.18454301962265 42.63158 4.16190123967829e-08
11220.18454301962265 47.36842 3.81868113491838e-08
11220.18454301962265 52.10526 3.41761175493684e-08
11220.18454301962265 56.84211 2.97327440942341e-08
11220.18454301962265 61.57895 2.47248111495671e-08
11220.18454301962265 66.31579 1.92670548906786e-08
11220.18454301962265 71.05263 1.35699110943022e-08
11220.18454301962265 75.78947 8.05959215546551e-09
11220.18454301962265 80.52632 3.51649846175060e-09
11220.18454301962265 85.26316 8.16919165121268e-10
11220.18454301962265 90.00000 4.67421701312796e-11
14125.37544622752648 0.00000 3.22797517230461e-08
14125.37544622752648 4.73684 3.21926833585389e-08
14125.37544622752648 9.47368 3.20289647874289e-08
14125.37544622752648 14.21053 3.17206202396803e-08
14125.37544622752648 18.94737 3.12085930889935e-08
14125.37544622752648 23.68421 3.05788799281312e-08
14125.37544622752648 28.42105 2.97208729411529e-08
14125.37544622752648 33.15789 2.86919052397256e-08
14125.37544622752648 37.89474 2.75178029684601e-08
14125.37544622752648 42.63158 2.60816469618528e-08
14125.37544622752648 47.36842 2.43002971612544e-08
14125.37544622752648 52.10526 2.21658218888902e-08
14125.37544622752648 56.84211 1.97322031250653e-08
14125.37544622752648 61.57895 1.68874209287642e-08
14125.37544622752648 66.31579 1.36432642416565e-08
14125.37544622752648 71.05263 1.00578102594132e-08
14125.37544622752648 75.78947 6.33442515960474e-09
14125.37544622752648 80.52632 2.98637156214403e-09
14125.37544622752648 85.26316 7.65298561086447e-10
14125.37544622752648 90.00000 4.78005809871164e-11
17782.79410038921196 0.00000 1.88383860859586e-08
17782.79410038921196 4.73684 1.87989814677628e-08
17782.79410038921196 9.47368 1.87273046908088e-08
17782.79410038921196 14.21053 1.85904909574521e-08
17782.79410038921196 18.94737 1.83585098178957e-08
17782.79410038921196 23.68421 1.80719650321930e-08
17782.79410038921196 28.42105 1.76748259171308e-08
17782.79410038921196 33.15789 1.71924490785713e-08
17782.79410038921196 37.89474 1.66352997544334e-08
17782.79410038921196 42.63158 1.59394667454919e-08
17782.79410038921196 47.36842 1.50547102205709e-08
17782.79410038921196 52.10526 1.39655720018003e-08
17782.79410038921196 56.84211 1.26867897420068e-08
17782.79410038921196 61.57895 1.11373092885908e-08
17782.79410038921196 66.31579 9.29358184178964e-09
17782.79410038921196 71.05263 7.14773891281134e-09
17782.79410038921196 75.78947 4.76922634200777e-09
17782.79410038921196 80.52632 2.43644396445019e-09
17782.79410038921196 85.26316 6.94431312638445e-10
17782.79410038921196 90.00000 4.81259672419879e-11
22387.21138568340029 0.00000 1.06797350968644e-08
22387.21138568340029 4.73684 1.06631311752803e-08
22387.21138568340029 9.47368 1.06348749011548e-08
22387.21138568340029 14.21053 1.05796156105894e-08
22387.21138568340029 18.94737 1.04825015716152e-08
22387.21138568340029 23.68421 1.03622949134410e-08
22387.21138568340029 28.42105 1.01915840789203e-08
22387.21138568340029 33.15789 9.98130113991317e-09
22387.21138568340029 37.89474 9.73566408336846e-09
22387.21138568340029 42.63158 9.42113212245962e-09
22387.21138568340029 47.36842 9.00946701835770e-09
22387.21138568340029 52.10526 8.48780968774860e-09
22387.21138568340029 56.84211 7.85703633702957e-09
22387.21138568340029 61.57895 7.06443054888074e-09
22387.21138568340029 66.31579 6.08048490419532e-09
22387.21138568340029 71.05263 4.87405258163933e-09
22387.21138568340029 75.78947 3.44343562226802e-09
22387.21138568340029 80.52632 1.90646049107989e-09
22387.21138568340029 85.26316 6.08094677697740e-10
22387.21138568340029 90.00000 4.75501129423099e-11
28183.82931264454965 0.00000 5.91685245418122e-09
28183.82931264454965 4.73684 5.91059778387762e-09
28183.82931264454965 9.47368 5.90138832063031e-09
28183.82931264454965 14.21053 5.88238526717283e-09
28183.82931264454965 18.94737 5.84650930156341e-09
28183.82931264454965 23.68421 5.80212374485634e-09
28183.82931264454965 28.42105 5.73638648144197e-09
28183.82931264454965 33.15789 5.65379507202620e-09
28183.82931264454965 37.89474 5.55600157803294e-09
28183.82931264454965 42.63158 5.42614039311078e-09
28183.82931264454965 47.36842 5.24923290662982e-09
28183.82931264454965 52.10526 5.01665188944579e-09
28183.82931264454965 56.84211 4.72548931597265e-09
28183.82931264454965 61.57895 4.34394117081748e-09
28183.82931264454965 66.31579 3.84769435643553e-09
28183.82931264454965 71.05263 3.20487647615171e-09
28183.82931264454965 75.78947 2.38871928875635e-09
28183.82931264454965 80.52632 1.42973015117535e-09
28183.82931264454965 85.26316 5.12345982571809e-10
28183.82931264454965 90.00000 4.59450063335544e-11
35481.33892335752898 0.00000 3.21108084622172e-09
35481.33892335752898 4.73684 3.20914411756476e-09
35481.33892335752898 9.47368 3.20740551020613e-09
35481.33892335752898 14.21053 3.20295288804745e-09
35481.33892335752898 18.94737 3.19250968960477e-09
35481.33892335752898 23.68421 3.17970927627282e-09
35481.33892335752898 28.42105 3.15875976205995e-09
35481.33892335752898 33.15789 3.13145262889806e-09
35481.33892335752898 37.89474 3.09846713287561e-09
35481.33892335752898 42.63158 3.05162565179820e-09
35481.33892335752898 47.36842 2.98337704521400e-09
35481.33892335752898 52.10526 2.88864168828078e-09
35481.33892335752898 56.84211 2.76453755509976e-09
35481.33892335752898 61.57895 2.59312270144988e-09
35481.33892335752898 66.31579 2.35788531612115e-09
35481.33892335752898 71.05263 2.03462037241513e-09
35481.33892335752898 75.78947 1.59453296843132e-09
35481.33892335752898 80.52632 1.02892629007283e-09
35481.33892335752898 85.26316 4.14679333802801e-10
35481.33892335752898 90.00000 4.32802487155735e-11
44668.35921509625769 0.00000 1.71299749204647e-09
44668.35921509625769 4.73684 1.71267292984477e-09
44668.35921509625769 9.47368 1.71336343189467e-09
44668.35921509625769 14.21053 1.71389116735987e-09
44668.35921509625769 18.94737 1.71278127973278e-09
44668.35921509625769 23.68421 1.71158058985547e-09
44668.35921509625769 28.42105 1.70777825622897e-09
44668.35921509625769 33.15789 1.70207494462131e-09
44668.35921509625769 37.89474 1.69478857425682e-09
44668.35921509625769 42.63158 1.68209231589156e-09
44668.35921509625769 47.36842 1.66036127714110e-09
44668.35921509625769 52.10526 1.62687162979821e-09
44668.35921509625769 56.84211 1.57966111984310e-09
44668.35921509625769 61.57895 1.50916743691711e-09
44668.35921509625769 66.31579 1.40538578388188e-09
44668.35921509625769 71.05263 1.25245492444753e-09
44668.35921509625769 75.78947 1.02789688636410e-09
44668.35921509625769 80.52632 7.11658276609311e-10
44668.35921509625769 85.26316 3.21836975064809e-10
44668.35921509625769 90.00000 3.95757776559911e-11
56234.13251903485070 0.00000 8.99801755519324e-10
56234.13251903485070 4.73684 8.99970860533516e-10
56234.13251903485070 9.47368 9.01128299921828e-10
56234.13251903485070 14.21053 9.02827177130145e-10
56234.13251903485070 18.94737 9.04420555943049e-10
56234.13251903485070 23.68421 9.06560272149682e-10
56234.13251903485070 28.42105 9.08203532619369e-10
56234.13251903485070 33.15789 9.09628412330000e-10
56234.13251903485070 37.89474 9.11013620605481e-10
56234.13251903485070 42.63158 9.10630495223977e-10
56234.13251903485070 47.36842 9.06823478194428e-10
56234.13251903485070 52.10526 8.98244315036959e-10
56234.13251903485070 56.84211 8.83774466118184e-10
56234.13251903485070 61.57895 8.58569234730383e-10
56234.13251903485070 66.31579 8.17050556338330e-10
56234.13251903485070 71.05263 7.49801240390465e-10
56234.13251903485070 75.78947 6.41848638973591e-10
56234.13251903485070 80.52632 4.74363067281288e-10
56234.13251903485070 85.26316 2.39671172723514e-10
56234.13251903485070 90.00000 3.50260965804383e-11
70794.57843841373688 0.00000 4.65376322686566e-10
70794.57843841373688 4.73684 4.65627104783677e-10
70794.57843841373688 9.47368 4.66618516702602e-10
70794.57843841373688 14.21053 4.68197180865972e-10
70794.57843841373688 18.94737 4.70087412557084e-10
70794.57843841373688 23.68421 4.72563259816196e-10
70794.57843841373688 28.42105 4.75215360019704e-10
70794.57843841373688 33.15789 4.78160675117372e-10
70794.57843841373688 37.89474 4.81514093810335e-10
70794.57843841373688 42.63158 4.84526118067933e-10
70794.57843841373688 47.36842 4.86483625430566e-10
70794.57843841373688 52.10526 4.86771103073724e-10
70794.57843841373688 56.84211 4.84827176291350e-10
70794.57843841373688 61.57895 4.78313360353266e-10
70794.57843841373688 66.31579 4.64319939158568e-10
70794.57843841373688 71.05263 4.37646566629171e-10
70794.57843841373688 75.78947 3.89263550576626e-10
70794.57843841373688 80.52632 3.05352808540989e-10
70794.57843841373688 85.26316 1.71161476488621e-10
70794.57843841373688 90.00000 2.98758372168951e-11
89125.09381337449304 0.00000 2.37128759671086e-10
89125.09381337449304 4.73684 2.37333732726352e-10
89125.09381337449304 9.47368 2.38029102256085e-10
89125.09381337449304 14.21053 2.39171484654716e-10
89125.09381337449304 18.94737 2.40647609848125e-10
89125.09381337449304 23.68421 2.42573640364731e-10
89125.09381337449304 28.42105 2.44801747349520e-10
89125.09381337449304 33.15789 2.47386709459298e-10
89125.09381337449304 37.89474 2.50406010012679e-10
89125.09381337449304 42.63158 2.53551902616547e-10
89125.09381337449304 47.36842 2.56540923095649e-10
89125.09381337449304 52.10526 2.59119451312426e-10
89125.09381337449304 56.84211 2.61040674772036e-10
89125.09381337449304 61.57895 2.61234346560425e-10
89125.09381337449304 66.31579 2.58274937975754e-10
89125.09381337449304 71.05263 2.49463049344577e-10
89125.09381337449304 75.78947 2.29745662973435e-10
89125.09381337449304 80.52632 1.90253644165379e-10
89125.09381337449304 85.26316 1.17438734993378e-10
89125.09381337449304 90.00000 2.44994772524622e-11
112201.84543019629200 0.00000 1.19178335816909e-10
112201.84543019629200 4.73684 1.19316230516809e-10
112201.84543019629200 9.47368 1.19753586006299e-10
112201.84543019629200 14.21053 1.20483605143509e-10
112201.84543019629200 18.94737 1.21461862396690e-10
112201.84543019629200 23.68421 1.22739019561927e-10
112201.84543019629200 28.42105 1.24268656139124e-10
112201.84543019629200 33.15789 1.26080208349962e-10
112201.84543019629200 37.89474 1.28225628986127e-10
112201.84543019629200 42.63158 1.30588294219822e-10
112201.84543019629200 47.36842 1.33069521465065e-10
112201.84543019629200 52.10526 1.35581344653664e-10
112201.84543019629200 56.84211 1.38035473854409e-10
112201.84543019629200 61.57895 1.39974211606182e-10
112201.84543019629200 66.31579 1.40746499837404e-10
112201.84543019629200 71.05263 1.39033305970650e-10
112201.84543019629200 75.78947 1.32178472816087e-10
112201.84543019629200 80.52632 1.14973311958782e-10
112201.84543019629200 85.26316 7.75015121742820e-11
112201.84543019629200 90.00000 1.92564012052892e-11
141253.75446227524662 0.00000 5.88856088106869e-11
141253.75446227524662 4.73684 5.89695913446505e-11
141253.75446227524662 9.47368 5.92266332287463e-11
141253.75446227524662 14.21053 5.96597703189585e-11
141253.75446227524662 18.94737 6.02527030310173e-11
141253.75446227524662 23.68421 6.10284009307919e-11
141253.75446227524662 28.42105 6.19765694303989e-11
141253.75446227524662 33.15789 6.31145874143996e-11
141253.75446227524662 37.89474 6.44761738023393e-11
141253.75446227524662 42.63158 6.60229512737887e-11
141253.75446227524662 47.36842 6.77295858320202e-11
141253.75446227524662 52.10526 6.95766404287160e-11
141253.75446227524662 56.84211 7.15461269468532e-11
141253.75446227524662 61.57895 7.34612764651449e-11
141253.75446227524662 66.31579 7.50512377714811e-11
141253.75446227524662 71.05263 7.57143012128288e-11
141253.75446227524662 75.78947 7.41357920543866e-11
141253.75446227524662 80.52632 6.74615814789494e-11
141253.75446227524662 85.26316 4.92888737369804e-11
141253.75446227524662 90.00000 1.44874823626627e-11
177827.94100389210507 0.00000 2.86367606322827e-11
177827.94100389210507 4.73684 2.86846760027776e-11
177827.94100389210507 9.47368 2.88282871208356e-11
177827.94100389210507 14.21053 2.90718033158098e-11
177827.94100389210507 18.94737 2.94098801481336e-11
177827.94100389210507 23.68421 2.98532835884877e-11
177827.94100389210507 28.42105 3.04027591752385e-11
177827.94100389210507 33.15789 3.10688265071232e-11
177827.94100389210507 37.89474 3.18723892943666e-11
177827.94100389210507 42.63158 3.28044897256220e-11
177827.94100389210507 47.36842 3.38651012581262e-11
177827.94100389210507 52.10526 3.50585459229764e-11
177827.94100389210507 56.84211 3.63922979088752e-11
177827.94100389210507 61.57895 3.78096651228537e-11
177827.94100389210507 66.31579 3.92134588865695e-11
177827.94100389210507 71.05263 4.03524955440033e-11
177827.94100389210507 75.78947 4.06167470798835e-11
177827.94100389210507 80.52632 3.85326762098256e-11
177827.94100389210507 85.26316 3.02930579543272e-11
177827.94100389210507 90.00000 1.04143951177080e-11
223872.11385683377739 0.00000 1.37567819695235e-11
223872.11385683377739 4.73684 1.37828359720878e-11
223872.11385683377739 9.47368 1.38599241129945e-11
223872.11385683377739 14.21053 1.39912072374369e-11
223872.11385683377739 18.94737 1.41752563854647e-11
223872.11385683377739 23.68421 1.44172621235894e-11
223872.11385683377739 28.42105 1.47201171965565e-11
223872.11385683377739 33.15789 1.50900875305853e-11
223872.11385683377739 37.89474 1.55395471871658e-11
223872.11385683377739 42.63158 1.60688811679042e-11
223872.11385683377739 47.36842 1.66842243655667e-11
223872.11385683377739 52.10526 1.73950268342950e-11
223872.11385683377739 56.84211 1.82142033871144e-11
223872.11385683377739 61.57895 1.91308498261230e-11
223872.11385683377739 66.31579 2.01194719636174e-11
223872.11385683377739 71.05263 2.10879399153741e-11
223872.11385683377739 75.78947 2.17736925854030e-11
223872.11385683377739 80.52632 2.14576905075976e-11
223872.11385683377739 85.26316 1.80146637700387e-11
223872.11385683377739 90.00000 7.15892698302609e-12
281838.29312644520542 0.00000 6.53195834692655e-12
281838.29312644520542 4.73684 6.54560350185532e-12
281838.29312644520542 9.47368 6.58565095465646e-12
281838.29312644520542 14.21053 6.65406492106392e-12
281838.29312644520542 18.94737 6.75065549577944e-12
281838.29312644520542 23.68421 6.87797259434025e-12
281838.29312644520542 28.42105 7.03847844391706e-12
281838.29312644520542 33.15789 7.23579046529353e-12
281838.29312644520542 37.89474 7.47692988125919e-12
281838.29312644520542 42.63158 7.76427197965974e-12
281838.29312644520542 47.36842 8.10369341333393e-12
281838.29312644520542 52.10526 8.50343891518675e-12
281838.29312644520542 56.84211 8.97466526311681e-12
281838.29312644520542 61.57895 9.52089503589255e-12
281838.29312644520542 66.31579 1.01421847457937e-11
281838.29312644520542 71.05263 1.08125835335537e-11
281838.29312644520542 75.78947 1.14305764869002e-11
281838.29312644520542 80.52632 1.16665611573021e-11
281838.29312644520542 85.26316 1.03964021039060e-11
281838.29312644520542 90.00000 4.71871556105754e-12
354813.38923357531894 0.00000 3.06936429920729e-12
354813.38923357531894 4.73684 3.07630330582815e-12
354813.38923357531894 9.47368 3.09656103147392e-12
354813.38923357531894 14.21053 3.13124798124160e-12
354813.38923357531894 18.94737 3.18048181894847e-12
354813.38923357531894 23.68421 3.24552203431239e-12
354813.38923357531894 28.42105 3.32798713142008e-12
354813.38923357531894 33.15789 3.42989049094278e-12
354813.38923357531894 37.89474 3.55506751936798e-12
354813.38923357531894 42.63158 3.70563235116405e-12
354813.38923357531894 47.36842 3.88572908052452e-12
354813.38923357531894 52.10526 4.10106141282635e-12
354813.38923357531894 56.84211 4.35942555450563e-12
354813.38923357531894 61.57895 4.66691096194303e-12
354813.38923357531894 66.31579 5.03011370113355e-12
354813.38923357531894 71.05263 5.44709842432564e-12
354813.38923357531894 75.78947 5.88525472426198e-12
354813.38923357531894 80.52632 6.20421105839846e-12
354813.38923357531894 85.26316 5.83614360183663e-12
354813.38923357531894 90.00000 2.97983703571011e-12
446683.59215096256230 0.00000 1.42827012414922e-12
446683.59215096256230 4.73684 1.43171319566155e-12
446683.59215096256230 9.47368 1.44173078292725e-12
446683.59215096256230 14.21053 1.45891346481469e-12
446683.59215096256230 18.94737 1.48340106609018e-12
446683.59215096256230 23.68421 1.51581482966175e-12
446683.59215096256230 28.42105 1.55709782414384e-12
446683.59215096256230 33.15789 1.60833226519175e-12
446683.59215096256230 37.89474 1.67154363968030e-12
446683.59215096256230 42.63158 1.74815340958074e-12
446683.59215096256230 47.36842 1.84070913468606e-12
446683.59215096256230 52.10526 1.95271377997470e-12
446683.59215096256230 56.84211 2.08902310678571e-12
446683.59215096256230 61.57895 2.25461443188559e-12
446683.59215096256230 66.31579 2.45588816253285e-12
446683.59215096256230 71.05263 2.69742407853925e-12
446683.59215096256230 75.78947 2.97283348113882e-12
446683.59215096256230 80.52632 3.22772072836287e-12
446683.59215096256230 85.26316 3.18691724824154e-12
446683.59215096256230 90.00000 1.80273666747757e-12
562341.32519034796860 0.00000 6.58306806670100e-13
562341.32519034796860 4.73684 6.59979784219111e-13
562341.32519034796860 9.47368 6.64837037887393e-13
562341.32519034796860 14.21053 6.73179304445814e-13
562341.32519034796860 18.94737 6.85105355736308e-13
562341.32519034796860 23.68421 7.00919472251930e-13
562341.32519034796860 28.42105 7.21132915262632e-13
562341.32519034796860 33.15789 7.46309210999886e-13
562341.32519034796860 37.89474 7.77486504635033e-13
562341.32519034796860 42.63158 8.15506512024866e-13
562341.32519034796860 47.36842 8.61811842460259e-13
562341.32519034796860 52.10526 9.18395775420339e-13
562341.32519034796860 56.84211 9.88060489390888e-13
562341.32519034796860 61.57895 1.07409210056367e-12
562341.32519034796860 66.31579 1.18104461622072e-12
562341.32519034796860 71.05263 1.31378761967998e-12
562341.32519034796860 75.78947 1.47411365215701e-12
562341.32519034796860 80.52632 1.64385859819595e-12
562341.32519034796860 85.26316 1.69509402467606e-12
562341.32519034796860 90.00000 1.04895809236448e-12
707945.78438413667027 0.00000 3.00631144709808e-13
707945.78438413667027 4.73684 3.01429678856083e-13
707945.78438413667027 9.47368 3.03745134707355e-13
707945.78438413667027 14.21053 3.07725861358924e-13
707945.78438413667027 18.94737 3.13430773549176e-13
707945.78438413667027 23.68421 3.21007302187402e-13
707945.78438413667027 28.42105 3.30719646928793e-13
707945.78438413667027 33.15789 3.42853188275062e-13
707945.78438413667027 37.89474 3.57926434517107e-13
707945.78438413667027 42.63158 3.76402021749093e-13
707945.78438413667027 47.36842 3.99052744361750e-13
707945.78438413667027 52.10526 4.26953280024159e-13
707945.78438413667027 56.84211 4.61633768470540e-13
707945.78438413667027 61.57895 5.05039178485140e-13
707945.78438413667027 66.31579 5.59991181468992e-13
707945.78438413667027 71.05263 6.30038973790781e-13
707945.78438413667027 75.78947 7.18410702382653e-13
707945.78438413667027 80.52632 8.20751190474026e-13
707945.78438413667027 85.26316 8.80043688575203e-13
707945.78438413667027 90.00000 5.88800714098527e-13
891250.93813374498859 0.00000 1.36145462869222e-13
891250.93813374498859 4.73684 1.36520839278237e-13
891250.93813374498859 9.47368 1.37608540905778e-13
891250.93813374498859 14.21053 1.39479940144104e-13
891250.93813374498859 18.94737 1.42167214582723e-13
891250.93813374498859 23.68421 1.45740987603691e-13
891250.93813374498859 28.42105 1.50333065375479e-13
891250.93813374498859 33.15789 1.56084582452751e-13
891250.93813374498859 37.89474 1.63248845568080e-13
891250.93813374498859 42.63158 1.72067569619892e-13
891250.93813374498859 47.36842 1.82938056854513e-13
891250.93813374498859 52.10526 1.96416426929916e-13
891250.93813374498859 56.84211 2.13303291265884e-13
891250.93813374498859 61.57895 2.34671661769645e-13
891250.93813374498859 66.31579 2.62128725035282e-13
891250.93813374498859 71.05263 2.97888465236536e-13
891250.93813374498859 75.78947 3.44567633877475e-13
891250.93813374498859 80.52632 4.02248900666818e-13
891250.93813374498859 85.26316 4.46530145101314e-13
891250.93813374498859 90.00000 3.19177480266327e-13
1122018.45430196286179 0.00000 6.11718657868212e-14
1122018.45430196286179 4.73684 6.13459725331750e-14
1122018.45430196286179 9.47368 6.18503511579756e-14
1122018.45430196286179 14.21053 6.27186406327500e-14
1122018.45430196286179 18.94737 6.39674741176070e-14
1122018.45430196286179 23.68421 6.56303141293650e-14
1122018.45430196286179 28.42105 6.77711484955746e-14
1122018.45430196286179 33.15789 7.04583942057396e-14
1122018.45430196286179 37.89474 7.38134819812873e-14
1122018.45430196286179 42.63158 7.79581186421721e-14
1122018.45430196286179 47.36842 8.30901819984084e-14
1122018.45430196286179 52.10526 8.94883396211715e-14
1122018.45430196286179 56.84211 9.75575760891061e-14
1122018.45430196286179 61.57895 1.07861021378700e-13
1122018.45430196286179 66.31579 1.21262369040970e-13
1122018.45430196286179 71.05263 1.39023420722977e-13
1122018.45430196286179 75.78947 1.62847048160457e-13
1122018.45430196286179 80.52632 1.93771595623746e-13
1122018.45430196286179 85.26316 2.21767964336998e-13
1122018.45430196286179 90.00000 1.67649522770607e-13
1412537.54462275258265 0.00000 2.72658456499888e-14
1412537.54462275258265 4.73684 2.73455834021568e-14
1412537.54462275258265 9.47368 2.75765930244436e-14
1412537.54462275258265 14.21053 2.79744550908205e-14
1412537.54462275258265 18.94737 2.85474423759875e-14
1412537.54462275258265 23.68421 2.93112221497728e-14
1412537.54462275258265 28.42105 3.02961767703350e-14
1412537.54462275258265 33.15789 3.15348763824820e-14
1412537.54462275258265 37.89474 3.30845476522121e-14
1412537.54462275258265 42.63158 3.50047272341500e-14
1412537.54462275258265 47.36842 3.73914591351439e-14
1412537.54462275258265 52.10526 4.03807378672448e-14
1412537.54462275258265 56.84211 4.41717834397182e-14
1412537.54462275258265 61.57895 4.90491278343790e-14
1412537.54462275258265 66.31579 5.54571771081218e-14
1412537.54462275258265 71.05263 6.40724961510722e-14
1412537.54462275258265 75.78947 7.58859807777754e-14
1412537.54462275258265 80.52632 9.18243676335984e-14
1412537.54462275258265 85.26316 1.07942446450387e-13
1412537.54462275258265 90.00000 8.55789437942487e-14
1778279.41003891918808 0.00000 1.20651350281821e-14
1778279.41003891918808 4.73684 1.21012479148383e-14
1778279.41003891918808 9.47368 1.22058990852874e-14
1778279.41003891918808 14.21053 1.23862001822965e-14
1778279.41003891918808 18.94737 1.26461495561193e-14
1778279.41003891918808 23.68421 1.29930024869760e-14
1778279.41003891918808 28.42105 1.34409261392416e-14
1778279.41003891918808 33.15789 1.40051873236972e-14
1778279.41003891918808 37.89474 1.47123643601966e-14
1778279.41003891918808 42.63158 1.55909256381999e-14
1778279.41003891918808 47.36842 1.66865277114638e-14
1778279.41003891918808 52.10526 1.80641322736634e-14
1778279.41003891918808 56.84211 1.98195482321479e-14
1778279.41003891918808 61.57895 2.20923840369676e-14
1778279.41003891918808 66.31579 2.51038185428086e-14
1778279.41003891918808 71.05263 2.92009089645683e-14
1778279.41003891918808 75.78947 3.49209389156619e-14
1778279.41003891918808 80.52632 4.28792291799226e-14
1778279.41003891918808 85.26316 5.15910426946020e-14
1778279.41003891918808 90.00000 4.25480970604104e-14
2238721.13856833800673 0.00000 5.30461566154471e-15
2238721.13856833800673 4.73684 5.32080967095045e-15
2238721.13856833800673 9.47368 5.36775864243573e-15
2238721.13856833800673 14.21053 5.44866750955329e-15
2238721.13856833800673 18.94737 5.56542507462975e-15
2238721.13856833800673 23.68421 5.72135778972907e-15
2238721.13856833800673 28.42105 5.92297059435322e-15
2238721.13856833800673 33.15789 6.17732384190434e-15
2238721.13856833800673 37.89474 6.49660518465662e-15
2238721.13856833800673 42.63158 6.89417377183863e-15
2238721.13856833800673 47.36842 7.39135836258034e-15
2238721.13856833800673 52.10526 8.01863935915553e-15
2238721.13856833800673 56.84211 8.82123440091152e-15
2238721.13856833800673 61.57895 9.86604668035306e-15
2238721.13856833800673 66.31579 1.12602778258915e-14
2238721.13856833800673 71.05263 1.31760163813337e-14
2238721.13856833800673 75.78947 1.58904174133485e-14
2238721.13856833800673 80.52632 1.97611593026949e-14
2238721.13856833800673 85.26316 2.42540484232262e-14
2238721.13856833800673 90.00000 2.06569826003571e-14
2818382.93126445496455 0.00000 2.31913232228958e-15
2818382.93126445496455 4.73684 2.32633255653233e-15
2818382.93126445496455 9.47368 2.34721804668449e-15
2818382.93126445496455 14.21053 2.38321834741091e-15
2818382.93126445496455 18.94737 2.43521034890287e-15
2818382.93126445496455 23.68421 2.50470492241647e-15
2818382.93126445496455 28.42105 2.59465220422531e-15
2818382.93126445496455 33.15789 2.70827978674660e-15
2818382.93126445496455 37.89474 2.85111617631816e-15
2818382.93126445496455 42.63158 3.02933765109645e-15
2818382.93126445496455 47.36842 3.25276982597915e-15
2818382.93126445496455 52.10526 3.53551018176833e-15
2818382.93126445496455 56.84211 3.89858004590781e-15
2818382.93126445496455 61.57895 4.37346333493196e-15
2818382.93126445496455 66.31579 5.01107939024991e-15
2818382.93126445496455 71.05263 5.89464378879873e-15
2818382.93126445496455 75.78947 7.16222567175313e-15
2818382.93126445496455 80.52632 9.00683664420337e-15
2818382.93126445496455 85.26316 1.12478554027995e-14
2818382.93126445496455 90.00000 9.84884436837498e-15
3548133.89233575342223 0.00000 1.00835819240033e-15
3548133.89233575342223 4.73684 1.01153382001916e-15
3548133.89233575342223 9.47368 1.02075040634840e-15
3548133.89233575342223 14.21053 1.03663968063783e-15
3548133.89233575342223 18.94737 1.05960266394267e-15
3548133.89233575342223 23.68421 1.09031913730099e-15
3548133.89233575342223 28.42105 1.13011221495897e-15
3548133.89233575342223 33.15789 1.18044125234559e-15
3548133.89233575342223 37.89474 1.24378857070048e-15
3548133.89233575342223 42.63158 1.32297183048953e-15
3548133.89233575342223 47.36842 1.42246072281944e-15
3548133.89233575342223 52.10526 1.54869155671311e-15
3548133.89233575342223 56.84211 1.71130589413594e-15
3548133.89233575342223 61.57895 1.92488883858236e-15
3548133.89233575342223 66.31579 2.21321438416362e-15
3548133.89233575342223 71.05263 2.61570117180451e-15
3548133.89233575342223 75.78947 3.19928157161001e-15
3548133.89233575342223 80.52632 4.06300969484497e-15
3548133.89233575342223 85.26316 5.15094125965656e-15
3548133.89233575342223 90.00000 4.61529999652042e-15
4466835.92150962632149 0.00000 4.36558767361723e-16
4466835.92150962632149 4.73684 4.37950103827020e-16
4466835.92150962632149 9.47368 4.41990691966230e-16
4466835.92150962632149 14.21053 4.48957426893905e-16
4466835.92150962632149 18.94737 4.59031415680899e-16
4466835.92150962632149 23.68421 4.72516180911839e-16
4466835.92150962632149 28.42105 4.89999461237652e-16
4466835.92150962632149 33.15789 5.12135110410098e-16
4466835.92150962632149 37.89474 5.40028088251157e-16
4466835.92150962632149 42.63158 5.74949462409161e-16
4466835.92150962632149 47.36842 6.18910811725587e-16
4466835.92150962632149 52.10526 6.74818563494460e-16
4466835.92150962632149 56.84211 7.47044741301505e-16
4466835.92150962632149 61.57895 8.42257451281943e-16
4466835.92150962632149 66.31579 9.71398956459315e-16
4466835.92150962632149 71.05263 1.15282876731687e-15
4466835.92150962632149 75.78947 1.41829623713113e-15
4466835.92150962632149 80.52632 1.81679724335997e-15
4466835.92150962632149 85.26316 2.33324932697545e-15
4466835.92150962632149 90.00000 2.12934923180648e-15
5623413.25190347898751 0.00000 1.88504819513966e-16
5623413.25190347898751 4.73684 1.89111477947486e-16
5623413.25190347898751 9.47368 1.90874484656057e-16
5623413.25190347898751 14.21053 1.93914447487251e-16
5623413.25190347898751 18.94737 1.98312393817683e-16
5623413.25190347898751 23.68421 2.04203031070985e-16
5623413.25190347898751 28.42105 2.11845517980979e-16
5623413.25190347898751 33.15789 2.21530725372027e-16
5623413.25190347898751 37.89474 2.33747149927810e-16
5623413.25190347898751 42.63158 2.49063195132386e-16
5623413.25190347898751 47.36842 2.68376563104802e-16
5623413.25190347898751 52.10526 2.92988312884911e-16
5623413.25190347898751 56.84211 3.24863026036315e-16
5623413.25190347898751 61.57895 3.67017669638521e-16
5623413.25190347898751 66.31579 4.24432042139477e-16
5623413.25190347898751 71.05263 5.05545576730202e-16
5623413.25190347898751 75.78947 6.25172353553444e-16
5623413.25190347898751 80.52632 8.06922515528743e-16
5623413.25190347898751 85.26316 1.04798061831945e-15
5623413.25190347898751 90.00000 9.71148729917536e-16
7079457.84384137298912 0.00000 8.12929384486967e-17
7079457.84384137298912 4.73684 8.15565425811189e-17
7079457.84384137298912 9.47368 8.23231635693322e-17
7079457.84384137298912 14.21053 8.36450818409541e-17
7079457.84384137298912 18.94737 8.55582998789799e-17
7079457.84384137298912 23.68421 8.81223159694487e-17
7079457.84384137298912 28.42105 9.14507601008957e-17
7079457.84384137298912 33.15789 9.56723072580784e-17
7079457.84384137298912 37.89474 1.01001749051694e-16
7079457.84384137298912 42.63158 1.07691554853992e-16
7079457.84384137298912 47.36842 1.16139689883127e-16
7079457.84384137298912 52.10526 1.26924552339401e-16
7079457.84384137298912 56.84211 1.40922531811448e-16
7079457.84384137298912 61.57895 1.59487403247820e-16
7079457.84384137298912 66.31579 1.84865245803173e-16
7079457.84384137298912 71.05263 2.20895680686299e-16
7079457.84384137298912 75.78947 2.74404224658634e-16
7079457.84384137298912 80.52632 3.56555596485195e-16
7079457.84384137298912 85.26316 4.67651340230166e-16
7079457.84384137298912 90.00000 4.39135802028090e-16
8912509.38133745826781 0.00000 3.51005427739688e-17
8912509.38133745826781 4.73684 3.52149639376501e-17
8912509.38133745826781 9.47368 3.55479867047409e-17
8912509.38133745826781 14.21053 3.61222202792426e-17
8912509.38133745826781 18.94737 3.69536010214496e-17
8912509.38133745826781 23.68421 3.80683479677944e-17
8912509.38133745826781 28.42105 3.95161354748088e-17
8912509.38133745826781 33.15789 4.13537207735418e-17
8912509.38133745826781 37.89474 4.36752786614060e-17
8912509.38133745826781 42.63158 4.65925149542958e-17
8912509.38133745826781 47.36842 5.02811771310536e-17
8912509.38133745826781 52.10526 5.49973407434316e-17
8912509.38133745826781 56.84211 6.11302230638626e-17
8912509.38133745826781 61.57895 6.92840968321957e-17
8912509.38133745826781 66.31579 8.04661036886498e-17
8912509.38133745826781 71.05263 9.64110177779128e-17
8912509.38133745826781 75.78947 1.20236335217117e-16
8912509.38133745826781 80.52632 1.57152175673919e-16
8912509.38133745826781 85.26316 2.07905340098051e-16
8912509.38133745826781 90.00000 1.97436280077053e-16
11220184.54301963001490 0.00000 1.51834722561941e-17
11220184.54301963001490 4.73684 1.52331243886583e-17
11220184.54301963001490 9.47368 1.53777633846124e-17
11220184.54301963001490 14.21053 1.56271466089503e-17
11220184.54301963001490 18.94737 1.59883089817790e-17
11220184.54301963001490 23.68421 1.64727925131202e-17
11220184.54301963001490 28.42105 1.71022615594387e-17
11220184.54301963001490 33.15789 1.79017058454686e-17
11220184.54301963001490 37.89474 1.89123325504315e-17
11220184.54301963001490 42.63158 2.01834208462568e-17
11220184.54301963001490 47.36842 2.17923494999852e-17
11220184.54301963001490 52.10526 2.38521211430695e-17
11220184.54301963001490 56.84211 2.65349741280170e-17
11220184.54301963001490 61.57895 3.01094344753791e-17
11220184.54301963001490 66.31579 3.50248256411588e-17
11220184.54301963001490 71.05263 4.20601382151008e-17
11220184.54301963001490 75.78947 5.26281586269128e-17
11220184.54301963001490 80.52632 6.91316828732067e-17
11220184.54301963001490 85.26316 9.21321259063424e-17
11220184.54301963001490 90.00000 8.82722794103972e-17
14125375.44622752629220 0.00000 6.58687253259735e-18
14125375.44622752629220 4.73684 6.60844047421270e-18
14125375.44622752629220 9.47368 6.67132918182916e-18
14125375.44622752629220 14.21053 6.77974695098790e-18
14125375.44622752629220 18.94737 6.93679769337844e-18
14125375.44622752629220 23.68421 7.14756376298255e-18
14125375.44622752629220 28.42105 7.42148751055008e-18
14125375.44622752629220 33.15789 7.76956932808800e-18
14125375.44622752629220 37.89474 8.20983076252114e-18
14125375.44622752629220 42.63158 8.76398963239623e-18
14125375.44622752629220 47.36842 9.46607486202710e-18
14125375.44622752629220 52.10526 1.03658831153331e-17
14125375.44622752629220 56.84211 1.15395055839269e-17
14125375.44622752629220 61.57895 1.31059929051334e-17
14125375.44622752629220 66.31579 1.52652383892069e-17
14125375.44622752629220 71.05263 1.83657668793030e-17
14125375.44622752629220 75.78947 2.30447044859097e-17
14125375.44622752629220 80.52632 3.04018479106352e-17
14125375.44622752629220 85.26316 4.07763556823533e-17
14125375.44622752629220 90.00000 3.93781737050789e-17
17782794.10038919001818 0.00000 2.86839158179748e-18
17782794.10038919001818 4.73684 2.87777734808575e-18
17782794.10038919001818 9.47368 2.90517392307309e-18
17782794.10038919001818 14.21053 2.95239618077576e-18
17782794.10038919001818 18.94737 3.02081450648605e-18
17782794.10038919001818 23.68421 3.11266979297091e-18
17782794.10038919001818 28.42105 3.23207817199872e-18
17782794.10038919001818 33.15789 3.38388598787983e-18
17782794.10038919001818 37.89474 3.57597782337677e-18
17782794.10038919001818 42.63158 3.81792531551073e-18
17782794.10038919001818 47.36842 4.12469043520234e-18
17782794.10038919001818 52.10526 4.51820781613273e-18
17782794.10038919001818 56.84211 5.03206957995971e-18
17782794.10038919001818 61.57895 5.71898746715917e-18
17782794.10038919001818 66.31579 6.66772638366361e-18
17782794.10038919001818 71.05263 8.03380332447309e-18
17782794.10038919001818 75.78947 1.01034227028244e-17
17782794.10038919001818 80.52632 1.33767141236811e-17
17782794.10038919001818 85.26316 1.80376978212187e-17
17782794.10038919001818 90.00000 1.75270957247968e-17
22387211.38568333163857 0.00000 1.25296812349576e-18
22387211.38568333163857 4.73684 1.25705684107530e-18
22387211.38568333163857 9.47368 1.26900576225662e-18
22387211.38568333163857 14.21053 1.28959680529055e-18
22387211.38568333163857 18.94737 1.31943486176388e-18
22387211.38568333163857 23.68421 1.35950885347996e-18
22387211.38568333163857 28.42105 1.41161194923992e-18
22387211.38568333163857 33.15789 1.47787985047513e-18
22387211.38568333163857 37.89474 1.56176152940740e-18
22387211.38568333163857 42.63158 1.66747277536769e-18
22387211.38568333163857 47.36842 1.80158665613858e-18
22387211.38568333163857 52.10526 1.97375541729441e-18
22387211.38568333163857 56.84211 2.19879084946274e-18
22387211.38568333163857 61.57895 2.49998795376443e-18
22387211.38568333163857 66.31579 2.91666984063559e-18
22387211.38568333163857 71.05263 3.51800619459497e-18
22387211.38568333163857 75.78947 4.43198214878785e-18
22387211.38568333163857 80.52632 5.88439594852072e-18
22387211.38568333163857 85.26316 7.96815270914495e-18
22387211.38568333163857 90.00000 7.77290153293324e-18
28183829.31264449283481 0.00000 5.48139563163077e-19
28183829.31264449283481 4.73684 5.49919537396223e-19
28183829.31264449283481 9.47368 5.55128151251259e-19
28183829.31264449283481 14.21053 5.64101377578516e-19
28183829.31264449283481 18.94737 5.77105802025626e-19
28183829.31264449283481 23.68421 5.94577511836317e-19
28183829.31264449283481 28.42105 6.17295996917192e-19
28183829.31264449283481 33.15789 6.46201249202061e-19
28183829.31264449283481 37.89474 6.82799351271644e-19
28183829.31264449283481 42.63158 7.28943384110321e-19
28183829.31264449283481 47.36842 7.87514572830355e-19
28183829.31264449283481 52.10526 8.62750301756926e-19
28183829.31264449283481 56.84211 9.61164793926651e-19
28183829.31264449283481 61.57895 1.09302082534889e-18
28183829.31264449283481 66.31579 1.27567692032104e-18
28183829.31264449283481 71.05263 1.53976651742109e-18
28183829.31264449283481 75.78947 1.94221508711247e-18
28183829.31264449283481 80.52632 2.58419607022318e-18
28183829.31264449283481 85.26316 3.51049583151449e-18
28183829.31264449283481 90.00000 3.43257736149223e-18
35481338.92335753142834 0.00000 2.39836264112107e-19
35481338.92335753142834 4.73684 2.40609505646594e-19
35481338.92335753142834 9.47368 2.42875366123972e-19
35481338.92335753142834 14.21053 2.46777638386513e-19
35481338.92335753142834 18.94737 2.52433476825040e-19
35481338.92335753142834 23.68421 2.60034747586694e-19
35481338.92335753142834 28.42105 2.69919145183770e-19
35481338.92335753142834 33.15789 2.82499302212488e-19
35481338.92335753142834 37.89474 2.98430910492406e-19
35481338.92335753142834 42.63158 3.18525863102821e-19
35481338.92335753142834 47.36842 3.44042800517046e-19
35481338.92335753142834 52.10526 3.76835407276553e-19
35481338.92335753142834 56.84211 4.19758063378944e-19
35481338.92335753142834 61.57895 4.77313400495097e-19
35481338.92335753142834 66.31579 5.57129556959324e-19
35481338.92335753142834 71.05263 6.72703881983177e-19
35481338.92335753142834 75.78947 8.49202851054732e-19
35481338.92335753142834 80.52632 1.13160307281917e-18
35481338.92335753142834 85.26316 1.54077259817539e-18
35481338.92335753142834 90.00000 1.50805859392321e-18
44668359.21509625762701 0.00000 1.04786448572294e-19
44668359.21509625762701 4.73684 1.05121043749241e-19
44668359.21509625762701 9.47368 1.06102982522666e-19
44668359.21509625762701 14.21053 1.07793464183097e-19
44668359.21509625762701 18.94737 1.10243736176094e-19
44668359.21509625762701 23.68421 1.13537876215909e-19
44668359.21509625762701 28.42105 1.17821445487353e-19
44668359.21509625762701 33.15789 1.23274795534224e-19
44668359.21509625762701 37.89474 1.30182072836611e-19
44668359.21509625762701 42.63158 1.38897257176027e-19
44668359.21509625762701 47.36842 1.49967429878299e-19
44668359.21509625762701 52.10526 1.64199392906983e-19
44668359.21509625762701 56.84211 1.82837358000970e-19
44668359.21509625762701 61.57895 2.07845716264889e-19
44668359.21509625762701 66.31579 2.42556813901171e-19
44668359.21509625762701 71.05263 2.92879313674354e-19
44668359.21509625762701 75.78947 3.69858138127454e-19
44668359.21509625762701 80.52632 4.93308827134414e-19
44668359.21509625762701 85.26316 6.72662441029159e-19
44668359.21509625762701 90.00000 6.58064635497134e-19
56234132.51903478801250 0.00000 4.56686504910190e-20
56234132.51903478801250 4.73684 4.58126740382266e-20
56234132.51903478801250 9.47368 4.62359986625336e-20
56234132.51903478801250 14.21053 4.69644958741454e-20
56234132.51903478801250 18.94737 4.80204487872933e-20
56234132.51903478801250 23.68421 4.94405006275506e-20
56234132.51903478801250 28.42105 5.12870018510253e-20
56234132.51903478801250 33.15789 5.36383305079011e-20
56234132.51903478801250 37.89474 5.66168993509724e-20
56234132.51903478801250 42.63158 6.03760894666686e-20
56234132.51903478801250 47.36842 6.51522152621287e-20
56234132.51903478801250 52.10526 7.12942241754133e-20
56234132.51903478801250 56.84211 7.93409880105089e-20
56234132.51903478801250 61.57895 9.01437395842549e-20
56234132.51903478801250 66.31579 1.05148002184632e-19
56234132.51903478801250 71.05263 1.26920998627956e-19
56234132.51903478801250 75.78947 1.60270196690256e-19
56234132.51903478801250 80.52632 2.13841355498238e-19
56234132.51903478801250 85.26316 2.91783641948261e-19
56234132.51903478801250 90.00000 2.84971323338457e-19
70794578.43841359019279 0.00000 1.98263064635064e-20
70794578.43841359019279 4.73684 1.98878867430536e-20
70794578.43841359019279 9.47368 2.00691796752969e-20
70794578.43841359019279 14.21053 2.03810341567245e-20
70794578.43841359019279 18.94737 2.08330672714607e-20
70794578.43841359019279 23.68421 2.14411394553238e-20
70794578.43841359019279 28.42105 2.22317553171145e-20
70794578.43841359019279 33.15789 2.32387351170043e-20
70794578.43841359019279 37.89474 2.45144353596203e-20
70794578.43841359019279 42.63158 2.61248169620932e-20
70794578.43841359019279 47.36842 2.81711872326183e-20
70794578.43841359019279 52.10526 3.08033237126685e-20
70794578.43841359019279 56.84211 3.42528194204512e-20
70794578.43841359019279 61.57895 3.88855927901667e-20
70794578.43841359019279 66.31579 4.53235396445055e-20
70794578.43841359019279 71.05263 5.46724438148778e-20
70794578.43841359019279 75.78947 6.90053921796662e-20
70794578.43841359019279 80.52632 9.20546668382272e-20
70794578.43841359019279 85.26316 1.25598427717959e-19
70794578.43841359019279 90.00000 1.22298155276956e-19
89125093.81337440013885 0.00000 8.55865128126180e-21
89125093.81337440013885 4.73684 8.58474531474482e-21
89125093.81337440013885 9.47368 8.66169501173834e-21
89125093.81337440013885 14.21053 8.79400218737396e-21
89125093.81337440013885 18.94737 8.98577594199931e-21
89125093.81337440013885 23.68421 9.24381977425658e-21
89125093.81337440013885 28.42105 9.57928794907766e-21
89125093.81337440013885 33.15789 1.00066380197170e-20
89125093.81337440013885 37.89474 1.05480528010966e-20
89125093.81337440013885 42.63158 1.12316181482044e-20
89125093.81337440013885 47.36842 1.21003366493437e-20
89125093.81337440013885 52.10526 1.32178637227152e-20
89125093.81337440013885 56.84211 1.46827450211481e-20
89125093.81337440013885 61.57895 1.66506616977722e-20
89125093.81337440013885 66.31579 1.93863657287257e-20
89125093.81337440013885 71.05263 2.33609603893219e-20
89125093.81337440013885 75.78947 2.94580473420723e-20
89125093.81337440013885 80.52632 3.92677822766678e-20
89125093.81337440013885 85.26316 5.35271363917160e-20
89125093.81337440013885 90.00000 5.18641559387240e-20
112201845.43019630014896 0.00000 3.66642635376062e-21
112201845.43019630014896 4.73684 3.67736168500413e-21
112201845.43019630014896 9.47368 3.70966469327799e-21
112201845.43019630014896 14.21053 3.76518044088019e-21
112201845.43019630014896 18.94737 3.84564368377336e-21
112201845.43019630014896 23.68421 3.95394042339061e-21
112201845.43019630014896 28.42105 4.09470908954645e-21
112201845.43019630014896 33.15789 4.27405970377061e-21
112201845.43019630014896 37.89474 4.50128389003191e-21
112201845.43019630014896 42.63158 4.78819912228366e-21
112201845.43019630014896 47.36842 5.15284437614612e-21
112201845.43019630014896 52.10526 5.62195504481293e-21
112201845.43019630014896 56.84211 6.23696778869491e-21
112201845.43019630014896 61.57895 7.06331672952074e-21
112201845.43019630014896 66.31579 8.21233200687808e-21
112201845.43019630014896 71.05263 9.88219861168586e-21
112201845.43019630014896 75.78947 1.24446093726443e-20
112201845.43019630014896 80.52632 1.65675098930171e-20
112201845.43019630014896 85.26316 2.25477657022979e-20
112201845.43019630014896 90.00000 2.17234857278682e-20
141253754.46227526664734 0.00000 1.55698935258803e-21
141253754.46227526664734 4.73684 1.56151486539449e-21
141253754.46227526664734 9.47368 1.57490617953209e-21
141253754.46227526664734 14.21053 1.59790947430824e-21
141253754.46227526664734 18.94737 1.63124758668593e-21
141253754.46227526664734 23.68421 1.67612890657499e-21
141253754.46227526664734 28.42105 1.73445734468324e-21
141253754.46227526664734 33.15789 1.80878172311537e-21
141253754.46227526664734 37.89474 1.90294419523860e-21
141253754.46227526664734 42.63158 2.02185227171197e-21
141253754.46227526664734 47.36842 2.17297493564755e-21
141253754.46227526664734 52.10526 2.36739516612796e-21
141253754.46227526664734 56.84211 2.62230858120483e-21
141253754.46227526664734 61.57895 2.96485565688666e-21
141253754.46227526664734 66.31579 3.44123143915966e-21
141253754.46227526664734 71.05263 4.13369198872553e-21
141253754.46227526664734 75.78947 5.19646733896086e-21
141253754.46227526664734 80.52632 6.90622927746322e-21
141253754.46227526664734 85.26316 9.38052411754992e-21
141253754.46227526664734 90.00000 8.99001154743579e-21
177827941.00389191508293 0.00000 6.54788547913168e-22
177827941.00389191508293 4.73684 6.56636031037089e-22
177827941.00389191508293 9.47368 6.62112343507641e-22
177827941.00389191508293 14.21053 6.71514862733452e-22
177827941.00389191508293 18.94737 6.85140474500869e-22
177827941.00389191508293 23.68421 7.03488202055655e-22
177827941.00389191508293 28.42105 7.27328470478683e-22
177827941.00389191508293 33.15789 7.57709778468008e-22
177827941.00389191508293 37.89474 7.96198982626728e-22
177827941.00389191508293 42.63158 8.44805170730943e-22
177827941.00389191508293 47.36842 9.06577329858542e-22
177827941.00389191508293 52.10526 9.86045166065326e-22
177827941.00389191508293 56.84211 1.09024377402903e-21
177827941.00389191508293 61.57895 1.23026941263986e-21
177827941.00389191508293 66.31579 1.42501450367439e-21
177827941.00389191508293 71.05263 1.70812169188861e-21
177827941.00389191508293 75.78947 2.14263700338541e-21
177827941.00389191508293 80.52632 2.84139622266775e-21
177827941.00389191508293 85.26316 3.84975111626794e-21
177827941.00389191508293 90.00000 3.66756029891873e-21
223872113.85683333873749 0.00000 2.72072794400151e-22
223872113.85683333873749 4.73684 2.72815258621043e-22
223872113.85683333873749 9.47368 2.75019953032154e-22
223872113.85683333873749 14.21053 2.78803410679917e-22
223872113.85683333873749 18.94737 2.84285550941017e-22
223872113.85683333873749 23.68421 2.91669251728095e-22
223872113.85683333873749 28.42105 3.01261186341951e-22
223872113.85683333873749 33.15789 3.13485843542511e-22
223872113.85683333873749 37.89474 3.28972142446535e-22
223872113.85683333873749 42.63158 3.48529192945694e-22
223872113.85683333873749 47.36842 3.73381551436991e-22
223872113.85683333873749 52.10526 4.05350684662216e-22
223872113.85683333873749 56.84211 4.47268254682825e-22
223872113.85683333873749 61.57895 5.03596451934357e-22
223872113.85683333873749 66.31579 5.81934212004307e-22
223872113.85683333873749 71.05263 6.95810984010070e-22
223872113.85683333873749 75.78947 8.70558107995637e-22
223872113.85683333873749 80.52632 1.15137196851242e-21
223872113.85683333873749 85.26316 1.55514443119712e-21
223872113.85683333873749 90.00000 1.47134271175082e-21
281838293.12644493579865 0.00000 1.11685932399723e-22
281838293.12644493579865 4.73684 1.11979557639612e-22
281838293.12644493579865 9.47368 1.12853007254709e-22
281838293.12644493579865 14.21053 1.14351174755064e-22
281838293.12644493579865 18.94737 1.16521684963606e-22
281838293.12644493579865 23.68421 1.19445701712531e-22
281838293.12644493579865 28.42105 1.23243282150107e-22
281838293.12644493579865 33.15789 1.28083501842581e-22
281838293.12644493579865 37.89474 1.34214753224067e-22
281838293.12644493579865 42.63158 1.41957495626093e-22
281838293.12644493579865 47.36842 1.51795477713049e-22
281838293.12644493579865 52.10526 1.64449135211496e-22
281838293.12644493579865 56.84211 1.81039493697056e-22
281838293.12644493579865 61.57895 2.03331101950787e-22
281838293.12644493579865 66.31579 2.34329334245736e-22
281838293.12644493579865 71.05263 2.79383095887843e-22
281838293.12644493579865 75.78947 3.48495469840199e-22
281838293.12644493579865 80.52632 4.59448836280391e-22
281838293.12644493579865 85.26316 6.18322453274690e-22
281838293.12644493579865 90.00000 5.80650054134350e-22
354813389.23357534408569 0.00000 4.52377583764174e-23
354813389.23357534408569 4.73684 4.53517997603535e-23
354813389.23357534408569 9.47368 4.56916520473504e-23
354813389.23357534408569 14.21053 4.62742821522337e-23
354813389.23357534408569 18.94737 4.71182407425579e-23
354813389.23357534408569 23.68421 4.82554264924123e-23
354813389.23357534408569 28.42105 4.97319642746751e-23
354813389.23357534408569 33.15789 5.16139830585282e-23
354813389.23357534408569 37.89474 5.39978353329246e-23
354813389.23357534408569 42.63158 5.70080807951343e-23
354813389.23357534408569 47.36842 6.08323044833456e-23
354813389.23357534408569 52.10526 6.57502310949415e-23
354813389.23357534408569 56.84211 7.21975158936207e-23
354813389.23357534408569 61.57895 8.08589184312720e-23
354813389.23357534408569 66.31579 9.29007910773292e-23
354813389.23357534408569 71.05263 1.10397672940861e-22
354813389.23357534408569 75.78947 1.37223138478952e-22
354813389.23357534408569 80.52632 1.80231983177231e-22
354813389.23357534408569 85.26316 2.41502297837957e-22
354813389.23357534408569 90.00000 2.24759970711473e-22
446683592.15096253156662 0.00000 1.80139683969086e-23
446683592.15096253156662 4.73684 1.80573107203895e-23
446683592.15096253156662 9.47368 1.81867087789028e-23
446683592.15096253156662 14.21053 1.84084325847920e-23
446683592.15096253156662 18.94737 1.87295408699501e-23
446683592.15096253156662 23.68421 1.91623058372810e-23
446683592.15096253156662 28.42105 1.97240560709969e-23
446683592.15096253156662 33.15789 2.04400975337700e-23
446683592.15096253156662 37.89474 2.13470115204470e-23
446683592.15096253156662 42.63158 2.24921367174071e-23
446683592.15096253156662 47.36842 2.39466196980296e-23
446683592.15096253156662 52.10526 2.58166979956458e-23
446683592.15096253156662 56.84211 2.82679792503856e-23
446683592.15096253156662 61.57895 3.15603021694805e-23
446683592.15096253156662 66.31579 3.61362533816641e-23
446683592.15096253156662 71.05263 4.27823433940341e-23
446683592.15096253156662 75.78947 5.29643033548305e-23
446683592.15096253156662 80.52632 6.92620286556767e-23
446683592.15096253156662 85.26316 9.23410316159038e-23
446683592.15096253156662 90.00000 8.50793105054969e-23
562341325.19034790992737 0.00000 7.04642175654849e-24
562341325.19034790992737 4.73684 7.06252677436703e-24
562341325.19034790992737 9.47368 7.11069237344524e-24
562341325.19034790992737 14.21053 7.19318478752560e-24
562341325.19034790992737 18.94737 7.31262524977176e-24
562341325.19034790992737 23.68421 7.47362928909629e-24
562341325.19034790992737 28.42105 7.68256035828103e-24
562341325.19034790992737 33.15789 7.94888259450324e-24
562341325.19034790992737 37.89474 8.28617834892121e-24
562341325.19034790992737 42.63158 8.71202393142063e-24
562341325.19034790992737 47.36842 9.25279310507430e-24
562341325.19034790992737 52.10526 9.94792324681069e-24
562341325.19034790992737 56.84211 1.08589452406438e-23
562341325.19034790992737 61.57895 1.20822086979322e-23
562341325.19034790992737 66.31579 1.37818271963768e-23
562341325.19034790992737 71.05263 1.62491447736589e-23
562341325.19034790992737 75.78947 2.00259732491797e-23
562341325.19034790992737 80.52632 2.60605921554800e-23
562341325.19034790992737 85.26316 3.45525946224118e-23
562341325.19034790992737 90.00000 3.15134661077167e-23
707945784.38413584232330 0.00000 2.70763575256599e-24
707945784.38413584232330 4.73684 2.71348405313739e-24
707945784.38413584232330 9.47368 2.73100464341078e-24
707945784.38413584232330 14.21053 2.76099795735789e-24
707945784.38413584232330 18.94737 2.80441330061429e-24
707945784.38413584232330 23.68421 2.86294702851179e-24
707945784.38413584232330 28.42105 2.93888153962458e-24
707945784.38413584232330 33.15789 3.03567441729079e-24
707945784.38413584232330 37.89474 3.15825474969771e-24
707945784.38413584232330 42.63158 3.31299434329185e-24
707945784.38413584232330 47.36842 3.50944299857318e-24
707945784.38413584232330 52.10526 3.76190207399561e-24
707945784.38413584232330 56.84211 4.09270475031271e-24
707945784.38413584232330 61.57895 4.53674324980988e-24
707945784.38413584232330 66.31579 5.15344991570925e-24
707945784.38413584232330 71.05263 6.04820793168832e-24
707945784.38413584232330 75.78947 7.41654599462056e-24
707945784.38413584232330 80.52632 9.59857049451493e-24
707945784.38413584232330 85.26316 1.26481519976312e-23
707945784.38413584232330 90.00000 1.14092383018916e-23
891250938.13374412059784 0.00000 1.02065173868389e-24
891250938.13374412059784 4.73684 1.02272074359618e-24
891250938.13374412059784 9.47368 1.02893029035407e-24
891250938.13374412059784 14.21053 1.03955514911460e-24
891250938.13374412059784 18.94737 1.05492931703656e-24
891250938.13374412059784 23.68421 1.07566054885300e-24
891250938.13374412059784 28.42105 1.10254488596616e-24
891250938.13374412059784 33.15789 1.13681263237146e-24
891250938.13374412059784 37.89474 1.18020617460865e-24
891250938.13374412059784 42.63158 1.23497280217945e-24
891250938.13374412059784 47.36842 1.30447790904843e-24
891250938.13374412059784 52.10526 1.39376998063781e-24
891250938.13374412059784 56.84211 1.51074068149134e-24
891250938.13374412059784 61.57895 1.66768622099677e-24
891250938.13374412059784 66.31579 1.88555116048608e-24
891250938.13374412059784 71.05263 2.20142030900310e-24
891250938.13374412059784 75.78947 2.68391297605951e-24
891250938.13374412059784 80.52632 3.45152086797843e-24
891250938.13374412059784 85.26316 4.51570397406171e-24
891250938.13374412059784 90.00000 4.02251178997212e-24
1122018454.30196285247803 0.00000 3.76696213785891e-25
1122018454.30196285247803 4.73684 3.77408820137084e-25
1122018454.30196285247803 9.47368 3.79551522460365e-25
1122018454.30196285247803 14.21053 3.83215871970757e-25
1122018454.30196285247803 18.94737 3.88515825448012e-25
1122018454.30196285247803 23.68421 3.95663404470266e-25
1122018454.30196285247803 28.42105 4.04928196777220e-25
1122018454.30196285247803 33.15789 4.16736078931389e-25
1122018454.30196285247803 37.89474 4.31686307841634e-25
1122018454.30196285247803 42.63158 4.50548966314095e-25
1122018454.30196285247803 47.36842 4.74476885039946e-25
1122018454.30196285247803 52.10526 5.05202899101504e-25
1122018454.30196285247803 56.84211 5.45438860668022e-25
1122018454.30196285247803 61.57895 5.99396883890413e-25
1122018454.30196285247803 66.31579 6.74252401793970e-25
1122018454.30196285247803 71.05263 7.82690124008841e-25
1122018454.30196285247803 75.78947 9.48110882301061e-25
1122018454.30196285247803 80.52632 1.21060300637869e-24
1122018454.30196285247803 85.26316 1.57132496380622e-24
1122018454.30196285247803 90.00000 1.38173387292869e-24
1412537544.62275242805481 0.00000 1.35812150608117e-25
1412537544.62275242805481 4.73684 1.36050809683588e-25
1412537544.62275242805481 9.47368 1.36769792615847e-25
1412537544.62275242805481 14.21053 1.37998672659089e-25
1412537544.62275242805481 18.94737 1.39775091388474e-25
1412537544.62275242805481 23.68421 1.42170931503259e-25
1412537544.62275242805481 28.42105 1.45274710083632e-25
1412537544.62275242805481 33.15789 1.49229585099700e-25
1412537544.62275242805481 37.89474 1.54235748332668e-25
1412537544.62275242805481 42.63158 1.60549167752105e-25
1412537544.62275242805481 47.36842 1.68553087408562e-25
1412537544.62275242805481 52.10526 1.78824872698605e-25
1412537544.62275242805481 56.84211 1.92269274180110e-25
1412537544.62275242805481 61.57895 2.10286577265964e-25
1412537544.62275242805481 66.31579 2.35262722175739e-25
1412537544.62275242805481 71.05263 2.71408280403861e-25
1412537544.62275242805481 75.78947 3.26465935439419e-25
1412537544.62275242805481 80.52632 4.13585727213523e-25
1412537544.62275242805481 85.26316 5.32167129066976e-25
1412537544.62275242805481 90.00000 4.61739997140236e-25
1778279410.03891897201538 0.00000 4.80955331837426e-26
1778279410.03891897201538 4.73684 4.81733246855596e-26
1778279410.03891897201538 9.47368 4.84081419922063e-26
1778279410.03891897201538 14.21053 4.88092499951171e-26
1778279410.03891897201538 18.94737 4.93887041149485e-26
1778279410.03891897201538 23.68421 5.01702215690015e-26
1778279410.03891897201538 28.42105 5.11820117647388e-26
1778279410.03891897201538 33.15789 5.24708716081844e-26
1778279410.03891897201538 37.89474 5.41018415287674e-26
1778279410.03891897201538 42.63158 5.61575654140385e-26
1778279410.03891897201538 47.36842 5.87618521450638e-26
1778279410.03891897201538 52.10526 6.21017001763227e-26
1778279410.03891897201538 56.84211 6.64705755404991e-26
1778279410.03891897201538 61.57895 7.23209097381909e-26
1778279410.03891897201538 66.31579 8.04238902204759e-26
1778279410.03891897201538 71.05263 9.21380765162217e-26
1778279410.03891897201538 75.78947 1.09953542835274e-25
1778279410.03891897201538 80.52632 1.38062229587349e-25
1778279410.03891897201538 85.26316 1.75948717480601e-25
1778279410.03891897201538 90.00000 1.50766042257951e-25
2238721138.56833314895630 0.00000 1.67531822042027e-26
2238721138.56833314895630 4.73684 1.67778873369213e-26
2238721138.56833314895630 9.47368 1.68526214642515e-26
2238721138.56833314895630 14.21053 1.69801937876684e-26
2238721138.56833314895630 18.94737 1.71643408251133e-26
2238721138.56833314895630 23.68421 1.74126898055328e-26
2238721138.56833314895630 28.42105 1.77339550480961e-26
2238721138.56833314895630 33.15789 1.81430230114609e-26
2238721138.56833314895630 37.89474 1.86604542208172e-26
2238721138.56833314895630 42.63158 1.93121554976339e-26
2238721138.56833314895630 47.36842 2.01369876283684e-26
2238721138.56833314895630 52.10526 2.11938276124358e-26
2238721138.56833314895630 56.84211 2.25752397204892e-26
2238721138.56833314895630 61.57895 2.44232759427020e-26
2238721138.56833314895630 66.31579 2.69802241369385e-26
2238721138.56833314895630 71.05263 3.06721135444093e-26
2238721138.56833314895630 75.78947 3.62771121992541e-26
2238721138.56833314895630 80.52632 4.50928625194085e-26
2238721138.56833314895630 85.26316 5.68490419756860e-26
2238721138.56833314895630 90.00000 4.80911362462583e-26
2818382931.26444959640503 0.00000 5.75140553320114e-27
2818382931.26444959640503 4.73684 5.75908448040482e-27
2818382931.26444959640503 9.47368 5.78236504997640e-27
2818382931.26444959640503 14.21053 5.82207444210601e-27
2818382931.26444959640503 18.94737 5.87933501258014e-27
2818382931.26444959640503 23.68421 5.95654212670175e-27
2818382931.26444959640503 28.42105 6.05631116448877e-27
2818382931.26444959640503 33.15789 6.18326006027146e-27
2818382931.26444959640503 37.89474 6.34372759695639e-27
2818382931.26444959640503 42.63158 6.54561489126645e-27
2818382931.26444959640503 47.36842 6.80079898615891e-27
2818382931.26444959640503 52.10526 7.12734054477105e-27
2818382931.26444959640503 56.84211 7.55369450818282e-27
2818382931.26444959640503 61.57895 8.12329869312050e-27
2818382931.26444959640503 66.31579 8.91031250995197e-27
2818382931.26444959640503 71.05263 1.00448841230064e-26
2818382931.26444959640503 75.78947 1.17638968219375e-26
2818382931.26444959640503 80.52632 1.44584797583053e-26
2818382931.26444959640503 85.26316 1.80113842952186e-26
2818382931.26444959640503 90.00000 1.50566422448115e-26
3548133892.33575296401978 0.00000 1.95654760964819e-27
3548133892.33575296401978 4.73684 1.95888635385672e-27
3548133892.33575296401978 9.47368 1.96599382912420e-27
3548133892.33575296401978 14.21053 1.97810599532008e-27
3548133892.33575296401978 18.94737 1.99554933524242e-27
3548133892.33575296401978 23.68421 2.01906017003960e-27
3548133892.33575296401978 28.42105 2.04940056318958e-27
3548133892.33575296401978 33.15789 2.08796966145413e-27
3548133892.33575296401978 37.89474 2.13667561146304e-27
3548133892.33575296401978 42.63158 2.19786372973252e-27
3548133892.33575296401978 47.36842 2.27507050823008e-27
3548133892.33575296401978 52.10526 2.37369764547929e-27
3548133892.33575296401978 56.84211 2.50227772765125e-27
3548133892.33575296401978 61.57895 2.67375371666816e-27
3548133892.33575296401978 66.31579 2.91025238803002e-27
3548133892.33575296401978 71.05263 3.25052509441279e-27
3548133892.33575296401978 75.78947 3.76483670297748e-27
3548133892.33575296401978 80.52632 4.56796090192726e-27
3548133892.33575296401978 85.26316 5.61365326784637e-27
3548133892.33575296401978 90.00000 4.63904360137331e-27
4466835921.50962543487549 0.00000 6.61114230358198e-28
4466835921.50962543487549 4.73684 6.61816361790764e-28
4466835921.50962543487549 9.47368 6.63955767819662e-28
4466835921.50962543487549 14.21053 6.67597780233211e-28
4466835921.50962543487549 18.94737 6.72834700560930e-28
4466835921.50962543487549 23.68421 6.79889370112119e-28
4466835921.50962543487549 28.42105 6.88978167369231e-28
4466835921.50962543487549 33.15789 7.00517403822411e-28
4466835921.50962543487549 37.89474 7.15070850685736e-28
4466835921.50962543487549 42.63158 7.33319211706357e-28
4466835921.50962543487549 47.36842 7.56293279616942e-28
4466835921.50962543487549 52.10526 7.85576015702535e-28
4466835921.50962543487549 56.84211 8.23675696302831e-28
4466835921.50962543487549 61.57895 8.74368335607407e-28
4466835921.50962543487549 66.31579 9.44121400539070e-28
4466835921.50962543487549 71.05263 1.04423741772650e-27
4466835921.50962543487549 75.78947 1.19513256336411e-27
4466835921.50962543487549 80.52632 1.42979019353812e-27
4466835921.50962543487549 85.26316 1.73129767482265e-27
4466835921.50962543487549 90.00000 1.41722845990048e-27
5623413251.90347957611084 0.00000 2.23390836211058e-28
5623413251.90347957611084 4.73684 2.23600319022290e-28
5623413251.90347957611084 9.47368 2.24240484743860e-28
5623413251.90347957611084 14.21053 2.25328905109002e-28
5623413251.90347957611084 18.94737 2.26890989848300e-28
5623413251.90347957611084 23.68421 2.28993634231948e-28
5623413251.90347957611084 28.42105 2.31696888169073e-28
5623413251.90347957611084 33.15789 2.35123199423106e-28
5623413251.90347957611084 37.89474 2.39437067293029e-28
5623413251.90347957611084 42.63158 2.44832545254660e-28
5623413251.90347957611084 47.36842 2.51605180637592e-28
5623413251.90347957611084 52.10526 2.60211868431327e-28
5623413251.90347957611084 56.84211 2.71379338935880e-28
5623413251.90347957611084 61.57895 2.86191234993925e-28
5623413251.90347957611084 66.31579 3.06508259880037e-28
5623413251.90347957611084 71.05263 3.35574237753355e-28
5623413251.90347957611084 75.78947 3.79223842984465e-28
5623413251.90347957611084 80.52632 4.46766271976084e-28
5623413251.90347957611084 85.26316 5.32215334483472e-28
5623413251.90347957611084 90.00000 4.31626191298165e-28
7079457843.84135913848877 0.00000 7.49273723194887e-29
7079457843.84135913848877 4.73684 7.49898244609526e-29
7079457843.84135913848877 9.47368 7.51812601576671e-29
7079457843.84135913848877 14.21053 7.55062683925483e-29
7079457843.84135913848877 18.94737 7.59716591025195e-29
7079457843.84135913848877 23.68421 7.65974042407070e-29
7079457843.84135913848877 28.42105 7.73998063830702e-29
7079457843.84135913848877 33.15789 7.84145613160796e-29
7079457843.84135913848877 37.89474 7.96891906921549e-29
7079457843.84135913848877 42.63158 8.12781108640739e-29
7079457843.84135913848877 47.36842 8.32648095076619e-29
7079457843.84135913848877 52.10526 8.57793835482204e-29
7079457843.84135913848877 56.84211 8.90296911398402e-29
7079457843.84135913848877 61.57895 9.33219397038079e-29
7079457843.84135913848877 66.31579 9.91835439324042e-29
7079457843.84135913848877 71.05263 1.07531141019776e-28
7079457843.84135913848877 75.78947 1.20004994825199e-28
7079457843.84135913848877 80.52632 1.39182186285215e-28
7079457843.84135913848877 85.26316 1.62980402835218e-28
7079457843.84135913848877 90.00000 1.30934544235263e-28
8912509381.33744049072266 0.00000 2.53304811603722e-29
8912509381.33744049072266 4.73684 2.53492098019099e-29
8912509381.33744049072266 9.47368 2.54067864920715e-29
8912509381.33744049072266 14.21053 2.55043801031077e-29
8912509381.33744049072266 18.94737 2.56437763203655e-29
8912509381.33744049072266 23.68421 2.58309253954108e-29
8912509381.33744049072266 28.42105 2.60701792651314e-29
8912509381.33744049072266 33.15789 2.63718965826906e-29
8912509381.33744049072266 37.89474 2.67497282791001e-29
8912509381.33744049072266 42.63158 2.72187512220137e-29
8912509381.33744049072266 47.36842 2.78022973341319e-29
8912509381.33744049072266 52.10526 2.85370492502025e-29
8912509381.33744049072266 56.84211 2.94819019772201e-29
8912509381.33744049072266 61.57895 3.07223313028920e-29
8912509381.33744049072266 66.31579 3.24060853868785e-29
8912509381.33744049072266 71.05263 3.47889693065224e-29
8912509381.33744049072266 75.78947 3.83259429463411e-29
8912509381.33744049072266 80.52632 4.37189146249062e-29
8912509381.33744049072266 85.26316 5.02597452243358e-29
8912509381.33744049072266 90.00000 4.01188154835976e-29
11220184543.01963043212891 0.00000 8.58886404939102e-30
11220184543.01963043212891 4.73684 8.59455054892521e-30
11220184543.01963043212891 9.47368 8.61209199657861e-30
11220184543.01963043212891 14.21053 8.64177098444461e-30
11220184543.01963043212891 18.94737 8.68404125838714e-30
11220184543.01963043212891 23.68421 8.74069746906462e-30
11220184543.01963043212891 28.42105 8.81287474686793e-30
11220184543.01963043212891 33.15789 8.90359788201545e-30
11220184543.01963043212891 37.89474 9.01680115724100e-30
11220184543.01963043212891 42.63158 9.15662313609396e-30
11220184543.01963043212891 47.36842 9.32954127085074e-30
11220184543.01963043212891 52.10526 9.54585575473286e-30
11220184543.01963043212891 56.84211 9.82220199867667e-30
11220184543.01963043212891 61.57895 1.01822268000105e-29
11220184543.01963043212891 66.31579 1.06669892638048e-29
11220184543.01963043212891 71.05263 1.13471874429074e-29
11220184543.01963043212891 75.78947 1.23475047707478e-29
11220184543.01963043212891 80.52632 1.38555081031434e-29
11220184543.01963043212891 85.26316 1.56279707443897e-29
11220184543.01963043212891 90.00000 1.23614949986518e-29
14125375446.22752571105957 0.00000 2.90148916348307e-30
14125375446.22752571105957 4.73684 2.90323945541135e-30
14125375446.22752571105957 9.47368 2.90865688013669e-30
14125375446.22752571105957 14.21053 2.91780575030319e-30
14125375446.22752571105957 18.94737 2.93079822514842e-30
14125375446.22752571105957 23.68421 2.94818118710680e-30
14125375446.22752571105957 28.42105 2.97024505095384e-30
14125375446.22752571105957 33.15789 2.99787951684585e-30
14125375446.22752571105957 37.89474 3.03222390592175e-30
14125375446.22752571105957 42.63158 3.07440685951232e-30
14125375446.22752571105957 47.36842 3.12621798092997e-30
14125375446.22752571105957 52.10526 3.19053970371908e-30
14125375446.22752571105957 56.84211 3.27205623455893e-30
14125375446.22752571105957 61.57895 3.37724559822981e-30
14125375446.22752571105957 66.31579 3.51740950899519e-30
14125375446.22752571105957 71.05263 3.71184886940012e-30
14125375446.22752571105957 75.78947 3.99418966373710e-30
14125375446.22752571105957 80.52632 4.41319988122098e-30
14125375446.22752571105957 85.26316 4.88499382689981e-30
14125375446.22752571105957 90.00000 3.82902371790176e-30
17782794100.38919067382812 0.00000 9.81026231927757e-31
17782794100.38919067382812 4.73684 9.81572409716472e-31
17782794100.38919067382812 9.47368 9.83267988968155e-31
17782794100.38919067382812 14.21053 9.86126563232613e-31
17782794100.38919067382812 18.94737 9.90175558141368e-31
17782794100.38919067382812 23.68421 9.95583511219307e-31
17782794100.38919067382812 28.42105 1.00242418507428e-30
17782794100.38919067382812 33.15789 1.01096236465093e-30
17782794100.38919067382812 37.89474 1.02153122954453e-30
17782794100.38919067382812 42.63158 1.03443933850408e-30
17782794100.38919067382812 47.36842 1.05018229048062e-30
17782794100.38919067382812 52.10526 1.06956856333676e-30
17782794100.38919067382812 56.84211 1.09391906546595e-30
17782794100.38919067382812 61.57895 1.12499884106806e-30
17782794100.38919067382812 66.31579 1.16589987222966e-30
17782794100.38919067382812 71.05263 1.22184104255166e-30
17782794100.38919067382812 75.78947 1.30176293681470e-30
17782794100.38919067382812 80.52632 1.41799372542880e-30
17782794100.38919067382812 85.26316 1.54193441260824e-30
17782794100.38919067382812 90.00000 1.20157559951947e-30
22387211385.68337631225586 0.00000 3.33479506173706e-31
22387211385.68337631225586 4.73684 3.33653370727490e-31
22387211385.68337631225586 9.47368 3.34194580414053e-31
22387211385.68337631225586 14.21053 3.35105665748760e-31
22387211385.68337631225586 18.94737 3.36393414354964e-31
22387211385.68337631225586 23.68421 3.38110917535332e-31
22387211385.68337631225586 28.42105 3.40277089721194e-31
22387211385.68337631225586 33.15789 3.42972665222617e-31
22387211385.68337631225586 37.89474 3.46297312812725e-31
22387211385.68337631225586 42.63158 3.50336937457947e-31
22387211385.68337631225586 47.36842 3.55231097653748e-31
22387211385.68337631225586 52.10526 3.61210132772833e-31
22387211385.68337631225586 56.84211 3.68651765538072e-31
22387211385.68337631225586 61.57895 3.78039702002139e-31
22387211385.68337631225586 66.31579 3.90223345785213e-31
22387211385.68337631225586 71.05263 4.06612089257131e-31
22387211385.68337631225586 75.78947 4.29562510107633e-31
22387211385.68337631225586 80.52632 4.62089678113685e-31
22387211385.68337631225586 85.26316 4.94401322025873e-31
22387211385.68337631225586 90.00000 3.83289730177135e-31
28183829312.64454650878906 0.00000 1.13772282747971e-31
28183829312.64454650878906 4.73684 1.13828232676453e-31
28183829312.64454650878906 9.47368 1.14002934107721e-31
28183829312.64454650878906 14.21053 1.14296651003284e-31
28183829312.64454650878906 18.94737 1.14711053903032e-31
28183829312.64454650878906 23.68421 1.15263256736591e-31
28183829312.64454650878906 28.42105 1.15958069970555e-31
28183829312.64454650878906 33.15789 1.16820715321661e-31
28183829312.64454650878906 37.89474 1.17881687132685e-31
28183829312.64454650878906 42.63158 1.19165279594585e-31
28183829312.64454650878906 47.36842 1.20711383143730e-31
28183829312.64454650878906 52.10526 1.22586620072536e-31
28183829312.64454650878906 56.84211 1.24900504068269e-31
28183829312.64454650878906 61.57895 1.27785810531381e-31
28183829312.64454650878906 66.31579 1.31475762809521e-31
28183829312.64454650878906 71.05263 1.36347334225785e-31
28183829312.64454650878906 75.78947 1.43006813044893e-31
28183829312.64454650878906 80.52632 1.52133322386714e-31
28183829312.64454650878906 85.26316 1.60305341899400e-31
28183829312.64454650878906 90.00000 1.23312693251652e-31
35481338923.35752868652344 0.00000 3.86762117520660e-32
35481338923.35752868652344 4.73684 3.86941893104582e-32
35481338923.35752868652344 9.47368 3.87505232492454e-32
35481338923.35752868652344 14.21053 3.88451395845852e-32
35481338923.35752868652344 18.94737 3.89784639967731e-32
35481338923.35752868652344 23.68421 3.91561020110170e-32
35481338923.35752868652344 28.42105 3.93792911280983e-32
35481338923.35752868652344 33.15789 3.96560838439316e-32
35481338923.35752868652344 37.89474 3.99960217966073e-32
35481338923.35752868652344 42.63158 4.04061802136727e-32
35481338923.35752868652344 47.36842 4.08982599701037e-32
35481338923.35752868652344 52.10526 4.14919967829084e-32
35481338923.35752868652344 56.84211 4.22198345661364e-32
35481338923.35752868652344 61.57895 4.31187660150205e-32
35481338923.35752868652344 66.31579 4.42535400405914e-32
35481338923.35752868652344 71.05263 4.57251150150760e-32
35481338923.35752868652344 75.78947 4.76868797631564e-32
35481338923.35752868652344 80.52632 5.02746484672173e-32
35481338923.35752868652344 85.26316 5.22984992035445e-32
35481338923.35752868652344 90.00000 4.00016649195590e-32
44668359215.09626007080078 0.00000 1.32300819677886e-32
44668359215.09626007080078 4.73684 1.32358626541241e-32
44668359215.09626007080078 9.47368 1.32540449305475e-32
44668359215.09626007080078 14.21053 1.32845597383626e-32
44668359215.09626007080078 18.94737 1.33275214053725e-32
44668359215.09626007080078 23.68421 1.33847878551976e-32
44668359215.09626007080078 28.42105 1.34566841802205e-32
44668359215.09626007080078 33.15789 1.35458276983824e-32
44668359215.09626007080078 37.89474 1.36552640603418e-32
44668359215.09626007080078 42.63158 1.37871196501904e-32
44668359215.09626007080078 47.36842 1.39449223185408e-32
44668359215.09626007080078 52.10526 1.41346642131997e-32
44668359215.09626007080078 56.84211 1.43661709173156e-32
44668359215.09626007080078 61.57895 1.46499320160410e-32
44668359215.09626007080078 66.31579 1.50041449715066e-32
44668359215.09626007080078 71.05263 1.54558263292953e-32
44668359215.09626007080078 75.78947 1.60426123413691e-32
44668359215.09626007080078 80.52632 1.67837538756992e-32
44668359215.09626007080078 85.26316 1.72647004413244e-32
44668359215.09626007080078 90.00000 1.31492541964271e-32
56234132519.03479766845703 0.00000 4.50920244307067e-33
56234132519.03479766845703 4.73684 4.51105215248459e-33
56234132519.03479766845703 9.47368 4.51689775472083e-33
56234132519.03479766845703 14.21053 4.52670162222287e-33
56234132519.03479766845703 18.94737 4.54049455558175e-33
56234132519.03479766845703 23.68421 4.55890058362365e-33
56234132519.03479766845703 28.42105 4.58200386615540e-33
56234132519.03479766845703 33.15789 4.61066975817460e-33
56234132519.03479766845703 37.89474 4.64588946323907e-33
56234132519.03479766845703 42.63158 4.68832069432729e-33
56234132519.03479766845703 47.36842 4.73905783958271e-33
56234132519.03479766845703 52.10526 4.79997331052926e-33
56234132519.03479766845703 56.84211 4.87412904995126e-33
56234132519.03479766845703 61.57895 4.96458864373387e-33
56234132519.03479766845703 66.31579 5.07660323474632e-33
56234132519.03479766845703 71.05263 5.21751446582953e-33
56234132519.03479766845703 75.78947 5.39634322458503e-33
56234132519.03479766845703 80.52632 5.61237113492414e-33
56234132519.03479766845703 85.26316 5.72093876451015e-33
56234132519.03479766845703 90.00000 4.33307093968400e-33
70794578438.41374206542969 0.00000 1.53958575079254e-33
70794578438.41374206542969 4.73684 1.54016918271388e-33
70794578438.41374206542969 9.47368 1.54202309692524e-33
70794578438.41374206542969 14.21053 1.54513071112512e-33
70794578438.41374206542969 18.94737 1.54950064337219e-33
70794578438.41374206542969 23.68421 1.55534240798378e-33
70794578438.41374206542969 28.42105 1.56267798383970e-33
70794578438.41374206542969 33.15789 1.57179501199916e-33
70794578438.41374206542969 37.89474 1.58301914598189e-33
70794578438.41374206542969 42.63158 1.59655988885466e-33
70794578438.41374206542969 47.36842 1.61276625973335e-33
70794578438.41374206542969 52.10526 1.63223878117359e-33
70794578438.41374206542969 56.84211 1.65595659665872e-33
70794578438.41374206542969 61.57895 1.68485172084472e-33
70794578438.41374206542969 66.31579 1.72049829208910e-33
70794578438.41374206542969 71.05263 1.76496400383351e-33
70794578438.41374206542969 75.78947 1.82040779728612e-33
70794578438.41374206542969 80.52632 1.88477688815447e-33
70794578438.41374206542969 85.26316 1.90803735842555e-33
70794578438.41374206542969 90.00000 1.44241300842585e-33
89125093813.37458801269531 0.00000 5.27783408515492e-34
89125093813.37458801269531 4.73684 5.27966112882632e-34
89125093813.37458801269531 9.47368 5.28550458155227e-34
89125093813.37458801269531 14.21053 5.29529404998084e-34
89125093813.37458801269531 18.94737 5.30905205774165e-34
89125093813.37458801269531 23.68421 5.32748428470448e-34
89125093813.37458801269531 28.42105 5.35064412435424e-34
89125093813.37458801269531 33.15789 5.37949220580241e-34
89125093813.37458801269531 37.89474 5.41510594093643e-34
89125093813.37458801269531 42.63158 5.45816136537150e-34
89125093813.37458801269531 47.36842 5.50978924550871e-34
89125093813.37458801269531 52.10526 5.57194964545857e-34
89125093813.37458801269531 56.84211 5.64783438145616e-34
89125093813.37458801269531 61.57895 5.74036725365602e-34
89125093813.37458801269531 66.31579 5.85441860384694e-34
89125093813.37458801269531 71.05263 5.99600558609844e-34
89125093813.37458801269531 75.78947 6.17021874208278e-34
89125093813.37458801269531 80.52632 6.36533254578306e-34
89125093813.37458801269531 85.26316 6.40821417084501e-34
89125093813.37458801269531 90.00000 4.83479555884800e-34
