89.12509381337455 0.00000 1.16659847615198e-06
89.12509381337455 4.73684 1.14808098411475e-06
89.12509381337455 9.47368 1.10817329572649e-06
89.12509381337455 14.21053 1.04003977984816e-06
89.12509381337455 18.94737 9.43087497236523e-07
89.12509381337455 23.68421 8.35094970845179e-07
89.12509381337455 28.42105 7.13181490816502e-07
89.12509381337455 33.15789 5.91245670230261e-07
89.12509381337455 37.89474 4.76004268823497e-07
89.12509381337455 42.63158 3.67075753547806e-07
89.12509381337455 47.36842 2.67959916536774e-07
89.12509381337455 52.10526 1.83718241006763e-07
89.12509381337455 56.84211 1.17562617317333e-07
89.12509381337455 61.57895 6.85101164093607e-08
89.12509381337455 66.31579 3.55597023930217e-08
89.12509381337455 71.05263 1.58371084068080e-08
89.12509381337455 75.78947 5.66116540183124e-09
89.12509381337455 80.52632 1.44564508322435e-09
89.12509381337455 85.26316 2.02500889916811e-10
89.12509381337455 90.00000 8.56579592144548e-12
112.20184543019636 0.00000 1.28073248579663e-06
112.20184543019636 4.73684 1.26093337446806e-06
112.20184543019636 9.47368 1.21818388145090e-06
112.20184543019636 14.21053 1.14506510617795e-06
112.20184543019636 18.94737 1.04069476866761e-06
112.20184543019636 23.68421 9.23922586804334e-07
112.20184543019636 28.42105 7.91367904035153e-07
112.20184543019636 33.15789 6.57998858404429e-07
112.20184543019636 37.89474 5.31256481421375e-07
112.20184543019636 42.63158 4.10767372708576e-07
112.20184543019636 47.36842 3.00515625198891e-07
112.20184543019636 52.10526 2.06407394889980e-07
112.20184543019636 56.84211 1.32319990933795e-07
112.20184543019636 61.57895 7.72465046939058e-08
112.20184543019636 66.31579 4.01660911114231e-08
112.20184543019636 71.05263 1.79179207628705e-08
112.20184543019636 75.78947 6.41363574177026e-09
112.20184543019636 80.52632 1.63951146254969e-09
112.20184543019636 85.26316 2.29754896628419e-10
112.20184543019636 90.00000 9.71364767275303e-12
141.25375446227540 0.00000 1.39706411251032e-06
141.25375446227540 4.73684 1.37604752285017e-06
141.25375446227540 9.47368 1.33064437247039e-06
141.25375446227540 14.21053 1.25280913340050e-06
141.25375446227540 18.94737 1.14129074389655e-06
141.25375446227540 23.68421 1.01597048070158e-06
141.25375446227540 28.42105 8.72861389888524e-07
141.25375446227540 33.15789 7.27999645421591e-07
141.25375446227540 37.89474 5.89575917723765e-07
141.25375446227540 42.63158 4.57185265993597e-07
141.25375446227540 47.36842 3.35315828530836e-07
141.25375446227540 52.10526 2.30810586185986e-07
141.25375446227540 56.84211 1.48307135243565e-07
141.25375446227540 61.57895 8.67841929653388e-08
141.25375446227540 66.31579 4.52349112115725e-08
141.25375446227540 71.05263 2.02243214628534e-08
141.25375446227540 75.78947 7.25292740061625e-09
141.25375446227540 80.52632 1.85679342867058e-09
141.25375446227540 85.26316 2.60373753134123e-10
141.25375446227540 90.00000 1.10015435677006e-11
177.82794100389219 0.00000 1.50772571718342e-06
177.82794100389219 4.73684 1.48565846740728e-06
177.82794100389219 9.47368 1.43803679422720e-06
177.82794100389219 14.21053 1.35617305916598e-06
177.82794100389219 18.94737 1.23837108331918e-06
177.82794100389219 23.68421 1.10543096882342e-06
177.82794100389219 28.42105 9.52662151824834e-07
177.82794100389219 33.15789 7.97093452167278e-07
177.82794100389219 37.89474 6.47640155951596e-07
177.82794100389219 42.63158 5.03807620432014e-07
177.82794100389219 47.36842 3.70569717424388e-07
177.82794100389219 52.10526 2.55751660103359e-07
177.82794100389219 56.84211 1.64816585195216e-07
177.82794100389219 61.57895 9.67428630400502e-08
177.82794100389219 66.31579 5.05871576837318e-08
177.82794100389219 71.05263 2.26848015552542e-08
177.82794100389219 75.78947 8.15631568112446e-09
177.82794100389219 80.52632 2.09228085313712e-09
177.82794100389219 85.26316 2.93677167380437e-10
177.82794100389219 90.00000 1.24004420845134e-11
223.87211385683389 0.00000 1.60975588482684e-06
223.87211385683389 4.73684 1.58685950735739e-06
223.87211385683389 9.47368 1.53756543401064e-06
223.87211385683389 14.21053 1.45255496631025e-06
223.87211385683389 18.94737 1.32961606967912e-06
223.87211385683389 23.68421 1.19029827462928e-06
223.87211385683389 28.42105 1.02912326916933e-06
223.87211385683389 33.15789 8.63991107752076e-07
223.87211385683389 37.89474 7.04493701230685e-07
223.87211385683389 42.63158 5.49986442725199e-07
223.87211385683389 47.36842 4.05893747374577e-07
223.87211385683389 52.10526 2.81048001559782e-07
223.87211385683389 56.84211 1.81795069719861e-07
223.87211385683389 61.57895 1.07135634354091e-07
223.87211385683389 66.31579 5.62551888776760e-08
223.87211385683389 71.05263 2.53255133832533e-08
223.87211385683389 75.78947 9.13738620219666e-09
223.87211385683389 80.52632 2.35035093145573e-09
223.87211385683389 85.26316 3.30359985079922e-10
223.87211385683389 90.00000 1.39397868515811e-11
281.83829312644536 0.00000 1.69902107449620e-06
281.83829312644536 4.73684 1.67556524891019e-06
281.83829312644536 9.47368 1.62524816696530e-06
281.83829312644536 14.21053 1.53815926657980e-06
281.83829312644536 18.94737 1.41151708919945e-06
281.83829312644536 23.68421 1.26741068086792e-06
281.83829312644536 28.42105 1.09951575670691e-06
281.83829312644536 33.15789 9.26435695611138e-07
281.83829312644536 37.89474 7.58355922411811e-07
281.83829312644536 42.63158 5.94415106722455e-07
281.83829312644536 47.36842 4.40422528163330e-07
281.83829312644536 52.10526 3.06197097310491e-07
281.83829312644536 56.84211 1.98996004067891e-07
281.83829312644536 61.57895 1.17872814224407e-07
281.83829312644536 66.31579 6.22246463061064e-08
281.83829312644536 71.05263 2.81554874283161e-08
281.83829312644536 75.78947 1.02052164121058e-08
281.83829312644536 80.52632 2.63461326736511e-09
281.83829312644536 85.26316 3.71052232473339e-10
281.83829312644536 90.00000 1.56468610190726e-11
354.81338923357532 0.00000 1.76936782903166e-06
354.81338923357532 4.73684 1.74566453660139e-06
354.81338923357532 9.47368 1.69507386784515e-06
354.81338923357532 14.21053 1.60716410249218e-06
354.81338923357532 18.94737 1.47856480029538e-06
354.81338923357532 23.68421 1.33167366254933e-06
354.81338923357532 28.42105 1.15930746203080e-06
354.81338923357532 33.15789 9.80555496147075e-07
354.81338923357532 37.89474 8.06060239426301e-07
354.81338923357532 42.63158 6.34665902843794e-07
354.81338923357532 47.36842 4.72451744496790e-07
354.81338923357532 52.10526 3.30120200280129e-07
354.81338923357532 56.84211 2.15808355459729e-07
354.81338923357532 61.57895 1.28658840347652e-07
354.81338923357532 66.31579 6.83799987226292e-08
354.81338923357532 71.05263 3.11425557908752e-08
354.81338923357532 75.78947 1.13560977601137e-08
354.81338923357532 80.52632 2.94590710145823e-09
354.81338923357532 85.26316 4.16056438998239e-10
354.81338923357532 90.00000 1.75361524758743e-11
446.68359215096280 0.00000 1.80956653420810e-06
446.68359215096280 4.73684 1.78604680918325e-06
446.68359215096280 9.47368 1.73617103477136e-06
446.68359215096280 14.21053 1.64913780579228e-06
446.68359215096280 18.94737 1.52102323744833e-06
446.68359215096280 23.68421 1.37418756777728e-06
446.68359215096280 28.42105 1.20066272061477e-06
446.68359215096280 33.15789 1.01968506272172e-06
446.68359215096280 37.89474 8.42131025991098e-07
446.68359215096280 42.63158 6.66482515352010e-07
446.68359215096280 47.36842 4.98910949093431e-07
446.68359215096280 52.10526 3.50781056211927e-07
446.68359215096280 56.84211 2.30991670854413e-07
446.68359215096280 61.57895 1.38823304564393e-07
446.68359215096280 66.31579 7.44094197939839e-08
446.68359215096280 71.05263 3.41685261667519e-08
446.68359215096280 75.78947 1.25570432900785e-08
446.68359215096280 80.52632 3.27806115482301e-09
446.68359215096280 85.26316 4.64764545614183e-10
446.68359215096280 90.00000 1.95854396719865e-11
562.34132519034881 0.00000 1.81394228073778e-06
562.34132519034881 4.73684 1.79107598852654e-06
562.34132519034881 9.47368 1.74295553607550e-06
562.34132519034881 14.21053 1.65861982732374e-06
562.34132519034881 18.94737 1.53368392016568e-06
562.34132519034881 23.68421 1.39007192744557e-06
562.34132519034881 28.42105 1.21918812480517e-06
562.34132519034881 33.15789 1.04001049267844e-06
562.34132519034881 37.89474 8.63371540704219e-07
562.34132519034881 42.63158 6.87343968473559e-07
562.34132519034881 47.36842 5.17973673951554e-07
562.34132519034881 52.10526 3.66975462750409e-07
562.34132519034881 56.84211 2.43822402038095e-07
562.34132519034881 61.57895 1.47990639744748e-07
562.34132519034881 66.31579 8.01546142040534e-08
562.34132519034881 71.05263 3.71868863431601e-08
562.34132519034881 75.78947 1.38031627482768e-08
562.34132519034881 80.52632 3.63285281336007e-09
562.34132519034881 85.26316 5.17794445485710e-10
562.34132519034881 90.00000 2.18266453199239e-11
707.94578438413771 0.00000 1.77345862506186e-06
707.94578438413771 4.73684 1.75181669305429e-06
707.94578438413771 9.47368 1.70665190434921e-06
707.94578438413771 14.21053 1.62714912140460e-06
707.94578438413771 18.94737 1.50862146401912e-06
707.94578438413771 23.68421 1.37202113470666e-06
707.94578438413771 28.42105 1.20839042051635e-06
707.94578438413771 33.15789 1.03592231904291e-06
707.94578438413771 37.89474 8.65057411332324e-07
707.94578438413771 42.63158 6.93458337657451e-07
707.94578438413771 47.36842 5.26792988481253e-07
707.94578438413771 52.10526 3.76717323868693e-07
707.94578438413771 56.84211 2.53013662217208e-07
707.94578438413771 61.57895 1.55420002973636e-07
707.94578438413771 66.31579 8.52522451828327e-08
707.94578438413771 71.05263 4.00572084375449e-08
707.94578438413771 75.78947 1.50569086216210e-08
707.94578438413771 80.52632 4.00432584072084e-09
707.94578438413771 85.26316 5.74806719005782e-10
707.94578438413771 90.00000 2.42548701377172e-11
891.25093813374542 0.00000 1.68348506637274e-06
891.25093813374542 4.73684 1.66367333338679e-06
891.25093813374542 9.47368 1.62267961858688e-06
891.25093813374542 14.21053 1.55020717308981e-06
891.25093813374542 18.94737 1.44148332212109e-06
891.25093813374542 23.68421 1.31587305119684e-06
891.25093813374542 28.42105 1.16441187127218e-06
891.25093813374542 33.15789 1.00391625557703e-06
891.25093813374542 37.89474 8.44054441218370e-07
891.25093813374542 42.63158 6.82134133540582e-07
891.25093813374542 47.36842 5.23190818737387e-07
891.25093813374542 52.10526 3.78358854803840e-07
891.25093813374542 56.84211 2.57406720571018e-07
891.25093813374542 61.57895 1.60391645530042e-07
891.25093813374542 66.31579 8.93255662092293e-08
891.25093813374542 71.05263 4.26271628695730e-08
891.25093813374542 75.78947 1.62763935272976e-08
891.25093813374542 80.52632 4.38602759318890e-09
891.25093813374542 85.26316 6.35551823030219e-10
891.25093813374542 90.00000 2.68739881111695e-11
1122.01845430196295 0.00000 1.54366698740472e-06
1122.01845430196295 4.73684 1.52626270513304e-06
1122.01845430196295 9.47368 1.49054283183359e-06
1122.01845430196295 14.21053 1.42712846792250e-06
1122.01845430196295 18.94737 1.33141113538371e-06
1122.01845430196295 23.68421 1.22053830423337e-06
1122.01845430196295 28.42105 1.08594752359357e-06
1122.01845430196295 33.15789 9.42490199081199e-07
1122.01845430196295 37.89474 7.98697556079810e-07
1122.01845430196295 42.63158 6.51638445364215e-07
1122.01845430196295 47.36842 5.05499814373513e-07
1122.01845430196295 52.10526 3.70433249525704e-07
1122.01845430196295 56.84211 2.55833348434761e-07
1122.01845430196295 61.57895 1.62098835409930e-07
1122.01845430196295 66.31579 9.19105993809774e-08
1122.01845430196295 71.05263 4.46909671669257e-08
1122.01845430196295 75.78947 1.73970790733527e-08
1122.01845430196295 80.52632 4.76587747142007e-09
1122.01845430196295 85.26316 6.99152254265846e-10
1122.01845430196295 90.00000 2.96680532875650e-11
1412.53754462275333 0.00000 1.36247842187065e-06
1412.53754462275333 4.73684 1.34790559232104e-06
1412.53754462275333 9.47368 1.31821062043508e-06
1412.53754462275333 14.21053 1.26527716919587e-06
1412.53754462275333 18.94737 1.18489817814693e-06
1412.53754462275333 23.68421 1.09149846475382e-06
1412.53754462275333 28.42105 9.77305263075147e-07
1412.53754462275333 33.15789 8.54751421031798e-07
1412.53754462275333 37.89474 7.30963920936272e-07
1412.53754462275333 42.63158 6.02936271765596e-07
1412.53754462275333 47.36842 4.73881358550851e-07
1412.53754462275333 52.10526 3.52593946129932e-07
1412.53754462275333 56.84211 2.47740802550834e-07
1412.53754462275333 61.57895 1.60020250821423e-07
1412.53754462275333 66.31579 9.26490761117982e-08
1412.53754462275333 71.05263 4.60720705968148e-08
1412.53754462275333 75.78947 1.83589008159603e-08
1412.53754462275333 80.52632 5.13291624371247e-09
1412.53754462275333 85.26316 7.65079020971911e-10
1412.53754462275333 90.00000 3.26447207639952e-11
1778.27941003892192 0.00000 1.15280583448748e-06
1778.27941003892192 4.73684 1.14126086775833e-06
1778.27941003892192 9.47368 1.11787003326131e-06
1778.27941003892192 14.21053 1.07600599217573e-06
1778.27941003892192 18.94737 1.01204827096764e-06
1778.27941003892192 23.68421 9.37424831165226e-07
1778.27941003892192 28.42105 8.45458906426758e-07
1778.27941003892192 33.15789 7.45939499593176e-07
1778.27941003892192 37.89474 6.44469841504623e-07
1778.27941003892192 42.63158 5.38155293033907e-07
1778.27941003892192 47.36842 4.29224061792052e-07
1778.27941003892192 52.10526 3.24872314890361e-07
1778.27941003892192 56.84211 2.32711818008943e-07
1778.27941003892192 61.57895 1.53621825803890e-07
1778.27941003892192 66.31579 9.11125502933115e-08
1778.27941003892192 71.05263 4.65269529291829e-08
1778.27941003892192 75.78947 1.90627591506755e-08
1778.27941003892192 80.52632 5.46441540733936e-09
1778.27941003892192 85.26316 8.31211295318683e-10
1778.27941003892192 90.00000 3.57549912121947e-11
2238.72113856833766 0.00000 9.34549152893384e-07
2238.72113856833766 4.73684 9.25909714684884e-07
2238.72113856833766 9.47368 9.08481279010020e-07
2238.72113856833766 14.21053 8.77161785613839e-07
2238.72113856833766 18.94737 8.29011138781880e-07
2238.72113856833766 23.68421 7.72543067363102e-07
2238.72113856833766 28.42105 7.02332570260021e-07
2238.72113856833766 33.15789 6.25620512526725e-07
2238.72113856833766 37.89474 5.46551302093845e-07
2238.72113856833766 42.63158 4.62504996498349e-07
2238.72113856833766 47.36842 3.74830894623611e-07
2238.72113856833766 52.10526 2.89059487212360e-07
2238.72113856833766 56.84211 2.11503462380569e-07
2238.72113856833766 61.57895 1.43053659693062e-07
2238.72113856833766 66.31579 8.72053025016960e-08
2238.72113856833766 71.05263 4.59321510740193e-08
2238.72113856833766 75.78947 1.94375494157631e-08
2238.72113856833766 80.52632 5.74296625332881e-09
2238.72113856833766 85.26316 8.96241811971457e-10
2238.72113856833766 90.00000 3.89974601511485e-11
2818.38293126445205 0.00000 7.24625261619633e-07
2818.38293126445205 4.73684 7.18522228749694e-07
2818.38293126445205 9.47368 7.06256768307219e-07
2818.38293126445205 14.21053 6.84123522095466e-07
2818.38293126445205 18.94737 6.49869464377789e-07
2818.38293126445205 23.68421 6.09469100746548e-07
2818.38293126445205 28.42105 5.58758691884454e-07
2818.38293126445205 33.15789 5.02774690783061e-07
2818.38293126445205 37.89474 4.44398436482153e-07
2818.38293126445205 42.63158 3.81394610364877e-07
2818.38293126445205 47.36842 3.14411643213027e-07
2818.38293126445205 52.10526 2.47399582055164e-07
2818.38293126445205 56.84211 1.85248403985727e-07
2818.38293126445205 61.57895 1.28701584572983e-07
2818.38293126445205 66.31579 8.09254285517585e-08
2818.38293126445205 71.05263 4.41599816798475e-08
2818.38293126445205 75.78947 1.93870999655140e-08
2818.38293126445205 80.52632 5.93976977732376e-09
2818.38293126445205 85.26316 9.56960079654654e-10
2818.38293126445205 90.00000 4.23028947896908e-11
3548.13389233575344 0.00000 5.37034451177146e-07
3548.13389233575344 4.73684 5.32962550178882e-07
3548.13389233575344 9.47368 5.24816703596711e-07
3548.13389233575344 14.21053 5.10054026531506e-07
3548.13389233575344 18.94737 4.87045828773486e-07
3548.13389233575344 23.68421 4.59758211438434e-07
3548.13389233575344 28.42105 4.25175277101976e-07
3548.13389233575344 33.15789 3.86595661505631e-07
3548.13389233575344 37.89474 3.45895452481016e-07
3548.13389233575344 42.63158 3.01270069440592e-07
3548.13389233575344 47.36842 2.52875191985536e-07
3548.13389233575344 52.10526 2.03301715752694e-07
3548.13389233575344 56.84211 1.56060492822713e-07
3548.13389233575344 61.57895 1.11652348506693e-07
3548.13389233575344 66.31579 7.26638355427153e-08
3548.13389233575344 71.05263 4.12356515907121e-08
3548.13389233575344 75.78947 1.88570642891101e-08
3548.13389233575344 80.52632 6.03142733587864e-09
3548.13389233575344 85.26316 1.01045178411831e-09
3548.13389233575344 90.00000 4.56271322313630e-11
4466.83592150962795 0.00000 3.79643530606453e-07
4466.83592150962795 4.73684 3.77099318385551e-07
4466.83592150962795 9.47368 3.72040628497883e-07
4466.83592150962795 14.21053 3.62828713443034e-07
4466.83592150962795 18.94737 3.48356338016343e-07
4466.83592150962795 23.68421 3.31094093761408e-07
4466.83592150962795 28.42105 3.08988437659141e-07
4466.83592150962795 33.15789 2.84053013736609e-07
4466.83592150962795 37.89474 2.57417700457294e-07
4466.83592150962795 42.63158 2.27711158465995e-07
4466.83592150962795 47.36842 1.94801213896712e-07
4466.83592150962795 52.10526 1.60226583155834e-07
4466.83592150962795 56.84211 1.26304106930130e-07
4466.83592150962795 61.57895 9.32662339068044e-08
4466.83592150962795 66.31579 6.29877813308958e-08
4466.83592150962795 71.05263 3.72609216361334e-08
4466.83592150962795 75.78947 1.78167367068575e-08
4466.83592150962795 80.52632 5.99263211392258e-09
4466.83592150962795 85.26316 1.05254056440122e-09
4466.83592150962795 90.00000 4.88778830301207e-11
5623.41325190348834 0.00000 2.57075643409433e-07
5623.41325190348834 4.73684 2.55590177090367e-07
5623.41325190348834 9.47368 2.52658077554479e-07
5623.41325190348834 14.21053 2.47289230399625e-07
5623.41325190348834 18.94737 2.38776603232751e-07
5623.41325190348834 23.68421 2.28558650605803e-07
5623.41325190348834 28.42105 2.15322820515453e-07
5623.41325190348834 33.15789 2.00210025755308e-07
5623.41325190348834 37.89474 1.83845742264353e-07
5623.41325190348834 42.63158 1.65255050514199e-07
5623.41325190348834 47.36842 1.44185003275564e-07
5623.41325190348834 52.10526 1.21440039402590e-07
5623.41325190348834 56.84211 9.84019215356796e-08
5623.41325190348834 61.57895 7.50683854582839e-08
5623.41325190348834 66.31579 5.26391616828098e-08
5623.41325190348834 71.05263 3.24828156053846e-08
5623.41325190348834 75.78947 1.63065386677039e-08
5623.41325190348834 80.52632 5.80979045763726e-09
5623.41325190348834 85.26316 1.07955102753653e-09
5623.41325190348834 90.00000 5.19829433405182e-11
7079.45784384137369 0.00000 1.68449494811203e-07
7079.45784384137369 4.73684 1.67636717190643e-07
7079.45784384137369 9.47368 1.66042803701843e-07
7079.45784384137369 14.21053 1.63106939866148e-07
7079.45784384137369 18.94737 1.58405614369216e-07
7079.45784384137369 23.68421 1.52719331857870e-07
7079.45784384137369 28.42105 1.45258872281239e-07
7079.45784384137369 33.15789 1.36620403201528e-07
7079.45784384137369 37.89474 1.27117758924000e-07
7079.45784384137369 42.63158 1.16097500323481e-07
7079.45784384137369 47.36842 1.03287357612532e-07
7079.45784384137369 52.10526 8.90344651602855e-08
7079.45784384137369 56.84211 7.40819764359040e-08
7079.45784384137369 61.57895 5.82937118571412e-08
7079.45784384137369 66.31579 4.23718696168423e-08
7079.45784384137369 71.05263 2.72848778868487e-08
7079.45784384137369 75.78947 1.44485410316292e-08
7079.45784384137369 80.52632 5.48908976346518e-09
7079.45784384137369 85.26316 1.08975206897119e-09
7079.45784384137369 90.00000 5.49531430888286e-11
8912.50938133744421 0.00000 1.08171094901553e-07
8912.50938133744421 4.73684 1.07740755391897e-07
8912.50938133744421 9.47368 1.06902192880390e-07
8912.50938133744421 14.21053 1.05347925293787e-07
8912.50938133744421 18.94737 1.02832830756498e-07
8912.50938133744421 23.68421 9.97656515331999e-08
8912.50938133744421 28.42105 9.56869086479990e-08
8912.50938133744421 33.15789 9.08949262458030e-08
8912.50938133744421 37.89474 8.55389026880939e-08
8912.50938133744421 42.63158 7.91997107542864e-08
8912.50938133744421 47.36842 7.16485886893610e-08
8912.50938133744421 52.10526 6.30074106078077e-08
8912.50938133744421 56.84211 5.36560677005257e-08
8912.50938133744421 61.57895 4.34235831271158e-08
8912.50938133744421 66.31579 3.26791068005404e-08
8912.50938133744421 71.05263 2.20035783034982e-08
8912.50938133744421 75.78947 1.23472127517453e-08
8912.50938133744421 80.52632 5.02836830674474e-09
8912.50938133744421 85.26316 1.07788018052517e-09
8912.50938133744421 90.00000 5.75953898297725e-11
11220.18454301962265 0.00000 6.74847161763631e-08
11220.18454301962265 4.73684 6.72599543484655e-08
11220.18454301962265 9.47368 6.68268999349622e-08
11220.18454301962265 14.21053 6.60192316220157e-08
11220.18454301962265 18.94737 6.46989189500418e-08
11220.18454301962265 23.68421 6.30808092603968e-08
11220.18454301962265 28.42105 6.09054283190081e-08
11220.18454301962265 33.15789 5.83234789775909e-08
11220.18454301962265 37.89474 5.54070995832149e-08
11220.18454301962265 42.63158 5.19020239193433e-08
11220.18454301962265 47.36842 4.76475146899960e-08
11220.18454301962265 52.10526 4.26727237622967e-08
11220.18454301962265 56.84211 3.71563399182704e-08
11220.18454301962265 61.57895 3.09324841728462e-08
11220.18454301962265 66.31579 2.41400004181519e-08
11220.18454301962265 71.05263 1.70362242256988e-08
11220.18454301962265 75.78947 1.01477601887412e-08
11220.18454301962265 80.52632 4.44725298225977e-09
11220.18454301962265 85.26316 1.04026049100544e-09
11220.18454301962265 90.00000 5.97014182006182e-11
14125.37544622752648 0.00000 4.03747883090724e-08
14125.37544622752648 4.73684 4.02666218608003e-08
14125.37544622752648 9.47368 4.00631300727798e-08
14125.37544622752648 14.21053 3.96798988361300e-08
14125.37544622752648 18.94737 3.90435215973581e-08
14125.37544622752648 23.68421 3.82606837949252e-08
14125.37544622752648 28.42105 3.71938936513214e-08
14125.37544622752648 33.15789 3.59141591943234e-08
14125.37544622752648 37.89474 3.44533539909053e-08
14125.37544622752648 42.63158 3.26658693998071e-08
14125.37544622752648 47.36842 3.04478426935299e-08
14125.37544622752648 52.10526 2.77886390226685e-08
14125.37544622752648 56.84211 2.47544440072917e-08
14125.37544622752648 61.57895 2.12044886599628e-08
14125.37544622752648 66.31579 1.71514825094469e-08
14125.37544622752648 71.05263 1.26651993002347e-08
14125.37544622752648 75.78947 7.99622925353953e-09
14125.37544622752648 80.52632 3.78404020562838e-09
14125.37544622752648 85.26316 9.75413845833081e-10
14125.37544622752648 90.00000 6.10392368272474e-11
17782.79410038921196 0.00000 2.36678515750761e-08
17782.79410038921196 4.73684 2.36186766008806e-08
17782.79410038921196 9.47368 2.35292054210507e-08
17782.79410038921196 14.21053 2.33584269483992e-08
17782.79410038921196 18.94737 2.30688290777684e-08
17782.79410038921196 23.68421 2.27110452358724e-08
17782.79410038921196 28.42105 2.22150947621519e-08
17782.79410038921196 33.15789 2.16125413429554e-08
17782.79410038921196 37.89474 2.09163625243411e-08
17782.79410038921196 42.63158 2.00466043254939e-08
17782.79410038921196 47.36842 1.89402878703758e-08
17782.79410038921196 52.10526 1.75777411245974e-08
17782.79410038921196 56.84211 1.59768963937282e-08
17782.79410038921196 61.57895 1.40357025307298e-08
17782.79410038921196 66.31579 1.17235707299996e-08
17782.79410038921196 71.05263 9.02896288424792e-09
17782.79410038921196 75.78947 6.03651393015291e-09
17782.79410038921196 80.52632 3.09330556368037e-09
17782.79410038921196 85.26316 8.85916666014444e-10
17782.79410038921196 90.00000 6.14366024825775e-11
22387.21138568340029 0.00000 1.34760157369707e-08
22387.21138568340029 4.73684 1.34552059673896e-08
22387.21138568340029 9.47368 1.34197976708045e-08
22387.21138568340029 14.21053 1.33505440982327e-08
22387.21138568340029 18.94737 1.32288039957746e-08
22387.21138568340029 23.68421 1.30780926603709e-08
22387.21138568340029 28.42105 1.28640138425222e-08
22387.21138568340029 33.15789 1.26002434021021e-08
22387.21138568340029 37.89474 1.22920374011164e-08
22387.21138568340029 42.63158 1.18972468463549e-08
22387.21138568340029 47.36842 1.13803361662746e-08
22387.21138568340029 52.10526 1.07250020660674e-08
22387.21138568340029 56.84211 9.93211291615968e-09
22387.21138568340029 61.57895 8.93511234725296e-09
22387.21138568340029 66.31579 7.69635037568483e-09
22387.21138568340029 71.05263 6.17576415511628e-09
22387.21138568340029 75.78947 4.36981889904968e-09
22387.21138568340029 80.52632 2.42518160409544e-09
22387.21138568340029 85.26316 7.76475852216318e-10
22387.21138568340029 90.00000 6.06784356956419e-11
28183.82931264454965 0.00000 7.49594276142351e-09
28183.82931264454965 4.73684 7.48807299545835e-09
28183.82931264454965 9.47368 7.47649909233467e-09
28183.82931264454965 14.21053 7.45260617631198e-09
28183.82931264454965 18.94737 7.40746696590052e-09
28183.82931264454965 23.68421 7.35161694576623e-09
28183.82931264454965 28.42105 7.26886792713222e-09
28183.82931264454965 33.15789 7.16487559711088e-09
28183.82931264454965 37.89474 7.04171020008249e-09
28183.82931264454965 42.63158 6.87808567974234e-09
28183.82931264454965 47.36842 6.65508045157850e-09
28183.82931264454965 52.10526 6.36175084018804e-09
28183.82931264454965 56.84211 5.99433174542132e-09
28183.82931264454965 61.57895 5.51255286461763e-09
28183.82931264454965 66.31579 4.88547526333460e-09
28183.82931264454965 71.05263 4.07242782948379e-09
28183.82931264454965 75.78947 3.03884654853216e-09
28183.82931264454965 80.52632 1.82213025430825e-09
28183.82931264454965 85.26316 6.54740925376228e-10
28183.82931264454965 90.00000 5.86015526182984e-11
35481.33892335752898 0.00000 4.08261241801021e-09
35481.33892335752898 4.73684 4.08016798833425e-09
35481.33892335752898 9.47368 4.07798753490221e-09
35481.33892335752898 14.21053 4.07238604101422e-09
35481.33892335752898 18.94737 4.05921382907443e-09
35481.33892335752898 23.68421 4.04307032380537e-09
35481.33892335752898 28.42105 4.01662312017904e-09
35481.33892335752898 33.15789 3.98213691444870e-09
35481.33892335752898 37.89474 3.94046788919646e-09
35481.33892335752898 42.63158 3.88125384112442e-09
35481.33892335752898 47.36842 3.79492080896997e-09
35481.33892335752898 52.10526 3.67501207385667e-09
35481.33892335752898 56.84211 3.51783935674579e-09
35481.33892335752898 61.57895 3.30061586715539e-09
35481.33892335752898 66.31579 3.00231339500544e-09
35481.33892335752898 71.05263 2.59206399300297e-09
35481.33892335752898 75.78947 2.03299932902580e-09
35481.33892335752898 80.52632 1.31344848262316e-09
35481.33892335752898 85.26316 5.30258300921786e-10
35481.33892335752898 90.00000 5.51681784615620e-11
44668.35921509625769 0.00000 2.18440343995203e-09
44668.35921509625769 4.73684 2.18399355000101e-09
44668.35921509625769 9.47368 2.18487992868725e-09
44668.35921509625769 14.21053 2.18556539673763e-09
44668.35921509625769 18.94737 2.18417477009783e-09
44668.35921509625769 23.68421 2.18267547685717e-09
44668.35921509625769 28.42105 2.17787585888105e-09
44668.35921509625769 33.15789 2.17066670269136e-09
44668.35921509625769 37.89474 2.16145097636908e-09
44668.35921509625769 42.63158 2.14536200819106e-09
44668.35921509625769 47.36842 2.11778800602562e-09
44668.35921509625769 52.10526 2.07525822100729e-09
44668.35921509625769 56.84211 2.01526487471280e-09
44668.35921509625769 61.57895 1.92562902136127e-09
44668.35921509625769 66.31579 1.79358926757237e-09
44668.35921509625769 71.05263 1.59890131154702e-09
44668.35921509625769 75.78947 1.31282605336630e-09
44668.35921509625769 80.52632 9.09556875145512e-10
44668.35921509625769 85.26316 4.11679094498788e-10
44668.35921509625769 90.00000 5.04059007279597e-11
56234.13251903485070 0.00000 1.14992784927997e-09
56234.13251903485070 4.73684 1.15014352621639e-09
56234.13251903485070 9.47368 1.15162116232096e-09
56234.13251903485070 14.21053 1.15379002128546e-09
56234.13251903485070 18.94737 1.15582485558109e-09
56234.13251903485070 23.68421 1.15855841817668e-09
56234.13251903485070 28.42105 1.16066018176536e-09
56234.13251903485070 33.15789 1.16248578469922e-09
56234.13251903485070 37.89474 1.16426258443594e-09
56234.13251903485070 42.63158 1.16378555347094e-09
56234.13251903485070 47.36842 1.15894201084844e-09
56234.13251903485070 52.10526 1.14800990587353e-09
56234.13251903485070 56.84211 1.12955879689580e-09
56234.13251903485070 61.57895 1.09740336827927e-09
56234.13251903485070 66.31579 1.04441713119223e-09
56234.13251903485070 71.05263 9.58566810127392e-10
56234.13251903485070 75.78947 8.20706262044375e-10
56234.13251903485070 80.52632 6.06706933988240e-10
56234.13251903485070 85.26316 3.06563485354911e-10
56234.13251903485070 90.00000 4.45661179586579e-11
70794.57843841373688 0.00000 5.95500408823957e-10
70794.57843841373688 4.73684 5.95820015792837e-10
70794.57843841373688 9.47368 5.97085875706488e-10
70794.57843841373688 14.21053 5.99100996693362e-10
70794.57843841373688 18.94737 6.01512825883150e-10
70794.57843841373688 23.68421 6.04672816269173e-10
70794.57843841373688 28.42105 6.08056820594305e-10
70794.57843841373688 33.15789 6.11815236903831e-10
70794.57843841373688 37.89474 6.16094420083785e-10
70794.57843841373688 42.63158 6.19936108026159e-10
70794.57843841373688 47.36842 6.22427889544250e-10
70794.57843841373688 52.10526 6.22781845909063e-10
70794.57843841373688 56.84211 6.20279146719838e-10
70794.57843841373688 61.57895 6.11928523047169e-10
70794.57843841373688 66.31579 5.94007489501248e-10
70794.57843841373688 71.05263 5.59864690729239e-10
70794.57843841373688 75.78947 4.97949309325068e-10
70794.57843841373688 80.52632 3.90575101937494e-10
70794.57843841373688 85.26316 2.18818956466944e-10
70794.57843841373688 90.00000 3.79650903171831e-11
89125.09381337449304 0.00000 3.03523575624013e-10
89125.09381337449304 4.73684 3.03784861074441e-10
89125.09381337449304 9.47368 3.04672765170435e-10
89125.09381337449304 14.21053 3.06131002614474e-10
89125.09381337449304 18.94737 3.08014482807139e-10
89125.09381337449304 23.68421 3.10472618924598e-10
89125.09381337449304 28.42105 3.13315426797081e-10
89125.09381337449304 33.15789 3.16613582337666e-10
89125.09381337449304 37.89474 3.20465766708721e-10
89125.09381337449304 42.63158 3.24477871372423e-10
89125.09381337449304 47.36842 3.28286332734137e-10
89125.09381337449304 52.10526 3.31565730746178e-10
89125.09381337449304 56.84211 3.33999475656232e-10
89125.09381337449304 61.57895 3.34216688590213e-10
89125.09381337449304 66.31579 3.30391905156678e-10
89125.09381337449304 71.05263 3.19070743115111e-10
89125.09381337449304 75.78947 2.93788969028366e-10
89125.09381337449304 80.52632 2.43202603071202e-10
89125.09381337449304 85.26316 1.49979465475884e-10
89125.09381337449304 90.00000 3.10846541352046e-11
112201.84543019629200 0.00000 1.52445487022850e-10
112201.84543019629200 4.73684 1.52621191912268e-10
112201.84543019629200 9.47368 1.53179305788686e-10
112201.84543019629200 14.21053 1.54110608739878e-10
112201.84543019629200 18.94737 1.55358149662252e-10
112201.84543019629200 23.68421 1.56987201221541e-10
112201.84543019629200 28.42105 1.58937769600392e-10
112201.84543019629200 33.15789 1.61247835962874e-10
112201.84543019629200 37.89474 1.63983494345585e-10
112201.84543019629200 42.63158 1.66995218420804e-10
112201.84543019629200 47.36842 1.70156033372597e-10
112201.84543019629200 52.10526 1.73352636647079e-10
112201.84543019629200 56.84211 1.76471371932644e-10
112201.84543019629200 61.57895 1.78925359617362e-10
112201.84543019629200 66.31579 1.79880322629497e-10
112201.84543019629200 71.05263 1.77648170494600e-10
112201.84543019629200 75.78947 1.68832186253652e-10
112201.84543019629200 80.52632 1.46776212900345e-10
112201.84543019629200 85.26316 9.88144542680907e-11
112201.84543019629200 90.00000 2.43863735658048e-11
141253.75446227524662 0.00000 7.52036240930810e-11
141253.75446227524662 4.73684 7.53105033212571e-11
141253.75446227524662 9.47368 7.56380653381820e-11
141253.75446227524662 14.21053 7.61898747014112e-11
141253.75446227524662 18.94737 7.69450336126954e-11
141253.75446227524662 23.68421 7.79331374884730e-11
141253.75446227524662 28.42105 7.91406508123929e-11
141253.75446227524662 33.15789 8.05899386939344e-11
141253.75446227524662 37.89474 8.23238244027269e-11
141253.75446227524662 42.63158 8.42930281190745e-11
141253.75446227524662 47.36842 8.64646567631219e-11
141253.75446227524662 52.10526 8.88132967856261e-11
141253.75446227524662 56.84211 9.13153734848490e-11
141253.75446227524662 61.57895 9.37439161047904e-11
141253.75446227524662 66.31579 9.57515608043571e-11
141253.75446227524662 71.05263 9.65683891167399e-11
141253.75446227524662 75.78947 9.45145157180364e-11
141253.75446227524662 80.52632 8.59474618644231e-11
141253.75446227524662 85.26316 6.27036532080552e-11
141253.75446227524662 90.00000 1.83059666085263e-11
177827.94100389210507 0.00000 3.64847076416298e-11
177827.94100389210507 4.73684 3.65455637351117e-11
177827.94100389210507 9.47368 3.67281841377936e-11
177827.94100389210507 14.21053 3.70377613505601e-11
177827.94100389210507 18.94737 3.74674433362135e-11
177827.94100389210507 23.68421 3.80310801649406e-11
177827.94100389210507 28.42105 3.87294046701908e-11
177827.94100389210507 33.15789 3.95759029527062e-11
177827.94100389210507 37.89474 4.05970620123187e-11
177827.94100389210507 42.63158 4.17813071080796e-11
177827.94100389210507 47.36842 4.31282728912323e-11
177827.94100389210507 52.10526 4.46430841479364e-11
177827.94100389210507 56.84211 4.63348418180202e-11
177827.94100389210507 61.57895 4.81304703348920e-11
177827.94100389210507 66.31579 4.99050293575499e-11
177827.94100389210507 71.05263 5.13371239958650e-11
177827.94100389210507 75.78947 5.16480770507818e-11
177827.94100389210507 80.52632 4.89605744845640e-11
177827.94100389210507 85.26316 3.84310698605641e-11
177827.94100389210507 90.00000 1.31247730794426e-11
223872.11385683377739 0.00000 1.74723821082389e-11
223872.11385683377739 4.73684 1.75053817228454e-11
223872.11385683377739 9.47368 1.76031310631413e-11
223872.11385683377739 14.21053 1.77695566629926e-11
223872.11385683377739 18.94737 1.80028236453149e-11
223872.11385683377739 23.68421 1.83095902785380e-11
223872.11385683377739 28.42105 1.86934178077925e-11
223872.11385683377739 33.15789 1.91623051437025e-11
223872.11385683377739 37.89474 1.97318868630138e-11
223872.11385683377739 42.63158 2.04025659910112e-11
223872.11385683377739 47.36842 2.11819500583884e-11
223872.11385683377739 52.10526 2.20818197513973e-11
223872.11385683377739 56.84211 2.31183177476009e-11
223872.11385683377739 61.57895 2.42770746452020e-11
223872.11385683377739 66.31579 2.55249710288397e-11
223872.11385683377739 71.05263 2.67439721522014e-11
223872.11385683377739 75.78947 2.75992464197976e-11
223872.11385683377739 80.52632 2.71765610587141e-11
223872.11385683377739 85.26316 2.27792758721962e-11
223872.11385683377739 90.00000 8.99469737348512e-12
281838.29312644520542 0.00000 8.26563128486369e-12
281838.29312644520542 4.73684 8.28285586451333e-12
281838.29312644520542 9.47368 8.33346264867814e-12
281838.29312644520542 14.21053 8.41989317360259e-12
281838.29312644520542 18.94737 8.54189867180522e-12
281838.29312644520542 23.68421 8.70273753164994e-12
281838.29312644520542 28.42105 8.90546940593267e-12
281838.29312644520542 33.15789 9.15469175377338e-12
281838.29312644520542 37.89474 9.45924609312467e-12
281838.29312644520542 42.63158 9.82209627607771e-12
281838.29312644520542 47.36842 1.02505828732940e-11
281838.29312644520542 52.10526 1.07550193804673e-11
281838.29312644520542 56.84211 1.13493768080854e-11
281838.29312644520542 61.57895 1.20378190117854e-11
281838.29312644520542 66.31579 1.28199736632710e-11
281838.29312644520542 71.05263 1.36623365054999e-11
281838.29312644520542 75.78947 1.44354415687055e-11
281838.29312644520542 80.52632 1.47210538711520e-11
281838.29312644520542 85.26316 1.30970480075308e-11
281838.29312644520542 90.00000 5.90822664909144e-12
354813.38923357531894 0.00000 3.86767301644029e-12
354813.38923357531894 4.73684 3.87639771190279e-12
354813.38923357531894 9.47368 3.90189472941107e-12
354813.38923357531894 14.21053 3.94554181555970e-12
354813.38923357531894 18.94737 4.00748389142718e-12
354813.38923357531894 23.68421 4.08932315639109e-12
354813.38923357531894 28.42105 4.19307186912209e-12
354813.38923357531894 33.15789 4.32127696945649e-12
354813.38923357531894 37.89474 4.47874943413749e-12
354813.38923357531894 42.63158 4.66813394042524e-12
354813.38923357531894 47.36842 4.89460474001407e-12
354813.38923357531894 52.10526 5.16528789732551e-12
354813.38923357531894 56.84211 5.48992961260009e-12
354813.38923357531894 61.57895 5.87604682182347e-12
354813.38923357531894 66.31579 6.33170285415984e-12
354813.38923357531894 71.05263 6.85406204439020e-12
354813.38923357531894 75.78947 7.40137125860565e-12
354813.38923357531894 80.52632 7.79580415952085e-12
354813.38923357531894 85.26316 7.32135205659614e-12
354813.38923357531894 90.00000 3.71635365807641e-12
446683.59215096256230 0.00000 1.79129537351418e-12
446683.59215096256230 4.73684 1.79560508022771e-12
446683.59215096256230 9.47368 1.80815671974378e-12
446683.59215096256230 14.21053 1.82968052876376e-12
446683.59215096256230 18.94737 1.86035064638684e-12
446683.59215096256230 23.68421 1.90095339042293e-12
446683.59215096256230 28.42105 1.95265855735595e-12
446683.59215096256230 33.15789 2.01682838072292e-12
446683.59215096256230 37.89474 2.09599232012537e-12
446683.59215096256230 42.63158 2.19192460022477e-12
446683.59215096256230 47.36842 2.30779734862737e-12
446683.59215096256230 52.10526 2.44797387970921e-12
446683.59215096256230 56.84211 2.61850509439872e-12
446683.59215096256230 61.57895 2.82555411135964e-12
446683.59215096256230 66.31579 3.07701701130129e-12
446683.59215096256230 71.05263 3.37841714897139e-12
446683.59215096256230 75.78947 3.72134656230683e-12
446683.59215096256230 80.52632 4.03692950599415e-12
446683.59215096256230 85.26316 3.97939626178837e-12
446683.59215096256230 90.00000 2.23841643689861e-12
562341.32519034796860 0.00000 8.21353502769159e-13
562341.32519034796860 4.73684 8.23437098889013e-13
562341.32519034796860 9.47368 8.29492549492783e-13
562341.32519034796860 14.21053 8.39890063526182e-13
562341.32519034796860 18.94737 8.54752469416023e-13
562341.32519034796860 23.68421 8.74462792301531e-13
562341.32519034796860 28.42105 8.99652793961031e-13
562341.32519034796860 33.15789 9.31028042534538e-13
562341.32519034796860 37.89474 9.69878555896395e-13
562341.32519034796860 42.63158 1.01725086623671e-12
562341.32519034796860 47.36842 1.07493406700449e-12
562341.32519034796860 52.10526 1.14540079424380e-12
562341.32519034796860 56.84211 1.23212831829597e-12
562341.32519034796860 61.57895 1.33917779194184e-12
562341.32519034796860 66.31579 1.47216476306308e-12
562341.32519034796860 71.05263 1.63704867093163e-12
562341.32519034796860 75.78947 1.83584467445449e-12
562341.32519034796860 80.52632 2.04548176644313e-12
562341.32519034796860 85.26316 2.10579231171983e-12
562341.32519034796860 90.00000 1.29604003947061e-12
707945.78438413667027 0.00000 3.72954844046676e-13
707945.78438413667027 4.73684 3.73943855871816e-13
707945.78438413667027 9.47368 3.76814496355547e-13
707945.78438413667027 14.21053 3.81748415196662e-13
707945.78438413667027 18.94737 3.88818585787340e-13
707945.78438413667027 23.68421 3.98209493077107e-13
707945.78438413667027 28.42105 4.10246020287418e-13
707945.78438413667027 33.15789 4.25283426393395e-13
707945.78438413667027 37.89474 4.43962451021916e-13
707945.78438413667027 42.63158 4.66855491357338e-13
707945.78438413667027 47.36842 4.94916224133264e-13
707945.78438413667027 52.10526 5.29471144234215e-13
707945.78438413667027 56.84211 5.72409539368848e-13
707945.78438413667027 61.57895 6.26125705644908e-13
707945.78438413667027 66.31579 6.94087575083401e-13
707945.78438413667027 71.05263 7.80639313405943e-13
707945.78438413667027 75.78947 8.89667940957166e-13
707945.78438413667027 80.52632 1.01553430979083e-12
707945.78438413667027 85.26316 1.08711777689822e-12
707945.78438413667027 90.00000 7.23491944711980e-13
891250.93813374498859 0.00000 1.67839619572190e-13
891250.93813374498859 4.73684 1.68301682477163e-13
891250.93813374498859 9.47368 1.69641927766136e-13
891250.93813374498859 14.21053 1.71947214006989e-13
891250.93813374498859 18.94737 1.75257190071946e-13
891250.93813374498859 23.68421 1.79659660184277e-13
891250.93813374498859 28.42105 1.85315774023512e-13
891250.93813374498859 33.15789 1.92400123119084e-13
891250.93813374498859 37.89474 2.01223800739276e-13
891250.93813374498859 42.63158 2.12084159491392e-13
891250.93813374498859 47.36842 2.25468678999189e-13
891250.93813374498859 52.10526 2.42059837650337e-13
891250.93813374498859 56.84211 2.62840469275328e-13
891250.93813374498859 61.57895 2.89124672554845e-13
891250.93813374498859 66.31579 3.22878220212902e-13
891250.93813374498859 71.05263 3.66801644956364e-13
891250.93813374498859 75.78947 4.24060829471725e-13
891250.93813374498859 80.52632 4.94628740139265e-13
891250.93813374498859 85.26316 5.48180168360058e-13
891250.93813374498859 90.00000 3.89782590619896e-13
1122018.45430196286179 0.00000 7.48927200902514e-14
1122018.45430196286179 4.73684 7.51055847543874e-14
1122018.45430196286179 9.47368 7.57228825669283e-14
1122018.45430196286179 14.21053 7.67852681446949e-14
1122018.45430196286179 18.94737 7.83131113532258e-14
1122018.45430196286179 23.68421 8.03477248620865e-14
1122018.45430196286179 28.42105 8.29668287408496e-14
1122018.45430196286179 33.15789 8.62544804727961e-14
1122018.45430196286179 37.89474 9.03587990580252e-14
1122018.45430196286179 42.63158 9.54285356378212e-14
1122018.45430196286179 47.36842 1.01704900043453e-13
1122018.45430196286179 52.10526 1.09527650829530e-13
1122018.45430196286179 56.84211 1.19390713318245e-13
1122018.45430196286179 61.57895 1.31979503393111e-13
1122018.45430196286179 66.31579 1.48344130881472e-13
1122018.45430196286179 71.05263 1.70015567207887e-13
1122018.45430196286179 75.78947 1.99048838296488e-13
1122018.45430196286179 80.52632 2.36647421903268e-13
1122018.45430196286179 85.26316 2.70390206466700e-13
1122018.45430196286179 90.00000 2.03320925998309e-13
1412537.54462275258265 0.00000 3.31235227346453e-14
1412537.54462275258265 4.73684 3.32202690766226e-14
1412537.54462275258265 9.47368 3.35008532263341e-14
1412537.54462275258265 14.21053 3.39839567164319e-14
1412537.54462275258265 18.94737 3.46796382211140e-14
1412537.54462275258265 23.68421 3.56070904962498e-14
1412537.54462275258265 28.42105 3.68029377814210e-14
1412537.54462275258265 33.15789 3.83068900578583e-14
1412537.54462275258265 37.89474 4.01882171161015e-14
1412537.54462275258265 42.63158 4.25191441610773e-14
1412537.54462275258265 47.36842 4.54158729788466e-14
1412537.54462275258265 52.10526 4.90429749500650e-14
1412537.54462275258265 56.84211 5.36416110557737e-14
1412537.54462275258265 61.57895 5.95555924934934e-14
1412537.54462275258265 66.31579 6.73213973687141e-14
1412537.54462275258265 71.05263 7.77543701984076e-14
1412537.54462275258265 75.78947 9.20437474349632e-14
1412537.54462275258265 80.52632 1.11280694199130e-13
1412537.54462275258265 85.26316 1.30592488700808e-13
1412537.54462275258265 90.00000 1.02968677280980e-13
1778279.41003891918808 0.00000 1.45295001125622e-14
1778279.41003891918808 4.73684 1.45729399937045e-14
1778279.41003891918808 9.47368 1.46989618436636e-14
1778279.41003891918808 14.21053 1.49160168041885e-14
1778279.41003891918808 18.94737 1.52289263269685e-14
1778279.41003891918808 23.68421 1.56465009714954e-14
1778279.41003891918808 28.42105 1.61856719821784e-14
1778279.41003891918808 33.15789 1.68648928259791e-14
1778279.41003891918808 37.89474 1.77160577818995e-14
1778279.41003891918808 42.63158 1.87734103145958e-14
1778279.41003891918808 47.36842 2.00917204281606e-14
1778279.41003891918808 52.10526 2.17489338883150e-14
1778279.41003891918808 56.84211 2.38600468611668e-14
1778279.41003891918808 61.57895 2.65923458985980e-14
1778279.41003891918808 66.31579 3.02106261212932e-14
1778279.41003891918808 71.05263 3.51297640927092e-14
1778279.41003891918808 75.78947 4.19898259462275e-14
1778279.41003891918808 80.52632 5.15145495814231e-14
1778279.41003891918808 85.26316 6.18730375319646e-14
1778279.41003891918808 90.00000 5.07366841193968e-14
2238721.13856833800673 0.00000 6.32528104272950e-15
2238721.13856833800673 4.73684 6.34457138876579e-15
2238721.13856833800673 9.47368 6.40055989534825e-15
2238721.13856833800673 14.21053 6.49701691872489e-15
2238721.13856833800673 18.94737 6.63619850110603e-15
2238721.13856833800673 23.68421 6.82210444457614e-15
2238721.13856833800673 28.42105 7.06243303604769e-15
2238721.13856833800673 33.15789 7.36563523912044e-15
2238721.13856833800673 37.89474 7.74619386816474e-15
2238721.13856833800673 42.63158 8.22002307306450e-15
2238721.13856833800673 47.36842 8.81246177007901e-15
2238721.13856833800673 52.10526 9.55972963892221e-15
2238721.13856833800673 56.84211 1.05155761225624e-14
2238721.13856833800673 61.57895 1.17594006008346e-14
2238721.13856833800673 66.31579 1.34183217824950e-14
2238721.13856833800673 71.05263 1.56961194485034e-14
2238721.13856833800673 75.78947 1.89199829095650e-14
2238721.13856833800673 80.52632 2.35079680241615e-14
2238721.13856833800673 85.26316 2.88007918565177e-14
2238721.13856833800673 90.00000 2.43815876186646e-14
2818382.93126445496455 0.00000 2.73445188107265e-15
2818382.93126445496455 4.73684 2.74293406672523e-15
2818382.93126445496455 9.47368 2.76756618551691e-15
2818382.93126445496455 14.21053 2.81001099840882e-15
2818382.93126445496455 18.94737 2.87130446607274e-15
2818382.93126445496455 23.68421 2.95324300216718e-15
2818382.93126445496455 28.42105 3.05927932079480e-15
2818382.93126445496455 33.15789 3.19323395006213e-15
2818382.93126445496455 37.89474 3.36160406527982e-15
2818382.93126445496455 42.63158 3.57166625548562e-15
2818382.93126445496455 47.36842 3.83496527544644e-15
2818382.93126445496455 52.10526 4.16806935184279e-15
2818382.93126445496455 56.84211 4.59569213330334e-15
2818382.93126445496455 61.57895 5.15478993816106e-15
2818382.93126445496455 66.31579 5.90508489518002e-15
2818382.93126445496455 71.05263 6.94404988375981e-15
2818382.93126445496455 75.78947 8.43294896133054e-15
2818382.93126445496455 80.52632 1.05953068793094e-14
2818382.93126445496455 85.26316 1.32068314659715e-14
2818382.93126445496455 90.00000 1.14900490160198e-14
3548133.89233575342223 0.00000 1.17383194052331e-15
3548133.89233575342223 4.73684 1.17752594226696e-15
3548133.89233575342223 9.47368 1.18825932176488e-15
3548133.89233575342223 14.21053 1.20675755192173e-15
3548133.89233575342223 18.94737 1.23348846044199e-15
3548133.89233575342223 23.68421 1.26924999715960e-15
3548133.89233575342223 28.42105 1.31557126522005e-15
3548133.89233575342223 33.15789 1.37415789860720e-15
3548133.89233575342223 37.89474 1.44789068379210e-15
3548133.89233575342223 42.63158 1.54004759967142e-15
3548133.89233575342223 47.36842 1.65581478192974e-15
3548133.89233575342223 52.10526 1.80266225482020e-15
3548133.89233575342223 56.84211 1.99178374257804e-15
3548133.89233575342223 61.57895 2.24008651978346e-15
3548133.89233575342223 66.31579 2.57510855030546e-15
3548133.89233575342223 71.05263 3.04245045850224e-15
3548133.89233575342223 75.78947 3.71933125795700e-15
3548133.89233575342223 80.52632 4.71915614085564e-15
3548133.89233575342223 85.26316 5.97119214603146e-15
3548133.89233575342223 90.00000 5.31371619740587e-15
4466835.92150962632149 0.00000 5.00928623913541e-16
4466835.92150962632149 4.73684 5.02524149744249e-16
4466835.92150962632149 9.47368 5.07162982408810e-16
4466835.92150962632149 14.21053 5.15158641793672e-16
4466835.92150962632149 18.94737 5.26719393462878e-16
4466835.92150962632149 23.68421 5.42196368621263e-16
4466835.92150962632149 28.42105 5.62259269075467e-16
4466835.92150962632149 33.15789 5.87661365081677e-16
4466835.92150962632149 37.89474 6.19666978354769e-16
4466835.92150962632149 42.63158 6.59733874624482e-16
4466835.92150962632149 47.36842 7.10163257468023e-16
4466835.92150962632149 52.10526 7.74280999192400e-16
4466835.92150962632149 56.84211 8.57091707354901e-16
4466835.92150962632149 61.57895 9.66216919964994e-16
4466835.92150962632149 66.31579 1.11415430330228e-15
4466835.92150962632149 71.05263 1.32184656811944e-15
4466835.92150962632149 75.78947 1.62541555266436e-15
4466835.92150962632149 80.52632 2.08021122519701e-15
4466835.92150962632149 85.26316 2.66623477902049e-15
4466835.92150962632149 90.00000 2.41568473361563e-15
5623413.25190347898751 0.00000 2.12884838398610e-16
5623413.25190347898751 4.73684 2.13569649783479e-16
5623413.25190347898751 9.47368 2.15561950185724e-16
5623413.25190347898751 14.21053 2.18996222251738e-16
5623413.25190347898751 18.94737 2.23964165931487e-16
5623413.25190347898751 23.68421 2.30619109087324e-16
5623413.25190347898751 28.42105 2.39251805044548e-16
5623413.25190347898751 33.15789 2.50192032573122e-16
5623413.25190347898751 37.89474 2.63990099105586e-16
5623413.25190347898751 42.63158 2.81287678203858e-16
5623413.25190347898751 47.36842 3.03095806926461e-16
5623413.25190347898751 52.10526 3.30880261434539e-16
5623413.25190347898751 56.84211 3.66855053360790e-16
5623413.25190347898751 61.57895 4.14415307502668e-16
5623413.25190347898751 66.31579 4.79161178207772e-16
5623413.25190347898751 71.05263 5.70571757038479e-16
5623413.25190347898751 75.78947 7.05244394306439e-16
5623413.25190347898751 80.52632 9.09457169892385e-16
5623413.25190347898751 85.26316 1.17877942644037e-15
5623413.25190347898751 90.00000 1.08416676419431e-15
7079457.84384137298912 0.00000 9.02408495536952e-17
7079457.84384137298912 4.73684 9.05333838680982e-17
7079457.84384137298912 9.47368 9.13850064899000e-17
7079457.84384137298912 14.21053 9.28530720061267e-17
7079457.84384137298912 18.94737 9.49776214112010e-17
7079457.84384137298912 23.68421 9.78251884676771e-17
7079457.84384137298912 28.42105 1.01521150533908e-16
7079457.84384137298912 33.15789 1.06208877260222e-16
7079457.84384137298912 37.89474 1.12126303092669e-16
7079457.84384137298912 42.63158 1.19553603081844e-16
7079457.84384137298912 47.36842 1.28931486223531e-16
7079457.84384137298912 52.10526 1.40900679842364e-16
7079457.84384137298912 56.84211 1.56432313774570e-16
7079457.84384137298912 61.57895 1.77024466879879e-16
7079457.84384137298912 66.31579 2.05161094949953e-16
7079457.84384137298912 71.05263 2.45083477603065e-16
7079457.84384137298912 75.78947 3.04313339091089e-16
7079457.84384137298912 80.52632 3.95079291214028e-16
7079457.84384137298912 85.26316 5.17155934534179e-16
7079457.84384137298912 90.00000 4.81929760180894e-16
8912509.38133745826781 0.00000 3.82722452205001e-17
8912509.38133745826781 4.73684 3.83969904082760e-17
8912509.38133745826781 9.47368 3.87603917014362e-17
8912509.38133745826781 14.21053 3.93868448314504e-17
8912509.38133745826781 18.94737 4.02937539267629e-17
8912509.38133745826781 23.68421 4.15098975467382e-17
8912509.38133745826781 28.42105 4.30891517665595e-17
8912509.38133745826781 33.15789 4.50936133275556e-17
8912509.38133745826781 37.89474 4.76257969656893e-17
8912509.38133745826781 42.63158 5.08074755399921e-17
8912509.38133745826781 47.36842 5.48298915068472e-17
8912509.38133745826781 52.10526 5.99717858470980e-17
8912509.38133745826781 56.84211 6.66569473465514e-17
8912509.38133745826781 61.57895 7.55425003142111e-17
8912509.38133745826781 66.31579 8.77230831681610e-17
8912509.38133745826781 71.05263 1.05082143420500e-16
8912509.38133745826781 75.78947 1.30997069087680e-16
8912509.38133745826781 80.52632 1.71081398327937e-16
8912509.38133745826781 85.26316 2.25910157822853e-16
8912509.38133745826781 90.00000 2.12944508351433e-16
11220184.54301963001490 0.00000 1.62622623849689e-17
11220184.54301963001490 4.73684 1.63154438666842e-17
11220184.54301963001490 9.47368 1.64704840312190e-17
11220184.54301963001490 14.21053 1.67377416953354e-17
11220184.54301963001490 18.94737 1.71247607936813e-17
11220184.54301963001490 23.68421 1.76439746192706e-17
11220184.54301963001490 28.42105 1.83184835642245e-17
11220184.54301963001490 33.15789 1.91751324868311e-17
11220184.54301963001490 37.89474 2.02580029242405e-17
11220184.54301963001490 42.63158 2.16198661785763e-17
11220184.54301963001490 47.36842 2.33434646241857e-17
11220184.54301963001490 52.10526 2.55496694950383e-17
11220184.54301963001490 56.84211 2.84227593627852e-17
11220184.54301963001490 61.57895 3.22497129721835e-17
11220184.54301963001490 66.31579 3.75105136846464e-17
11220184.54301963001490 71.05263 4.50365074283511e-17
11220184.54301963001490 75.78947 5.63325760505572e-17
11220184.54301963001490 80.52632 7.39459036969251e-17
11220184.54301963001490 85.26316 9.83802871959103e-17
11220184.54301963001490 90.00000 9.36044856979203e-17
14125375.44622752629220 0.00000 6.93645948215648e-18
14125375.44622752629220 4.73684 6.95917546825840e-18
14125375.44622752629220 9.47368 7.02545285598676e-18
14125375.44622752629220 14.21053 7.13969235076648e-18
14125375.44622752629220 18.94737 7.30516531639731e-18
14125375.44622752629220 23.68421 7.52724918715109e-18
14125375.44622752629220 28.42105 7.81585243392592e-18
14125375.44622752629220 33.15789 8.18258779255048e-18
14125375.44622752629220 37.89474 8.64641823879533e-18
14125375.44622752629220 42.63158 9.23021115121893e-18
14125375.44622752629220 47.36842 9.96975766478118e-18
14125375.44622752629220 52.10526 1.09174467860899e-17
14125375.44622752629220 56.84211 1.21533480644675e-17
14125375.44622752629220 61.57895 1.38026192319154e-17
14125375.44622752629220 66.31579 1.60753326298581e-17
14125375.44622752629220 71.05263 1.93374639944800e-17
14125375.44622752629220 75.78947 2.42569819258399e-17
14125375.44622752629220 80.52632 3.19823438381397e-17
14125375.44622752629220 85.26316 4.28332957939557e-17
14125375.44622752629220 90.00000 4.11117400248711e-17
17782794.10038919001818 0.00000 2.97567866497896e-18
17782794.10038919001818 4.73684 2.98541768866664e-18
17782794.10038919001818 9.47368 3.01385863811471e-18
17782794.10038919001818 14.21053 3.06287454048798e-18
17782794.10038919001818 18.94737 3.13388775449399e-18
17782794.10038919001818 23.68421 3.22923149614155e-18
17782794.10038919001818 28.42105 3.35316476725210e-18
17782794.10038919001818 33.15789 3.51072481291286e-18
17782794.10038919001818 37.89474 3.71008750470779e-18
17782794.10038919001818 42.63158 3.96118154175227e-18
17782794.10038919001818 47.36842 4.27951524275849e-18
17782794.10038919001818 52.10526 4.68782898820574e-18
17782794.10038919001818 56.84211 5.22095470000131e-18
17782794.10038919001818 61.57895 5.93350879298990e-18
17782794.10038919001818 66.31579 6.91743892747135e-18
17782794.10038919001818 71.05263 8.33373453326658e-18
17782794.10038919001818 75.78947 1.04783021507773e-17
17782794.10038919001818 80.52632 1.38666176756182e-17
17782794.10038919001818 85.26316 1.86761708930011e-17
17782794.10038919001818 90.00000 1.80563595776654e-17
22387211.38568333163857 0.00000 1.28391287840474e-18
22387211.38568333163857 4.73684 1.28810363763605e-18
22387211.38568333163857 9.47368 1.30035473263325e-18
22387211.38568333163857 14.21053 1.32146455540739e-18
22387211.38568333163857 18.94737 1.35205309367126e-18
22387211.38568333163857 23.68421 1.39313637394508e-18
22387211.38568333163857 28.42105 1.44654859081986e-18
22387211.38568333163857 33.15789 1.51448124134963e-18
22387211.38568333163857 37.89474 1.60046781118253e-18
22387211.38568333163857 42.63158 1.70882792724767e-18
22387211.38568333163857 47.36842 1.84629327336601e-18
22387211.38568333163857 52.10526 2.02275057349321e-18
22387211.38568333163857 56.84211 2.25337326630883e-18
22387211.38568333163857 61.57895 2.56201179521685e-18
22387211.38568333163857 66.31579 2.98891923663040e-18
22387211.38568333163857 71.05263 3.60486697416052e-18
22387211.38568333163857 75.78947 4.54068313542605e-18
22387211.38568333163857 80.52632 6.02665321562751e-18
22387211.38568333163857 85.26316 8.15349430405575e-18
22387211.38568333163857 90.00000 7.92315298450334e-18
28183829.31264449283481 0.00000 5.56424421099733e-19
28183829.31264449283481 4.73684 5.58231725568355e-19
28183829.31264449283481 9.47368 5.63521410300858e-19
28183829.31264449283481 14.21053 5.72633767584164e-19
28183829.31264449283481 18.94737 5.85839436806515e-19
28183829.31264449283481 23.68421 6.03581882243213e-19
28183829.31264449283481 28.42105 6.26651495098569e-19
28183829.31264449283481 33.15789 6.56003371922537e-19
28183829.31264449283481 37.89474 6.93166309157876e-19
28183829.31264449283481 42.63158 7.40021319277597e-19
28183829.31264449283481 47.36842 7.99492227391056e-19
28183829.31264449283481 52.10526 8.75879534073000e-19
28183829.31264449283481 56.84211 9.75795019757941e-19
28183829.31264449283481 61.57895 1.10965110118394e-18
28183829.31264449283481 66.31579 1.29505718585172e-18
28183829.31264449283481 71.05263 1.56307903199879e-18
28183829.31264449283481 75.78947 1.97140889010591e-18
28183829.31264449283481 80.52632 2.62242217345226e-18
28183829.31264449283481 85.26316 3.56020167431506e-18
28183829.31264449283481 90.00000 3.47179744525777e-18
35481338.92335753142834 0.00000 2.41880147325208e-19
35481338.92335753142834 4.73684 2.42660127130257e-19
35481338.92335753142834 9.47368 2.44946009831501e-19
35481338.92335753142834 14.21053 2.48882629814940e-19
35481338.92335753142834 18.94737 2.54588141566839e-19
35481338.92335753142834 23.68421 2.62256258130717e-19
35481338.92335753142834 28.42105 2.72227337106398e-19
35481338.92335753142834 33.15789 2.84917771039927e-19
35481338.92335753142834 37.89474 3.00988866295395e-19
35481338.92335753142834 42.63158 3.21259419737798e-19
35481338.92335753142834 47.36842 3.46998585619507e-19
35481338.92335753142834 52.10526 3.80075658169148e-19
35481338.92335753142834 56.84211 4.23369191142600e-19
35481338.92335753142834 61.57895 4.81418822876030e-19
35481338.92335753142834 66.31579 5.61914791307198e-19
35481338.92335753142834 71.05263 6.78461416809298e-19
35481338.92335753142834 75.78947 8.56414506395326e-19
35481338.92335753142834 80.52632 1.14104452004484e-18
35481338.92335753142834 85.26316 1.55301253139332e-18
35481338.92335753142834 90.00000 1.51744604691909e-18
44668359.21509625762701 0.00000 1.05246332995508e-19
44668359.21509625762701 4.73684 1.05582442004574e-19
44668359.21509625762701 9.47368 1.06568886893411e-19
44668359.21509625762701 14.21053 1.08267095489698e-19
44668359.21509625762701 18.94737 1.10728539700759e-19
44668359.21509625762701 23.68421 1.14037718556940e-19
44668359.21509625762701 28.42105 1.18340785338433e-19
44668359.21509625762701 33.15789 1.23818944033498e-19
44668359.21509625762701 37.89474 1.30757605217792e-19
44668359.21509625762701 42.63158 1.39512301638509e-19
44668359.21509625762701 47.36842 1.50632476347320e-19
44668359.21509625762701 52.10526 1.64928444966025e-19
44668359.21509625762701 56.84211 1.83649870566490e-19
44668359.21509625762701 61.57895 2.08769468504319e-19
44668359.21509625762701 66.31579 2.43633562326624e-19
44668359.21509625762701 71.05263 2.94174868851958e-19
44668359.21509625762701 75.78947 3.71480754294322e-19
44668359.21509625762701 80.52632 4.95431815611393e-19
44668359.21509625762701 85.26316 6.75404163413298e-19
44668359.21509625762701 90.00000 6.60103135422832e-19
56234132.51903478801250 0.00000 4.57628334245087e-20
56234132.51903478801250 4.73684 4.59071664402126e-20
56234132.51903478801250 9.47368 4.63314137641009e-20
56234132.51903478801250 14.21053 4.70614925549940e-20
56234132.51903478801250 18.94737 4.81197317746851e-20
56234132.51903478801250 23.68421 4.95428619802316e-20
56234132.51903478801250 28.42105 5.13933534402390e-20
56234132.51903478801250 33.15789 5.37497599077825e-20
56234132.51903478801250 37.89474 5.67347529705371e-20
56234132.51903478801250 42.63158 6.05020314624452e-20
56234132.51903478801250 47.36842 6.52883923350192e-20
56234132.51903478801250 52.10526 7.14435022665681e-20
56234132.51903478801250 56.84211 7.95073507375544e-20
56234132.51903478801250 61.57895 9.03328731360231e-20
56234132.51903478801250 66.31579 1.05368452830952e-19
56234132.51903478801250 71.05263 1.27186229416855e-19
56234132.51903478801250 75.78947 1.60602319557926e-19
56234132.51903478801250 80.52632 2.14275579313915e-19
56234132.51903478801250 85.26316 2.92342379434363e-19
56234132.51903478801250 90.00000 2.85376269119486e-19
70794578.43841359019279 0.00000 1.98439445241996e-20
70794578.43841359019279 4.73684 1.99055826354580e-20
70794578.43841359019279 9.47368 2.00870482533597e-20
70794578.43841359019279 14.21053 2.03991986214783e-20
70794578.43841359019279 18.94737 2.08516593929875e-20
70794578.43841359019279 23.68421 2.14603075166916e-20
70794578.43841359019279 28.42105 2.22516697847767e-20
70794578.43841359019279 33.15789 2.32595995255581e-20
70794578.43841359019279 37.89474 2.45365016595929e-20
70794578.43841359019279 42.63158 2.61483965336719e-20
70794578.43841359019279 47.36842 2.81966815733191e-20
70794578.43841359019279 52.10526 3.08312688493085e-20
70794578.43841359019279 56.84211 3.42839607096237e-20
70794578.43841359019279 61.57895 3.89209938142206e-20
70794578.43841359019279 66.31579 4.53647987142777e-20
70794578.43841359019279 71.05263 5.47220776074049e-20
70794578.43841359019279 75.78947 6.90675284343113e-20
70794578.43841359019279 80.52632 9.21358474391939e-20
70794578.43841359019279 85.26316 1.25702564367198e-19
70794578.43841359019279 90.00000 1.22372061342912e-19
89125093.81337440013885 0.00000 8.56168002533784e-21
89125093.81337440013885 4.73684 8.58778396209010e-21
89125093.81337440013885 9.47368 8.66476327188701e-21
89125093.81337440013885 14.21053 8.79712116918274e-21
89125093.81337440013885 18.94737 8.98896822317217e-21
89125093.81337440013885 23.68421 9.24711079055550e-21
89125093.81337440013885 28.42105 9.58270690210694e-21
89125093.81337440013885 33.15789 1.00102198113569e-20
89125093.81337440013885 37.89474 1.05518406298204e-20
89125093.81337440013885 42.63158 1.12356654003901e-20
89125093.81337440013885 47.36842 1.21047121360098e-20
89125093.81337440013885 52.10526 1.32226593136754e-20
89125093.81337440013885 56.84211 1.46880885089025e-20
89125093.81337440013885 61.57895 1.66567353919194e-20
89125093.81337440013885 66.31579 1.93934435734815e-20
89125093.81337440013885 71.05263 2.33694735912027e-20
89125093.81337440013885 75.78947 2.94687023864370e-20
89125093.81337440013885 80.52632 3.92816945909914e-20
89125093.81337440013885 85.26316 5.35449371421822e-20
89125093.81337440013885 90.00000 5.18765678149816e-20
112201845.43019630014896 0.00000 3.66690584677022e-21
112201845.43019630014896 4.73684 3.67784274025726e-21
112201845.43019630014896 9.47368 3.71015042578575e-21
112201845.43019630014896 14.21053 3.76567418210742e-21
112201845.43019630014896 18.94737 3.84614899752245e-21
112201845.43019630014896 23.68421 3.95446132831606e-21
112201845.43019630014896 28.42105 4.09525019401261e-21
112201845.43019630014896 33.15789 4.27462652063084e-21
112201845.43019630014896 37.89474 4.50188324128444e-21
112201845.43019630014896 42.63158 4.78883943974197e-21
112201845.43019630014896 47.36842 5.15353652484307e-21
112201845.43019630014896 52.10526 5.62271353146470e-21
112201845.43019630014896 56.84211 6.23781279878995e-21
112201845.43019630014896 61.57895 7.06427705770756e-21
112201845.43019630014896 66.31579 8.21345092283516e-21
112201845.43019630014896 71.05263 9.88354421937104e-21
112201845.43019630014896 75.78947 1.24462931926340e-20
112201845.43019630014896 80.52632 1.65697075958853e-20
112201845.43019630014896 85.26316 2.25505731716983e-20
112201845.43019630014896 90.00000 2.17254255736142e-20
141253754.46227526664734 0.00000 1.55705963775008e-21
141253754.46227526664734 4.73684 1.56158537857039e-21
141253754.46227526664734 9.47368 1.57497737603927e-21
141253754.46227526664734 14.21053 1.59798184054850e-21
141253754.46227526664734 18.94737 1.63132164317212e-21
141253754.46227526664734 23.68421 1.67620524062135e-21
141253754.46227526664734 28.42105 1.73453662927765e-21
141253754.46227526664734 33.15789 1.80886476392393e-21
141253754.46227526664734 37.89474 1.90303198900952e-21
141253754.46227526664734 42.63158 2.02194605091111e-21
141253754.46227526664734 47.36842 2.17307628838563e-21
141253754.46227526664734 52.10526 2.36750621322772e-21
141253754.46227526664734 56.84211 2.62243227479514e-21
141253754.46227526664734 61.57895 2.96499620971139e-21
141253754.46227526664734 66.31579 3.44139518473666e-21
141253754.46227526664734 71.05263 4.13388890223248e-21
141253754.46227526664734 75.78947 5.19671376932763e-21
141253754.46227526664734 80.52632 6.90655101431407e-21
141253754.46227526664734 85.26316 9.38093537948320e-21
141253754.46227526664734 90.00000 8.99029691738764e-21
177827941.00389191508293 0.00000 6.54798554392730e-22
177827941.00389191508293 4.73684 6.56646069857606e-22
177827941.00389191508293 9.47368 6.62122479282952e-22
177827941.00389191508293 14.21053 6.71525164456067e-22
177827941.00389191508293 18.94737 6.85151016073599e-22
177827941.00389191508293 23.68421 7.03499066854556e-22
177827941.00389191508293 28.42105 7.27339754064313e-22
177827941.00389191508293 33.15789 7.57721595280786e-22
177827941.00389191508293 37.89474 7.96211474195494e-22
177827941.00389191508293 42.63158 8.44818512275892e-22
177827941.00389191508293 47.36842 9.06591747315707e-22
177827941.00389191508293 52.10526 9.86060961334161e-22
177827941.00389191508293 56.84211 1.09026136757077e-21
177827941.00389191508293 61.57895 1.23028940537116e-21
177827941.00389191508293 66.31579 1.42503780048926e-21
177827941.00389191508293 71.05263 1.70814972163316e-21
177827941.00389191508293 75.78947 2.14267211826198e-21
177827941.00389191508293 80.52632 2.84144217062450e-21
177827941.00389191508293 85.26316 3.84981019505941e-21
177827941.00389191508293 90.00000 3.66760253278722e-21
223872113.85683333873749 0.00000 2.72074159857245e-22
223872113.85683333873749 4.73684 2.72816628457992e-22
223872113.85683333873749 9.47368 2.75021336014008e-22
223872113.85683333873749 14.21053 2.78804816153616e-22
223872113.85683333873749 18.94737 2.84286988920964e-22
223872113.85683333873749 23.68421 2.91670733520568e-22
223872113.85683333873749 28.42105 3.01262724892521e-22
223872113.85683333873749 33.15789 3.13487454365897e-22
223872113.85683333873749 37.89474 3.28973844724449e-22
223872113.85683333873749 42.63158 3.48531010429795e-22
223872113.85683333873749 47.36842 3.73383514746026e-22
223872113.85683333873749 52.10526 4.05352834709159e-22
223872113.85683333873749 56.84211 4.47270648457961e-22
223872113.85683333873749 61.57895 5.03599170878920e-22
223872113.85683333873749 66.31579 5.81937378745938e-22
223872113.85683333873749 71.05263 6.95814792121324e-22
223872113.85683333873749 75.78947 8.70562875817125e-22
223872113.85683333873749 80.52632 1.15137820133442e-21
223872113.85683333873749 85.26316 1.55515242046818e-21
223872113.85683333873749 90.00000 1.47134819340194e-21
281838293.12644493579865 0.00000 1.11686111061108e-22
281838293.12644493579865 4.73684 1.11979736869081e-22
281838293.12644493579865 9.47368 1.12853188190559e-22
281838293.12644493579865 14.21053 1.14351358609929e-22
281838293.12644493579865 18.94737 1.16521873037365e-22
281838293.12644493579865 23.68421 1.19445895473353e-22
281838293.12644493579865 28.42105 1.23243483278086e-22
281838293.12644493579865 33.15789 1.28083712352455e-22
281838293.12644493579865 37.89474 1.34214975605963e-22
281838293.12644493579865 42.63158 1.41957732965166e-22
281838293.12644493579865 47.36842 1.51795733986934e-22
281838293.12644493579865 52.10526 1.64449415736482e-22
281838293.12644493579865 56.84211 1.81039805881122e-22
281838293.12644493579865 61.57895 2.03331456386840e-22
281838293.12644493579865 66.31579 2.34329746895834e-22
281838293.12644493579865 71.05263 2.79383591979476e-22
281838293.12644493579865 75.78947 3.48496090952235e-22
281838293.12644493579865 80.52632 4.59449648779118e-22
281838293.12644493579865 85.26316 6.18323498407953e-22
281838293.12644493579865 90.00000 5.80650817802213e-22
354813389.23357534408569 0.00000 4.52377818106067e-23
354813389.23357534408569 4.73684 4.53518232683715e-23
354813389.23357534408569 9.47368 4.56916757772005e-23
354813389.23357534408569 14.21053 4.62743062615114e-23
354813389.23357534408569 18.94737 4.71182654003592e-23
354813389.23357534408569 23.68421 4.82554518896883e-23
354813389.23357534408569 28.42105 4.97319906299884e-23
354813389.23357534408569 33.15789 5.16140106340500e-23
354813389.23357534408569 37.89474 5.39978644525505e-23
354813389.23357534408569 42.63158 5.70081118606391e-23
354813389.23357534408569 47.36842 6.08323380130582e-23
354813389.23357534408569 52.10526 6.57502677819880e-23
354813389.23357534408569 56.84211 7.21975567042531e-23
354813389.23357534408569 61.57895 8.08589647491109e-23
354813389.23357534408569 66.31579 9.29008449903568e-23
354813389.23357534408569 71.05263 1.10397737756731e-22
354813389.23357534408569 75.78947 1.37223219671018e-22
354813389.23357534408569 80.52632 1.80232089559197e-22
354813389.23357534408569 85.26316 2.41502435323901e-22
354813389.23357534408569 90.00000 2.24760069647968e-22
446683592.15096253156662 0.00000 1.80139714334232e-23
446683592.15096253156662 4.73684 1.80573137663374e-23
446683592.15096253156662 9.47368 1.81867118532306e-23
446683592.15096253156662 14.21053 1.84084357076448e-23
446683592.15096253156662 18.94737 1.87295440629444e-23
446683592.15096253156662 23.68421 1.91623091248485e-23
446683592.15096253156662 28.42105 1.97240594810671e-23
446683592.15096253156662 33.15789 2.04401010998714e-23
446683592.15096253156662 37.89474 2.13470152839907e-23
446683592.15096253156662 42.63158 2.24921407297565e-23
446683592.15096253156662 47.36842 2.39466240254194e-23
446683592.15096253156662 52.10526 2.58167027266355e-23
446683592.15096253156662 56.84211 2.82679845084396e-23
446683592.15096253156662 61.57895 3.15603081313189e-23
446683592.15096253156662 66.31579 3.61362603138585e-23
446683592.15096253156662 71.05263 4.27823517185328e-23
446683592.15096253156662 75.78947 5.29643137685941e-23
446683592.15096253156662 80.52632 6.92620422750758e-23
446683592.15096253156662 85.26316 9.23410491447710e-23
446683592.15096253156662 90.00000 8.50793230294377e-23
562341325.19034790992737 0.00000 7.04642213684238e-24
562341325.19034790992737 4.73684 7.06252715582775e-24
562341325.19034790992737 9.47368 7.11069275842025e-24
562341325.19034790992737 14.21053 7.19318517850766e-24
562341325.19034790992737 18.94737 7.31262564943587e-24
562341325.19034790992737 23.68421 7.47362970046823e-24
562341325.19034790992737 28.42105 7.68256078481600e-24
562341325.19034790992737 33.15789 7.94888304035217e-24
562341325.19034790992737 37.89474 8.28617881920980e-24
562341325.19034790992737 42.63158 8.71202443250628e-24
562341325.19034790992737 47.36842 9.25279364515269e-24
562341325.19034790992737 52.10526 9.94792383683980e-24
562341325.19034790992737 56.84211 1.08589458959032e-23
562341325.19034790992737 61.57895 1.20822094402898e-23
562341325.19034790992737 66.31579 1.37818280588195e-23
562341325.19034790992737 71.05263 1.62491458084020e-23
562341325.19034790992737 75.78947 2.00259745424801e-23
562341325.19034790992737 80.52632 2.60605938456161e-23
562341325.19034790992737 85.26316 3.45525967986541e-23
562341325.19034790992737 90.00000 3.15134677022636e-23
707945784.38413584232330 0.00000 2.70763579961429e-24
707945784.38413584232330 4.73684 2.71348410032816e-24
707945784.38413584232330 9.47368 2.73100469103082e-24
707945784.38413584232330 14.21053 2.76099800571158e-24
707945784.38413584232330 18.94737 2.80441335002844e-24
707945784.38413584232330 23.68421 2.86294707935610e-24
707945784.38413584232330 28.42105 2.93888159232115e-24
707945784.38413584232330 33.15789 3.03567447234686e-24
707945784.38413584232330 37.89474 3.15825480773946e-24
707945784.38413584232330 42.63158 3.31299440509642e-24
707945784.38413584232330 47.36842 3.50944306514267e-24
707945784.38413584232330 52.10526 3.76190214667022e-24
707945784.38413584232330 56.84211 4.09270483096164e-24
707945784.38413584232330 61.57895 4.53674334111013e-24
707945784.38413584232330 66.31579 5.15345002170197e-24
707945784.38413584232330 71.05263 6.04820805877775e-24
707945784.38413584232330 75.78947 7.41654615340753e-24
707945784.38413584232330 80.52632 9.59857070206966e-24
707945784.38413584232330 85.26316 1.26481522653925e-23
707945784.38413584232330 90.00000 1.14092384962733e-23
891250938.13374412059784 0.00000 1.02065174409626e-24
891250938.13374412059784 4.73684 1.02272074902487e-24
891250938.13374412059784 9.47368 1.02893029583196e-24
891250938.13374412059784 14.21053 1.03955515467654e-24
891250938.13374412059784 18.94737 1.05492932271997e-24
891250938.13374412059784 23.68421 1.07566055470025e-24
891250938.13374412059784 28.42105 1.10254489202554e-24
891250938.13374412059784 33.15789 1.13681263870106e-24
891250938.13374412059784 37.89474 1.18020618128017e-24
891250938.13374412059784 42.63158 1.23497280928183e-24
891250938.13374412059784 47.36842 1.30447791669624e-24
891250938.13374412059784 52.10526 1.39376998898422e-24
891250938.13374412059784 56.84211 1.51074069074996e-24
891250938.13374412059784 61.57895 1.66768623147320e-24
891250938.13374412059784 66.31579 1.88555117264109e-24
891250938.13374412059784 71.05263 2.20142032356544e-24
891250938.13374412059784 75.78947 2.68391299423071e-24
891250938.13374412059784 80.52632 3.45152089167329e-24
891250938.13374412059784 85.26316 4.51570400442349e-24
891250938.13374412059784 90.00000 4.02251181128867e-24
1122018454.30196285247803 0.00000 3.76696214297670e-25
1122018454.30196285247803 4.73684 3.77408820650503e-25
1122018454.30196285247803 9.47368 3.79551522978738e-25
1122018454.30196285247803 14.21053 3.83215872497589e-25
1122018454.30196285247803 18.94737 3.88515825987068e-25
1122018454.30196285247803 23.68421 3.95663405025812e-25
1122018454.30196285247803 28.42105 4.04928197354112e-25
1122018454.30196285247803 33.15789 4.16736079535474e-25
1122018454.30196285247803 37.89474 4.31686308480125e-25
1122018454.30196285247803 42.63158 4.50548966995939e-25
1122018454.30196285247803 47.36842 4.74476885776659e-25
1122018454.30196285247803 52.10526 5.05202899908482e-25
1122018454.30196285247803 56.84211 5.45438861566732e-25
1122018454.30196285247803 61.57895 5.99396884911540e-25
1122018454.30196285247803 66.31579 6.74252402983753e-25
1122018454.30196285247803 71.05263 7.82690125440323e-25
1122018454.30196285247803 75.78947 9.48110884094426e-25
1122018454.30196285247803 80.52632 1.21060300872475e-24
1122018454.30196285247803 85.26316 1.57132496681715e-24
1122018454.30196285247803 90.00000 1.38173387509146e-24
1412537544.62275242805481 0.00000 1.35812150617044e-25
1412537544.62275242805481 4.73684 1.36050809692610e-25
1412537544.62275242805481 9.47368 1.36769792625157e-25
1412537544.62275242805481 14.21053 1.37998672668892e-25
1412537544.62275242805481 18.94737 1.39775091398987e-25
1412537544.62275242805481 23.68421 1.42170931514732e-25
1412537544.62275242805481 28.42105 1.45274710096345e-25
1412537544.62275242805481 33.15789 1.49229585113994e-25
1412537544.62275242805481 37.89474 1.54235748348962e-25
1412537544.62275242805481 42.63158 1.60549167770916e-25
1412537544.62275242805481 47.36842 1.68553087430555e-25
1412537544.62275242805481 52.10526 1.78824872724666e-25
1412537544.62275242805481 56.84211 1.92269274211468e-25
1412537544.62275242805481 61.57895 2.10286577304367e-25
1412537544.62275242805481 66.31579 2.35262722223794e-25
1412537544.62275242805481 71.05263 2.71408280465621e-25
1412537544.62275242805481 75.78947 3.26465935521357e-25
1412537544.62275242805481 80.52632 4.13585727325130e-25
1412537544.62275242805481 85.26316 5.32167129208624e-25
1412537544.62275242805481 90.00000 4.61739997194270e-25
1778279410.03891897201538 0.00000 4.80955331671454e-26
1778279410.03891897201538 4.73684 4.81733246689433e-26
1778279410.03891897201538 9.47368 4.84081419755325e-26
1778279410.03891897201538 14.21053 4.88092499783452e-26
1778279410.03891897201538 18.94737 4.93887040980347e-26
1778279410.03891897201538 23.68421 5.01702215518964e-26
1778279410.03891897201538 28.42105 5.11820117473860e-26
1778279410.03891897201538 33.15789 5.24708715905161e-26
1778279410.03891897201538 37.89474 5.41018415106997e-26
1778279410.03891897201538 42.63158 5.61575653954674e-26
1778279410.03891897201538 47.36842 5.87618521258544e-26
1778279410.03891897201538 52.10526 6.21017001562937e-26
1778279410.03891897201538 56.84211 6.64705755193962e-26
1778279410.03891897201538 61.57895 7.23209097156456e-26
1778279410.03891897201538 66.31579 8.04238901959237e-26
1778279410.03891897201538 71.05263 9.21380764887466e-26
1778279410.03891897201538 75.78947 1.09953542803295e-25
1778279410.03891897201538 80.52632 1.38062229548076e-25
1778279410.03891897201538 85.26316 1.75948717430667e-25
1778279410.03891897201538 90.00000 1.50766042211633e-25
2238721138.56833314895630 0.00000 1.67531821964484e-26
2238721138.56833314895630 4.73684 1.67778873291560e-26
2238721138.56833314895630 9.47368 1.68526214564528e-26
2238721138.56833314895630 14.21053 1.69801937798127e-26
2238721138.56833314895630 18.94737 1.71643408171755e-26
2238721138.56833314895630 23.68421 1.74126897974843e-26
2238721138.56833314895630 28.42105 1.77339550399043e-26
2238721138.56833314895630 33.15789 1.81430230030866e-26
2238721138.56833314895630 37.89474 1.86604542122121e-26
2238721138.56833314895630 42.63158 1.93121554887383e-26
2238721138.56833314895630 47.36842 2.01369876191048e-26
2238721138.56833314895630 52.10526 2.11938276027009e-26
2238721138.56833314895630 56.84211 2.25752397101381e-26
2238721138.56833314895630 61.57895 2.44232759315264e-26
2238721138.56833314895630 66.31579 2.69802241246219e-26
2238721138.56833314895630 71.05263 3.06721135304448e-26
2238721138.56833314895630 75.78947 3.62771121827860e-26
2238721138.56833314895630 80.52632 4.50928624989977e-26
2238721138.56833314895630 85.26316 5.68490419499976e-26
2238721138.56833314895630 90.00000 4.80911362243337e-26
2818382931.26444959640503 0.00000 5.75140553040630e-27
2818382931.26444959640503 4.73684 5.75908447760617e-27
2818382931.26444959640503 9.47368 5.78236504716620e-27
2818382931.26444959640503 14.21053 5.82207443927609e-27
2818382931.26444959640503 18.94737 5.87933500972180e-27
2818382931.26444959640503 23.68421 5.95654212380507e-27
2818382931.26444959640503 28.42105 6.05631116154254e-27
2818382931.26444959640503 33.15789 6.18326005726218e-27
2818382931.26444959640503 37.89474 6.34372759386741e-27
2818382931.26444959640503 42.63158 6.54561488807718e-27
2818382931.26444959640503 47.36842 6.80079898284285e-27
2818382931.26444959640503 52.10526 7.12734054129275e-27
2818382931.26444959640503 56.84211 7.55369450449267e-27
2818382931.26444959640503 61.57895 8.12329868914733e-27
2818382931.26444959640503 66.31579 8.91031250558780e-27
2818382931.26444959640503 71.05263 1.00448841180788e-26
2818382931.26444959640503 75.78947 1.17638968161566e-26
2818382931.26444959640503 80.52632 1.44584797511893e-26
2818382931.26444959640503 85.26316 1.80113842863525e-26
2818382931.26444959640503 90.00000 1.50566422374714e-26
3548133892.33575296401978 0.00000 1.95654760870556e-27
3548133892.33575296401978 4.73684 1.95888635291292e-27
3548133892.33575296401978 9.47368 1.96599382817685e-27
3548133892.33575296401978 14.21053 1.97810599436670e-27
3548133892.33575296401978 18.94737 1.99554933428034e-27
3548133892.33575296401978 23.68421 2.01906016906579e-27
3548133892.33575296401978 28.42105 2.04940056220064e-27
3548133892.33575296401978 33.15789 2.08796966044595e-27
3548133892.33575296401978 37.89474 2.13667561043055e-27
3548133892.33575296401978 42.63158 2.19786372866949e-27
3548133892.33575296401978 47.36842 2.27507050712849e-27
3548133892.33575296401978 52.10526 2.37369764432845e-27
3548133892.33575296401978 56.84211 2.50227772643618e-27
3548133892.33575296401978 61.57895 2.67375371536742e-27
3548133892.33575296401978 66.31579 2.91025238661114e-27
3548133892.33575296401978 71.05263 3.25052509282397e-27
3548133892.33575296401978 75.78947 3.76483670113199e-27
3548133892.33575296401978 80.52632 4.56796089968169e-27
3548133892.33575296401978 85.26316 5.61365326508345e-27
3548133892.33575296401978 90.00000 4.63904359911328e-27
4466835921.50962543487549 0.00000 6.61114230046305e-28
4466835921.50962543487549 4.73684 6.61816361478528e-28
4466835921.50962543487549 9.47368 6.63955767506383e-28
4466835921.50962543487549 14.21053 6.67597779918156e-28
4466835921.50962543487549 18.94737 6.72834700243320e-28
4466835921.50962543487549 23.68421 6.79889369791067e-28
4466835921.50962543487549 28.42105 6.88978167043744e-28
4466835921.50962543487549 33.15789 7.00517403491291e-28
4466835921.50962543487549 37.89474 7.15070850347511e-28
4466835921.50962543487549 42.63158 7.33319211359217e-28
4466835921.50962543487549 47.36842 7.56293279258575e-28
4466835921.50962543487549 52.10526 7.85576015329854e-28
4466835921.50962543487549 56.84211 8.23675695911518e-28
4466835921.50962543487549 61.57895 8.74368335191298e-28
4466835921.50962543487549 66.31579 9.44121400088837e-28
4466835921.50962543487549 71.05263 1.04423741722729e-27
4466835921.50962543487549 75.78947 1.19513256279112e-27
4466835921.50962543487549 80.52632 1.42979019285055e-27
4466835921.50962543487549 85.26316 1.73129767398866e-27
4466835921.50962543487549 90.00000 1.41722845922337e-27
5623413251.90347957611084 0.00000 2.23390836107695e-28
5623413251.90347957611084 4.73684 2.23600318918827e-28
5623413251.90347957611084 9.47368 2.24240484640092e-28
5623413251.90347957611084 14.21053 2.25328905004717e-28
5623413251.90347957611084 18.94737 2.26890989743271e-28
5623413251.90347957611084 23.68421 2.28993634125918e-28
5623413251.90347957611084 28.42105 2.31696888061756e-28
5623413251.90347957611084 33.15789 2.35123199314157e-28
5623413251.90347957611084 37.89474 2.39437067182024e-28
5623413251.90347957611084 42.63158 2.44832545141083e-28
5623413251.90347957611084 47.36842 2.51605180520785e-28
5623413251.90347957611084 52.10526 2.60211868310412e-28
5623413251.90347957611084 56.84211 2.71379338809634e-28
5623413251.90347957611084 61.57895 2.86191234860605e-28
5623413251.90347957611084 66.31579 3.06508259737010e-28
5623413251.90347957611084 71.05263 3.35574237596440e-28
5623413251.90347957611084 75.78947 3.79223842806695e-28
5623413251.90347957611084 80.52632 4.46766271766068e-28
5623413251.90347957611084 85.26316 5.32215334232801e-28
5623413251.90347957611084 90.00000 4.31626191096025e-28
7079457843.84135913848877 0.00000 7.49273722853582e-29
7079457843.84135913848877 4.73684 7.49898244267930e-29
7079457843.84135913848877 9.47368 7.51812601234184e-29
7079457843.84135913848877 14.21053 7.55062683581482e-29
7079457843.84135913848877 18.94737 7.59716590679024e-29
7079457843.84135913848877 23.68421 7.65974042057983e-29
7079457843.84135913848877 28.42105 7.73998063477874e-29
7079457843.84135913848877 33.15789 7.84145612803235e-29
7079457843.84135913848877 37.89474 7.96891906558041e-29
7079457843.84135913848877 42.63158 8.12781108269813e-29
7079457843.84135913848877 47.36842 8.32648094696414e-29
7079457843.84135913848877 52.10526 8.57793835090247e-29
7079457843.84135913848877 56.84211 8.90296910991248e-29
7079457843.84135913848877 61.57895 9.33219396610845e-29
7079457843.84135913848877 66.31579 9.91835438869372e-29
7079457843.84135913848877 71.05263 1.07531140970401e-28
7079457843.84135913848877 75.78947 1.20004994769984e-28
7079457843.84135913848877 80.52632 1.39182186221022e-28
7079457843.84135913848877 85.26316 1.62980402759907e-28
7079457843.84135913848877 90.00000 1.30934544175000e-28
8912509381.33744049072266 0.00000 2.53304811489525e-29
8912509381.33744049072266 4.73684 2.53492097904816e-29
8912509381.33744049072266 9.47368 2.54067864806168e-29
8912509381.33744049072266 14.21053 2.55043800916082e-29
8912509381.33744049072266 18.94737 2.56437763088021e-29
8912509381.33744049072266 23.68421 2.58309253837616e-29
8912509381.33744049072266 28.42105 2.60701792533724e-29
8912509381.33744049072266 33.15789 2.63718965707930e-29
8912509381.33744049072266 37.89474 2.67497282670290e-29
8912509381.33744049072266 42.63158 2.72187512097271e-29
8912509381.33744049072266 47.36842 2.78022973215770e-29
8912509381.33744049072266 52.10526 2.85370492373096e-29
8912509381.33744049072266 56.84211 2.94819019638923e-29
8912509381.33744049072266 61.57895 3.07223312889929e-29
8912509381.33744049072266 66.31579 3.24060853722035e-29
8912509381.33744049072266 71.05263 3.47889692907488e-29
8912509381.33744049072266 75.78947 3.83259429289360e-29
8912509381.33744049072266 80.52632 4.37189146050132e-29
8912509381.33744049072266 85.26316 5.02597452014262e-29
8912509381.33744049072266 90.00000 4.01188154653474e-29
11220184543.01963043212891 0.00000 8.58886404554552e-30
11220184543.01963043212891 4.73684 8.59455054507712e-30
11220184543.01963043212891 9.47368 8.61209199272257e-30
11220184543.01963043212891 14.21053 8.64177098057509e-30
11220184543.01963043212891 18.94737 8.68404125449844e-30
11220184543.01963043212891 23.68421 8.74069746515019e-30
11220184543.01963043212891 28.42105 8.81287474292074e-30
11220184543.01963043212891 33.15789 8.90359787802704e-30
11220184543.01963043212891 37.89474 9.01680115320117e-30
11220184543.01963043212891 42.63158 9.15662313199056e-30
11220184543.01963043212891 47.36842 9.32954126666868e-30
11220184543.01963043212891 52.10526 9.54585575045233e-30
11220184543.01963043212891 56.84211 9.82220199427027e-30
11220184543.01963043212891 61.57895 1.01822267954400e-29
11220184543.01963043212891 66.31579 1.06669892590131e-29
11220184543.01963043212891 71.05263 1.13471874378053e-29
11220184543.01963043212891 75.78947 1.23475047651888e-29
11220184543.01963043212891 80.52632 1.38555080968952e-29
11220184543.01963043212891 85.26316 1.56279707373307e-29
11220184543.01963043212891 90.00000 1.23614949930751e-29
14125375446.22752571105957 0.00000 2.90148916219145e-30
14125375446.22752571105957 4.73684 2.90323945411894e-30
14125375446.22752571105957 9.47368 2.90865687884184e-30
14125375446.22752571105957 14.21053 2.91780574900422e-30
14125375446.22752571105957 18.94737 2.93079822384360e-30
14125375446.22752571105957 23.68421 2.94818118579415e-30
14125375446.22752571105957 28.42105 2.97024504963125e-30
14125375446.22752571105957 33.15789 2.99787951551080e-30
14125375446.22752571105957 37.89474 3.03222390457121e-30
14125375446.22752571105957 42.63158 3.07440685814276e-30
14125375446.22752571105957 47.36842 3.12621797953702e-30
14125375446.22752571105957 52.10526 3.19053970229708e-30
14125375446.22752571105957 56.84211 3.27205623310009e-30
14125375446.22752571105957 61.57895 3.37724559672339e-30
14125375446.22752571105957 66.31579 3.51740950742532e-30
14125375446.22752571105957 71.05263 3.71184886774215e-30
14125375446.22752571105957 75.78947 3.99418966195109e-30
14125375446.22752571105957 80.52632 4.41319987924480e-30
14125375446.22752571105957 85.26316 4.88499382470908e-30
14125375446.22752571105957 90.00000 3.82902371618627e-30
17782794100.38919067382812 0.00000 9.81026231492749e-31
17782794100.38919067382812 4.73684 9.81572409281219e-31
17782794100.38919067382812 9.47368 9.83267988532143e-31
17782794100.38919067382812 14.21053 9.86126562795320e-31
17782794100.38919067382812 18.94737 9.90175557702260e-31
17782794100.38919067382812 23.68421 9.95583510777777e-31
17782794100.38919067382812 28.42105 1.00242418462968e-30
17782794100.38919067382812 33.15789 1.01096236420250e-30
17782794100.38919067382812 37.89474 1.02153122909136e-30
17782794100.38919067382812 42.63158 1.03443933804513e-30
17782794100.38919067382812 47.36842 1.05018229001460e-30
17782794100.38919067382812 52.10526 1.06956856286202e-30
17782794100.38919067382812 56.84211 1.09391906498027e-30
17782794100.38919067382812 61.57895 1.12499884056840e-30
17782794100.38919067382812 66.31579 1.16589987171158e-30
17782794100.38919067382812 71.05263 1.22184104200836e-30
17782794100.38919067382812 75.78947 1.30176293623535e-30
17782794100.38919067382812 80.52632 1.41799372479694e-30
17782794100.38919067382812 85.26316 1.54193441192019e-30
17782794100.38919067382812 90.00000 1.20157559898340e-30
22387211385.68337631225586 0.00000 3.33479506026211e-31
22387211385.68337631225586 4.73684 3.33653370579917e-31
22387211385.68337631225586 9.47368 3.34194580266238e-31
22387211385.68337631225586 14.21053 3.35105665600538e-31
22387211385.68337631225586 18.94737 3.36393414206166e-31
22387211385.68337631225586 23.68421 3.38110917385767e-31
22387211385.68337631225586 28.42105 3.40277089570661e-31
22387211385.68337631225586 33.15789 3.42972665070880e-31
22387211385.68337631225586 37.89474 3.46297312659501e-31
22387211385.68337631225586 42.63158 3.50336937302916e-31
22387211385.68337631225586 47.36842 3.55231097496527e-31
22387211385.68337631225586 52.10526 3.61210132612934e-31
22387211385.68337631225586 56.84211 3.68651765374839e-31
22387211385.68337631225586 61.57895 3.78039701834697e-31
22387211385.68337631225586 66.31579 3.90223345612301e-31
22387211385.68337631225586 71.05263 4.06612089076856e-31
22387211385.68337631225586 75.78947 4.29562509917032e-31
22387211385.68337631225586 80.52632 4.62089677908425e-31
22387211385.68337631225586 85.26316 4.94401321805968e-31
22387211385.68337631225586 90.00000 3.83289730006636e-31
28183829312.64454650878906 0.00000 1.13772282697729e-31
28183829312.64454650878906 4.73684 1.13828232626186e-31
28183829312.64454650878906 9.47368 1.14002934057376e-31
28183829312.64454650878906 14.21053 1.14296650952808e-31
28183829312.64454650878906 18.94737 1.14711053852371e-31
28183829312.64454650878906 23.68421 1.15263256685684e-31
28183829312.64454650878906 28.42105 1.15958069919338e-31
28183829312.64454650878906 33.15789 1.16820715270059e-31
28183829312.64454650878906 37.89474 1.17881687080610e-31
28183829312.64454650878906 42.63158 1.19165279541936e-31
28183829312.64454650878906 47.36842 1.20711383090390e-31
28183829312.64454650878906 52.10526 1.22586620018358e-31
28183829312.64454650878906 56.84211 1.24900504013057e-31
28183829312.64454650878906 61.57895 1.27785810474878e-31
28183829312.64454650878906 66.31579 1.31475762751366e-31
28183829312.64454650878906 71.05263 1.36347334165446e-31
28183829312.64454650878906 75.78947 1.43006812981564e-31
28183829312.64454650878906 80.52632 1.52133322319277e-31
28183829312.64454650878906 85.26316 1.60305341828255e-31
28183829312.64454650878906 90.00000 1.23312693196912e-31
35481338923.35752868652344 0.00000 3.86762117350069e-32
35481338923.35752868652344 4.73684 3.86941892933911e-32
35481338923.35752868652344 9.47368 3.87505232321533e-32
35481338923.35752868652344 14.21053 3.88451395674509e-32
35481338923.35752868652344 18.94737 3.89784639795795e-32
35481338923.35752868652344 23.68421 3.91561019937443e-32
35481338923.35752868652344 28.42105 3.93792911107261e-32
35481338923.35752868652344 33.15789 3.96560838264362e-32
35481338923.35752868652344 37.89474 3.99960217789604e-32
35481338923.35752868652344 42.63158 4.04061801958430e-32
35481338923.35752868652344 47.36842 4.08982599520546e-32
35481338923.35752868652344 52.10526 4.14919967645943e-32
35481338923.35752868652344 56.84211 4.22198345474974e-32
35481338923.35752868652344 61.57895 4.31187659959799e-32
35481338923.35752868652344 66.31579 4.42535400210433e-32
35481338923.35752868652344 71.05263 4.57251149948690e-32
35481338923.35752868652344 75.78947 4.76868797420694e-32
35481338923.35752868652344 80.52632 5.02746484449662e-32
35481338923.35752868652344 85.26316 5.22984991803712e-32
35481338923.35752868652344 90.00000 4.00016649018293e-32
44668359215.09626007080078 0.00000 1.32300819619580e-32
44668359215.09626007080078 4.73684 1.32358626482909e-32
44668359215.09626007080078 9.47368 1.32540449247062e-32
44668359215.09626007080078 14.21053 1.32845597325077e-32
44668359215.09626007080078 18.94737 1.33275213994986e-32
44668359215.09626007080078 23.68421 1.33847878492981e-32
44668359215.09626007080078 28.42105 1.34566841742891e-32
44668359215.09626007080078 33.15789 1.35458276924112e-32
44668359215.09626007080078 37.89474 1.36552640543220e-32
44668359215.09626007080078 42.63158 1.37871196441119e-32
44668359215.09626007080078 47.36842 1.39449223123920e-32
44668359215.09626007080078 52.10526 1.41346642069663e-32
44668359215.09626007080078 56.84211 1.43661709109790e-32
44668359215.09626007080078 61.57895 1.46499320095778e-32
44668359215.09626007080078 66.31579 1.50041449648852e-32
44668359215.09626007080078 71.05263 1.54558263224720e-32
44668359215.09626007080078 75.78947 1.60426123342829e-32
44668359215.09626007080078 80.52632 1.67837538682800e-32
44668359215.09626007080078 85.26316 1.72647004336848e-32
44668359215.09626007080078 90.00000 1.31492541906059e-32
56234132519.03479766845703 0.00000 4.50920244108165e-33
56234132519.03479766845703 4.73684 4.51105215049474e-33
56234132519.03479766845703 9.47368 4.51689775272839e-33
56234132519.03479766845703 14.21053 4.52670162022606e-33
56234132519.03479766845703 18.94737 4.54049455357882e-33
56234132519.03479766845703 23.68421 4.55890058161253e-33
56234132519.03479766845703 28.42105 4.58200386413400e-33
56234132519.03479766845703 33.15789 4.61066975614045e-33
56234132519.03479766845703 37.89474 4.64588946118924e-33
56234132519.03479766845703 42.63158 4.68832069225858e-33
56234132519.03479766845703 47.36842 4.73905783749142e-33
56234132519.03479766845703 52.10526 4.79997330841084e-33
56234132519.03479766845703 56.84211 4.87412904779980e-33
56234132519.03479766845703 61.57895 4.96458864154208e-33
56234132519.03479766845703 66.31579 5.07660323250454e-33
56234132519.03479766845703 71.05263 5.21751446352479e-33
56234132519.03479766845703 75.78947 5.39634322220024e-33
56234132519.03479766845703 80.52632 5.61237113244228e-33
56234132519.03479766845703 85.26316 5.72093876197801e-33
56234132519.03479766845703 90.00000 4.33307093776491e-33
70794578438.41374206542969 0.00000 1.53958575011351e-33
70794578438.41374206542969 4.73684 1.54016918203459e-33
70794578438.41374206542969 9.47368 1.54202309624513e-33
70794578438.41374206542969 14.21053 1.54513071044363e-33
70794578438.41374206542969 18.94737 1.54950064268876e-33
70794578438.41374206542969 23.68421 1.55534240729776e-33
70794578438.41374206542969 28.42105 1.56267798315042e-33
70794578438.41374206542969 33.15789 1.57179501130583e-33
70794578438.41374206542969 37.89474 1.58301914528357e-33
70794578438.41374206542969 42.63158 1.59655988815032e-33
70794578438.41374206542969 47.36842 1.61276625902181e-33
70794578438.41374206542969 52.10526 1.63223878045339e-33
70794578438.41374206542969 56.84211 1.65595659592797e-33
70794578438.41374206542969 61.57895 1.68485172010112e-33
70794578438.41374206542969 66.31579 1.72049829132961e-33
70794578438.41374206542969 71.05263 1.76496400305420e-33
70794578438.41374206542969 75.78947 1.82040779648204e-33
70794578438.41374206542969 80.52632 1.88477688732151e-33
70794578438.41374206542969 85.26316 1.90803735758176e-33
70794578438.41374206542969 90.00000 1.44241300778796e-33
89125093813.37458801269531 0.00000 5.27783408282751e-34
89125093813.37458801269531 4.73684 5.27966112649810e-34
89125093813.37458801269531 9.47368 5.28550457922146e-34
89125093813.37458801269531 14.21053 5.29529404764568e-34
89125093813.37458801269531 18.94737 5.30905205540039e-34
89125093813.37458801269531 23.68421 5.32748428235505e-34
89125093813.37458801269531 28.42105 5.35064412199452e-34
89125093813.37458801269531 33.15789 5.37949220342989e-34
89125093813.37458801269531 37.89474 5.41510593854809e-34
89125093813.37458801269531 42.63158 5.45816136296405e-34
89125093813.37458801269531 47.36842 5.50978924307833e-34
89125093813.37458801269531 52.10526 5.57194964300057e-34
89125093813.37458801269531 56.84211 5.64783437896444e-34
89125093813.37458801269531 61.57895 5.74036725112316e-34
89125093813.37458801269531 66.31579 5.85441860126332e-34
89125093813.37458801269531 71.05263 5.99600558345176e-34
89125093813.37458801269531 75.78947 6.17021873935836e-34
89125093813.37458801269531 80.52632 6.36533254297124e-34
89125093813.37458801269531 85.26316 6.40821416801255e-34
89125093813.37458801269531 90.00000 4.83479555671015e-34
