89.12509381337455 0.00000 1.53622957720946e-06
89.12509381337455 4.73684 1.51576235571772e-06
89.12509381337455 9.47368 1.45611589603178e-06
89.12509381337455 14.21053 1.36150850265055e-06
89.12509381337455 18.94737 1.23806768603519e-06
89.12509381337455 23.68421 1.09515670123714e-06
89.12509381337455 28.42105 9.38132997242905e-07
89.12509381337455 33.15789 7.77753412511215e-07
89.12509381337455 37.89474 6.22899501072798e-07
89.12509381337455 42.63158 4.78532662674729e-07
89.12509381337455 47.36842 3.50247650964289e-07
89.12509381337455 52.10526 2.40774833767666e-07
89.12509381337455 56.84211 1.53319275668136e-07
89.12509381337455 61.57895 8.87870987314028e-08
89.12509381337455 66.31579 4.57683620153040e-08
89.12509381337455 71.05263 2.02626454182052e-08
89.12509381337455 75.78947 7.14170697130995e-09
89.12509381337455 80.52632 1.77815417412086e-09
89.12509381337455 85.26316 2.39335221287289e-10
89.12509381337455 90.00000 9.36827829005674e-12
112.20184543019636 0.00000 1.68764883043992e-06
112.20184543019636 4.73684 1.66566145454772e-06
112.20184543019636 9.47368 1.60155449736671e-06
112.20184543019636 14.21053 1.49972326567578e-06
112.20184543019636 18.94737 1.36646601740231e-06
112.20184543019636 23.68421 1.21163743110745e-06
112.20184543019636 28.42105 1.04077300806654e-06
112.20184543019636 33.15789 8.65348816652651e-07
112.20184543019636 37.89474 6.95027647680471e-07
112.20184543019636 42.63158 5.35308461334274e-07
112.20184543019636 47.36842 3.92629530500767e-07
112.20184543019636 52.10526 2.70368483239437e-07
112.20184543019636 56.84211 1.72435087236402e-07
112.20184543019636 61.57895 1.00029997595946e-07
112.20184543019636 66.31579 5.16606680987796e-08
112.20184543019636 71.05263 2.29086926428360e-08
112.20184543019636 75.78947 8.08538004692426e-09
112.20184543019636 80.52632 2.01528529585823e-09
112.20184543019636 85.26316 2.71350478324898e-10
112.20184543019636 90.00000 1.06157304074996e-11
141.25375446227540 0.00000 1.84091301079703e-06
141.25375446227540 4.73684 1.81752996585555e-06
141.25375446227540 9.47368 1.74924228871543e-06
141.25375446227540 14.21053 1.64059341610835e-06
141.25375446227540 18.94737 1.49802856695206e-06
141.25375446227540 23.68421 1.33173834010663e-06
141.25375446227540 28.42105 1.14733151779964e-06
141.25375446227540 33.15789 9.56960118563997e-07
141.25375446227540 37.89474 7.71027976085552e-07
141.25375446227540 42.63158 5.95535463896741e-07
141.25375446227540 47.36842 4.37858946331207e-07
141.25375446227540 52.10526 3.02139570450680e-07
141.25375446227540 56.84211 1.93094306605981e-07
141.25375446227540 61.57895 1.12275679708806e-07
141.25375446227540 66.31579 5.81323532199878e-08
141.25375446227540 71.05263 2.58363063736132e-08
141.25375446227540 75.78947 9.13602485725866e-09
141.25375446227540 80.52632 2.28063066685922e-09
141.25375446227540 85.26316 3.07255204250537e-10
141.25375446227540 90.00000 1.20128827589486e-11
177.82794100389222 0.00000 1.98520361221789e-06
177.82794100389222 4.73684 1.96063025384876e-06
177.82794100389222 9.47368 1.88889403570539e-06
177.82794100389222 14.21053 1.77451509661904e-06
177.82794100389222 18.94737 1.62395535579989e-06
177.82794100389222 23.68421 1.44766934223417e-06
177.82794100389222 28.42105 1.25119884178573e-06
177.82794100389222 33.15789 1.04713255803427e-06
177.82794100389222 37.89474 8.46555525386009e-07
177.82794100389222 42.63158 6.55928455991318e-07
177.82794100389222 47.36842 4.83599054550400e-07
177.82794100389222 52.10526 3.34538242875592e-07
177.82794100389222 56.84211 2.14361549638408e-07
177.82794100389222 61.57895 1.25027021350851e-07
177.82794100389222 66.31579 6.49526845204200e-08
177.82794100389222 71.05263 2.89531647710780e-08
177.82794100389222 75.78947 1.02646496843508e-08
177.82794100389222 80.52632 2.56772549065099e-09
177.82794100389222 85.26316 3.46235848815359e-10
177.82794100389222 90.00000 1.35276568023733e-11
223.87211385683389 0.00000 2.11647097181175e-06
223.87211385683389 4.73684 2.09107337654936e-06
223.87211385683389 9.47368 2.01670479361336e-06
223.87211385683389 14.21053 1.89798024076489e-06
223.87211385683389 18.94737 1.74122181111193e-06
223.87211385683389 23.68421 1.55682329798629e-06
223.87211385683389 28.42105 1.35018573577852e-06
223.87211385683389 33.15789 1.13418803677601e-06
223.87211385683389 37.89474 9.20366309610524e-07
223.87211385683389 42.63158 7.15636839352335e-07
223.87211385683389 47.36842 5.29311208789774e-07
223.87211385683389 52.10526 3.67288215856266e-07
223.87211385683389 56.84211 2.36153397711667e-07
223.87211385683389 61.57895 1.38290239201979e-07
223.87211385683389 66.31579 7.21565899922440e-08
223.87211385683389 71.05263 3.22900761838261e-08
223.87211385683389 75.78947 1.14873235081437e-08
223.87211385683389 80.52632 2.88178521987717e-09
223.87211385683389 85.26316 3.89086990947649e-10
223.87211385683389 90.00000 1.51913184348108e-11
281.83829312644536 0.00000 2.22924078642864e-06
281.83829312644536 4.73684 2.20330527379138e-06
281.83829312644536 9.47368 2.12749283599083e-06
281.83829312644536 14.21053 2.00611045492176e-06
281.83829312644536 18.94737 1.84529304629080e-06
281.83829312644536 23.68421 1.65518766522962e-06
281.83829312644536 28.42105 1.44087563394041e-06
281.83829312644536 33.15789 1.21521592198795e-06
281.83829312644536 37.89474 9.90162090308156e-07
281.83829312644536 42.63158 7.72923232786711e-07
281.83829312644536 47.36842 5.73826797644330e-07
281.83829312644536 52.10526 3.99695503577558e-07
281.83829312644536 56.84211 2.58122287473898e-07
281.83829312644536 61.57895 1.51942697377789e-07
281.83829312644536 66.31579 7.97238969902506e-08
281.83829312644536 71.05263 3.58567874767194e-08
281.83829312644536 75.78947 1.28149577944126e-08
281.83829312644536 80.52632 3.22706388287272e-09
281.83829312644536 85.26316 4.36526044630856e-10
281.83829312644536 90.00000 1.70327432534055e-11
354.81338923357532 0.00000 2.31567516906929e-06
354.81338923357532 4.73684 2.28974499130085e-06
354.81338923357532 9.47368 2.21358029749036e-06
354.81338923357532 14.21053 2.09151289385843e-06
354.81338923357532 18.94737 1.92920009851490e-06
354.81338923357532 23.68421 1.73626412869054e-06
354.81338923357532 28.42105 1.51741793029294e-06
354.81338923357532 33.15789 1.28524569162978e-06
354.81338923357532 37.89474 1.05181405779751e-06
354.81338923357532 42.63158 8.24613656384882e-07
354.81338923357532 47.36842 6.14826207878916e-07
354.81338923357532 52.10526 4.30306466973150e-07
354.81338923357532 56.84211 2.79447631319083e-07
354.81338923357532 61.57895 1.65591046723535e-07
354.81338923357532 66.31579 8.75060579471675e-08
354.81338923357532 71.05263 3.96107135777126e-08
354.81338923357532 75.78947 1.42409669655760e-08
354.81338923357532 80.52632 3.60427776817707e-09
354.81338923357532 85.26316 4.88875476101493e-10
354.81338923357532 90.00000 1.90666261317004e-11
446.68359215096280 0.00000 2.36209666317740e-06
446.68359215096280 4.73684 2.33656047985907e-06
446.68359215096280 9.47368 2.26180698019921e-06
446.68359215096280 14.21053 2.14154493414844e-06
446.68359215096280 18.94737 1.98088158142904e-06
446.68359215096280 23.68421 1.78915986530546e-06
446.68359215096280 28.42105 1.56992910410585e-06
446.68359215096280 33.15789 1.33563868503765e-06
446.68359215096280 37.89474 1.09816320809439e-06
446.68359215096280 42.63158 8.65106818413109e-07
446.68359215096280 47.36842 6.48336318866922e-07
446.68359215096280 52.10526 4.56419065119515e-07
446.68359215096280 56.84211 2.98518880547341e-07
446.68359215096280 61.57895 1.78373508690648e-07
446.68359215096280 66.31579 9.50990589631586e-08
446.68359215096280 71.05263 4.33954609066198e-08
446.68359215096280 75.78947 1.57246269495324e-08
446.68359215096280 80.52632 4.00592214745173e-09
446.68359215096280 85.26316 5.45409398192673e-10
446.68359215096280 90.00000 2.12690114496377e-11
562.34132519034881 0.00000 2.36231815548131e-06
562.34132519034881 4.73684 2.33787428380928e-06
562.34132519034881 9.47368 2.26584628741186e-06
562.34132519034881 14.21053 2.14990190873485e-06
562.34132519034881 18.94737 1.99442131175624e-06
562.34132519034881 23.68421 1.80774489832931e-06
562.34132519034881 28.42105 1.59285031912693e-06
562.34132519034881 33.15789 1.36130942020585e-06
562.34132519034881 37.89474 1.12489477264520e-06
562.34132519034881 42.63158 8.90934327589969e-07
562.34132519034881 47.36842 6.71742447497806e-07
562.34132519034881 52.10526 4.76387415978073e-07
562.34132519034881 56.84211 3.14354438027493e-07
562.34132519034881 61.57895 1.89807328311903e-07
562.34132519034881 66.31579 1.02293774288096e-07
562.34132519034881 71.05263 4.71505111204964e-08
562.34132519034881 75.78947 1.72556549530947e-08
562.34132519034881 80.52632 4.43385271797448e-09
562.34132519034881 85.26316 6.06793822269647e-10
562.34132519034881 90.00000 2.36727893283348e-11
707.94578438413771 0.00000 2.30584650710338e-06
707.94578438413771 4.73684 2.28285947551035e-06
707.94578438413771 9.47368 2.21546530939629e-06
707.94578438413771 14.21053 2.10649252879391e-06
707.94578438413771 18.94737 1.95966951581916e-06
707.94578438413771 23.68421 1.78262133081205e-06
707.94578438413771 28.42105 1.57732145689698e-06
707.94578438413771 33.15789 1.35459109852421e-06
707.94578438413771 37.89474 1.12552511821250e-06
707.94578438413771 42.63158 8.97062187636534e-07
707.94578438413771 47.36842 6.81449622397590e-07
707.94578438413771 52.10526 4.87638915843048e-07
707.94578438413771 56.84211 3.25400258867881e-07
707.94578438413771 61.57895 1.98947616876760e-07
707.94578438413771 66.31579 1.08609624826211e-07
707.94578438413771 71.05263 5.06938798106789e-08
707.94578438413771 75.78947 1.87874485410038e-08
707.94578438413771 80.52632 4.88020352983586e-09
707.94578438413771 85.26316 6.72635152626873e-10
707.94578438413771 90.00000 2.62724970878621e-11
891.25093813374542 0.00000 2.18652638231629e-06
891.25093813374542 4.73684 2.16556700405049e-06
891.25093813374542 9.47368 2.10420363582561e-06
891.25093813374542 14.21053 2.00493963233915e-06
891.25093813374542 18.94737 1.87067003027011e-06
891.25093813374542 23.68421 1.70781801103171e-06
891.25093813374542 28.42105 1.51787911404652e-06
891.25093813374542 33.15789 1.31042701617994e-06
891.25093813374542 37.89474 1.09562677077387e-06
891.25093813374542 42.63158 8.79808650365432e-07
891.25093813374542 47.36842 6.74558315530582e-07
891.25093813374542 52.10526 4.88174587689181e-07
891.25093813374542 56.84211 3.30089234169361e-07
891.25093813374542 61.57895 2.04875126238736e-07
891.25093813374542 66.31579 1.13606930536932e-07
891.25093813374542 71.05263 5.38330650126280e-08
891.25093813374542 75.78947 2.02691739253660e-08
891.25093813374542 80.52632 5.33671473938563e-09
891.25093813374542 85.26316 7.42583216783167e-10
891.25093813374542 90.00000 2.90711155346150e-11
1122.01845430196295 0.00000 2.00229988601013e-06
1122.01845430196295 4.73684 1.98414064161161e-06
1122.01845430196295 9.47368 1.93028571225148e-06
1122.01845430196295 14.21053 1.84311937497692e-06
1122.01845430196295 18.94737 1.72474622073257e-06
1122.01845430196295 23.68421 1.58083831997143e-06
1122.01845430196295 28.42105 1.41206283201952e-06
1122.01845430196295 33.15789 1.22645458031450e-06
1122.01845430196295 37.89474 1.03302521146221e-06
1122.01845430196295 42.63158 8.37230768687082e-07
1122.01845430196295 47.36842 6.49035724894348e-07
1122.01845430196295 52.10526 4.76213697234286e-07
1122.01845430196295 56.84211 3.27101803836451e-07
1122.01845430196295 61.57895 2.06594737958695e-07
1122.01845430196295 66.31579 1.16649521749733e-07
1122.01845430196295 71.05263 5.62938967162252e-08
1122.01845430196295 75.78947 2.16167283723546e-08
1122.01845430196295 80.52632 5.78932720313631e-09
1122.01845430196295 85.26316 8.15551370464787e-10
1122.01845430196295 90.00000 3.20513907399732e-11
1412.53754462275333 0.00000 1.76223083050973e-06
1412.53754462275333 4.73684 1.74717938293580e-06
1412.53754462275333 9.47368 1.70219045221600e-06
1412.53754462275333 14.21053 1.62900975512375e-06
1412.53754462275333 18.94737 1.52976013003607e-06
1412.53754462275333 23.68421 1.40836547652305e-06
1412.53754462275333 28.42105 1.26534185938895e-06
1412.53754462275333 33.15789 1.10707932766471e-06
1412.53754462275333 37.89474 9.40866323923944e-07
1412.53754462275333 42.63158 7.71019191932693e-07
1412.53754462275333 47.36842 6.05824766579810e-07
1412.53754462275333 52.10526 4.51526551651553e-07
1412.53754462275333 56.84211 3.15809503487280e-07
1412.53754462275333 61.57895 2.03446462558201e-07
1412.53754462275333 66.31579 1.17281617129299e-07
1412.53754462275333 71.05263 5.78397041435341e-08
1412.53754462275333 75.78947 2.27535211484524e-08
1412.53754462275333 80.52632 6.22370536712177e-09
1412.53754462275333 85.26316 8.90842995257619e-10
1412.53754462275333 90.00000 3.52192210758532e-11
1778.27941003892192 0.00000 1.48344708370937e-06
1778.27941003892192 4.73684 1.47140474826242e-06
1778.27941003892192 9.47368 1.43601093721796e-06
1778.27941003892192 14.21053 1.37829103016399e-06
1778.27941003892192 18.94737 1.29941969870024e-06
1778.27941003892192 23.68421 1.20282853294411e-06
1778.27941003892192 28.42105 1.08807171395167e-06
1778.27941003892192 33.15789 9.60339414105312e-07
1778.27941003892192 37.89474 8.24947493401950e-07
1778.27941003892192 42.63158 6.84862798362990e-07
1778.27941003892192 47.36842 5.46258903463402e-07
1778.27941003892192 52.10526 4.14497167674810e-07
1778.27941003892192 56.84211 2.95868736601321e-07
1778.27941003892192 61.57895 1.94765153784283e-07
1778.27941003892192 66.31579 1.14959627695763e-07
1778.27941003892192 71.05263 5.81904232982628e-08
1778.27941003892192 75.78947 2.35589111617451e-08
1778.27941003892192 80.52632 6.61005021975024e-09
1778.27941003892192 85.26316 9.65848543745237e-10
1778.27941003892192 90.00000 3.85231244500455e-11
2238.72113856833766 0.00000 1.19444542531763e-06
2238.72113856833766 4.73684 1.18566740978737e-06
2238.72113856833766 9.47368 1.15924154670011e-06
2238.72113856833766 14.21053 1.11628570119719e-06
2238.72113856833766 18.94737 1.05754033438600e-06
2238.72113856833766 23.68421 9.84922994421564e-07
2238.72113856833766 28.42105 8.98149207656565e-07
2238.72113856833766 33.15789 8.00471540293776e-07
2238.72113856833766 37.89474 6.95883330322092e-07
2238.72113856833766 42.63158 5.85911331946354e-07
2238.72113856833766 47.36842 4.75189193426896e-07
2238.72113856833766 52.10526 3.67383803595493e-07
2238.72113856833766 56.84211 2.67955218545444e-07
2238.72113856833766 61.57895 1.80735126844613e-07
2238.72113856833766 66.31579 1.09565038157470e-07
2238.72113856833766 71.05263 5.71902402210359e-08
2238.72113856833766 75.78947 2.39473419385041e-08
2238.72113856833766 80.52632 6.92839228343905e-09
2238.72113856833766 85.26316 1.03892779384594e-09
2238.72113856833766 90.00000 4.19581062888068e-11
2818.38293126445205 0.00000 9.20074061677750e-07
2818.38293126445205 4.73684 9.13850568645292e-07
2818.38293126445205 9.47368 8.95522332926364e-07
2818.38293126445205 14.21053 8.65413595644030e-07
2818.38293126445205 18.94737 8.23936548674922e-07
2818.38293126445205 23.68421 7.72513266825099e-07
2818.38293126445205 28.42105 7.10413288954477e-07
2818.38293126445205 33.15789 6.39900772595385e-07
2818.38293126445205 37.89474 5.63204627700934e-07
2818.38293126445205 42.63158 4.81136535581891e-07
2818.38293126445205 47.36842 3.97108247910046e-07
2818.38293126445205 52.10526 3.13244309979597e-07
2818.38293126445205 56.84211 2.33795178078120e-07
2818.38293126445205 61.57895 1.61817232988521e-07
2818.38293126445205 66.31579 1.01075594184233e-07
2818.38293126445205 71.05263 5.47196797037252e-08
2818.38293126445205 75.78947 2.38060891337937e-08
2818.38293126445205 80.52632 7.14381336455078e-09
2818.38293126445205 85.26316 1.10680390524287e-09
2818.38293126445205 90.00000 4.54511463075491e-11
3548.13389233575390 0.00000 6.78313535705793e-07
3548.13389233575390 4.73684 6.74145584049903e-07
3548.13389233575390 9.47368 6.61995646629167e-07
3548.13389233575390 14.21053 6.42231578085461e-07
3548.13389233575390 18.94737 6.14426907384600e-07
3548.13389233575390 23.68421 5.80028119180168e-07
3548.13389233575390 28.42105 5.38005421631305e-07
3548.13389233575390 33.15789 4.89753748737054e-07
3548.13389233575390 37.89474 4.36392994348561e-07
3548.13389233575390 42.63158 3.78520012116281e-07
3548.13389233575390 47.36842 3.17943102265912e-07
3548.13389233575390 52.10526 2.56131301868379e-07
3548.13389233575390 56.84211 1.95768738326846e-07
3548.13389233575390 61.57895 1.39502493064244e-07
3548.13389233575390 66.31579 9.02127465000353e-08
3548.13389233575390 71.05263 5.08163513619058e-08
3548.13389233575390 75.78947 2.30708993702871e-08
3548.13389233575390 80.52632 7.22676192021843e-09
3548.13389233575390 85.26316 1.16538451195656e-09
3548.13389233575390 90.00000 4.89521144443813e-11
4466.83592150962795 0.00000 4.77117995871877e-07
4466.83592150962795 4.73684 4.74637148714998e-07
4466.83592150962795 9.47368 4.67031174197928e-07
4466.83592150962795 14.21053 4.54591818594498e-07
4466.83592150962795 18.94737 4.37346184664980e-07
4466.83592150962795 23.68421 4.15532519395590e-07
4466.83592150962795 28.42105 3.88744842500545e-07
4466.83592150962795 33.15789 3.57660879816601e-07
4466.83592150962795 37.89474 3.22857744204041e-07
4466.83592150962795 42.63158 2.84443204450413e-07
4466.83592150962795 47.36842 2.43213273987958e-07
4466.83592150962795 52.10526 2.00310068926998e-07
4466.83592150962795 56.84211 1.57271685612315e-07
4466.83592150962795 61.57895 1.15611875970663e-07
4466.83592150962795 66.31579 7.75869786206532e-08
4466.83592150962795 71.05263 4.56613566248314e-08
4466.83592150962795 75.78947 2.16922506430744e-08
4466.83592150962795 80.52632 7.15280929115563e-09
4466.83592150962795 85.26316 1.21012985495331e-09
4466.83592150962795 90.00000 5.23633618165639e-11
5623.41325190348834 0.00000 3.20470521359718e-07
5623.41325190348834 4.73684 3.18993400125734e-07
5623.41325190348834 9.47368 3.14632975851804e-07
5623.41325190348834 14.21053 3.07390564068921e-07
5623.41325190348834 18.94737 2.97332227076528e-07
5623.41325190348834 23.68421 2.84429785616822e-07
5623.41325190348834 28.42105 2.68492125181069e-07
5623.41325190348834 33.15789 2.49714368062413e-07
5623.41325190348834 37.89474 2.28388693970696e-07
5623.41325190348834 42.63158 2.04498833151748e-07
5623.41325190348834 47.36842 1.78284157940395e-07
5623.41325190348834 52.10526 1.50273796950383e-07
5623.41325190348834 56.84211 1.21392504375475e-07
5623.41325190348834 61.57895 9.22434790317768e-08
5623.41325190348834 66.31579 6.44022046253916e-08
5623.41325190348834 71.05263 3.95726133824416e-08
5623.41325190348834 75.78947 1.97466031555395e-08
5623.41325190348834 80.52632 6.90097298716866e-09
5623.41325190348834 85.26316 1.23747393215424e-09
5623.41325190348834 90.00000 5.56091825704312e-11
7079.45784384137460 0.00000 2.07388064536713e-07
7079.45784384137460 4.73684 2.06567201857450e-07
7079.45784384137460 9.47368 2.04200938242269e-07
7079.45784384137460 14.21053 2.00345749958277e-07
7079.45784384137460 18.94737 1.94830615540689e-07
7079.45784384137460 23.68421 1.87685489732912e-07
7079.45784384137460 28.42105 1.78841607135627e-07
7079.45784384137460 33.15789 1.68274090486412e-07
7079.45784384137460 37.89474 1.56021066426413e-07
7079.45784384137460 42.63158 1.42001795899948e-07
7079.45784384137460 47.36842 1.26303033135262e-07
7079.45784384137460 52.10526 1.08985680733864e-07
7079.45784384137460 56.84211 9.04993269157161e-08
7079.45784384137460 61.57895 7.10142521723315e-08
7079.45784384137460 66.31579 5.14533102946346e-08
7079.45784384137460 71.05263 3.30495558429679e-08
7079.45784384137460 75.78947 1.73847026100270e-08
7079.45784384137460 80.52632 6.48007262941677e-09
7079.45784384137460 85.26316 1.24320474292277e-09
7079.45784384137460 90.00000 5.86920735799987e-11
8912.50938133744603 0.00000 1.31408970759549e-07
8912.50938133744603 4.73684 1.31008864543735e-07
8912.50938133744603 9.47368 1.29768962912217e-07
8912.50938133744603 14.21053 1.27727151944962e-07
8912.50938133744603 18.94737 1.24855765981478e-07
8912.50938133744603 23.68421 1.21071008251467e-07
8912.50938133744603 28.42105 1.16312444024853e-07
8912.50938133744603 33.15789 1.10567421391893e-07
8912.50938133744603 37.89474 1.03799597244703e-07
8912.50938133744603 42.63158 9.58502302275418e-08
8912.50938133744603 47.36842 8.67664223530907e-08
8912.50938133744603 52.10526 7.64127732308431e-08
8912.50938133744603 56.84211 6.49596243920468e-08
8912.50938133744603 61.57895 5.25041866889136e-08
8912.50938133744603 66.31579 3.94237452424818e-08
8912.50938133744603 71.05263 2.64621114486470e-08
8912.50938133744603 75.78947 1.47570213530901e-08
8912.50938133744603 80.52632 5.89480331043970e-09
8912.50938133744603 85.26316 1.22383979879928e-09
8912.50938133744603 90.00000 6.14124688929731e-11
11220.18454301962447 0.00000 8.11288780529838e-08
11220.18454301962447 4.73684 8.09184556380399e-08
11220.18454301962447 9.47368 8.02961008016602e-08
11220.18454301962447 14.21053 7.92474852512272e-08
11220.18454301962447 18.94737 7.77525112098000e-08
11220.18454301962447 23.68421 7.58137222456324e-08
11220.18454301962447 28.42105 7.33234488828094e-08
11220.18454301962447 33.15789 7.02673765721813e-08
11220.18454301962447 37.89474 6.66290034240248e-08
11220.18454301962447 42.63158 6.22880935925634e-08
11220.18454301962447 47.36842 5.72069708457441e-08
11220.18454301962447 52.10526 5.13208392648509e-08
11220.18454301962447 56.84211 4.46027358482503e-08
11220.18454301962447 61.57895 3.70905605765968e-08
11220.18454301962447 66.31579 2.88526274361875e-08
11220.18454301962447 71.05263 2.02911955329704e-08
11220.18454301962447 75.78947 1.20154664236232e-08
11220.18454301962447 80.52632 5.18192848660886e-09
11220.18454301962447 85.26316 1.17471516006284e-09
11220.18454301962447 90.00000 6.35499732593111e-11
14125.37544622752648 0.00000 4.80572951077847e-08
14125.37544622752648 4.73684 4.79630740482114e-08
14125.37544622752648 9.47368 4.76624994809460e-08
14125.37544622752648 14.21053 4.71669951559233e-08
14125.37544622752648 18.94737 4.64598389291974e-08
14125.37544622752648 23.68421 4.55332910558740e-08
14125.37544622752648 28.42105 4.43242227835129e-08
14125.37544622752648 33.15789 4.28141752375737e-08
14125.37544622752648 37.89474 4.10012802079359e-08
14125.37544622752648 42.63158 3.88112879448172e-08
14125.37544622752648 47.36842 3.61702079272510e-08
14125.37544622752648 52.10526 3.30492244410186e-08
14125.37544622752648 56.84211 2.93984105004080e-08
14125.37544622752648 61.57895 2.51380234206538e-08
14125.37544622752648 66.31579 2.02808023743345e-08
14125.37544622752648 71.05263 1.49269397713872e-08
14125.37544622752648 75.78947 9.37505252308501e-09
14125.37544622752648 80.52632 4.37653933277975e-09
14125.37544622752648 85.26316 1.09474068584873e-09
14125.37544622752648 90.00000 6.48652437832353e-11
17782.79410038921196 0.00000 2.77780651683764e-08
17782.79410038921196 4.73684 2.77344163417979e-08
17782.79410038921196 9.47368 2.76054823449352e-08
17782.79410038921196 14.21053 2.73852611627869e-08
17782.79410038921196 18.94737 2.70738596634502e-08
17782.79410038921196 23.68421 2.66508463233632e-08
17782.79410038921196 28.42105 2.60978167289140e-08
17782.79410038921196 33.15789 2.54082331986979e-08
17782.79410038921196 37.89474 2.45527948746823e-08
17782.79410038921196 42.63158 2.34975353289450e-08
17782.79410038921196 47.36842 2.22082388794110e-08
17782.79410038921196 52.10526 2.06316757123796e-08
17782.79410038921196 56.84211 1.87286425097973e-08
17782.79410038921196 61.57895 1.64361407306117e-08
17782.79410038921196 66.31579 1.37088271889419e-08
17782.79410038921196 71.05263 1.05349488806108e-08
17782.79410038921196 75.78947 7.01820692357622e-09
17782.79410038921196 80.52632 3.54514926276583e-09
17782.79410038921196 85.26316 9.87433092923494e-10
17782.79410038921196 90.00000 6.51790027595252e-11
22387.21138568340029 0.00000 1.56110411431813e-08
22387.21138568340029 4.73684 1.55948823163964e-08
22387.21138568340029 9.47368 1.55411026511446e-08
22387.21138568340029 14.21053 1.54550455831252e-08
22387.21138568340029 18.94737 1.53232376852220e-08
22387.21138568340029 23.68421 1.51504795002444e-08
22387.21138568340029 28.42105 1.49160029894274e-08
22387.21138568340029 33.15789 1.46213700680758e-08
22387.21138568340029 37.89474 1.42476232897621e-08
22387.21138568340029 42.63158 1.37748113135188e-08
22387.21138568340029 47.36842 1.31806282444788e-08
22387.21138568340029 52.10526 1.24328259872385e-08
22387.21138568340029 56.84211 1.15085911294291e-08
22387.21138568340029 61.57895 1.03419864147188e-08
22387.21138568340029 66.31579 8.89300201785824e-09
22387.21138568340029 71.05263 7.12520476316300e-09
22387.21138568340029 75.78947 5.02177895995670e-09
22387.21138568340029 80.52632 2.75566498588195e-09
22387.21138568340029 85.26316 8.57151300485010e-10
22387.21138568340029 90.00000 6.42775036747254e-11
28183.82931264454965 0.00000 8.56141887920532e-09
28183.82931264454965 4.73684 8.55682318130258e-09
28183.82931264454965 9.47368 8.53825884157908e-09
28183.82931264454965 14.21053 8.50622091376381e-09
28183.82931264454965 18.94737 8.45923067894518e-09
28183.82931264454965 23.68421 8.39896726383363e-09
28183.82931264454965 28.42105 8.30959112038366e-09
28183.82931264454965 33.15789 8.19540266370789e-09
28183.82931264454965 37.89474 8.04983138714958e-09
28183.82931264454965 42.63158 7.85613200797722e-09
28183.82931264454965 47.36842 7.60177209745515e-09
28183.82931264454965 52.10526 7.27430556612457e-09
28183.82931264454965 56.84211 6.84941537077452e-09
28183.82931264454965 61.57895 6.29440163323216e-09
28183.82931264454965 66.31579 5.57262078480384e-09
28183.82931264454965 71.05263 4.63741140745432e-09
28183.82931264454965 75.78947 3.45169183098083e-09
28183.82931264454965 80.52632 2.04700235500603e-09
28183.82931264454965 85.26316 7.17721144054955e-10
28183.82931264454965 90.00000 6.20041895364398e-11
35481.33892335752898 0.00000 4.59612236930190e-09
35481.33892335752898 4.73684 4.59537161046279e-09
35481.33892335752898 9.47368 4.59065839838646e-09
35481.33892335752898 14.21053 4.58166203461956e-09
35481.33892335752898 18.94737 4.56956918039252e-09
35481.33892335752898 23.68421 4.55339010509547e-09
35481.33892335752898 28.42105 4.52601779933620e-09
35481.33892335752898 33.15789 4.49013222172541e-09
35481.33892335752898 37.89474 4.44050098330959e-09
35481.33892335752898 42.63158 4.37106845219170e-09
35481.33892335752898 47.36842 4.27561271722027e-09
35481.33892335752898 52.10526 4.14408246644395e-09
35481.33892335752898 56.84211 3.96552482128076e-09
35481.33892335752898 61.57895 3.71867318892085e-09
35481.33892335752898 66.31579 3.37882298076038e-09
35481.33892335752898 71.05263 2.91453553937094e-09
35481.33892335752898 75.78947 2.27980069341801e-09
35481.33892335752898 80.52632 1.45819054998427e-09
35481.33892335752898 85.26316 5.77133162041573e-10
35481.33892335752898 90.00000 5.83287987664456e-11
44668.35921509625769 0.00000 2.42246812523915e-09
44668.35921509625769 4.73684 2.42252301311910e-09
44668.35921509625769 9.47368 2.42278145798775e-09
44668.35921509625769 14.21053 2.42287140373645e-09
44668.35921509625769 18.94737 2.42267701932675e-09
44668.35921509625769 23.68421 2.42140729067584e-09
44668.35921509625769 28.42105 2.41781257788702e-09
44668.35921509625769 33.15789 2.41103126442363e-09
44668.35921509625769 37.89474 2.39927918478074e-09
44668.35921509625769 42.63158 2.38059772300774e-09
44668.35921509625769 47.36842 2.35083832690899e-09
44668.35921509625769 52.10526 2.30511593561257e-09
44668.35921509625769 56.84211 2.23883437724409e-09
44668.35921509625769 61.57895 2.13782076723558e-09
44668.35921509625769 66.31579 1.98999635043885e-09
44668.35921509625769 71.05263 1.77229750781364e-09
44668.35921509625769 75.78947 1.45217796191260e-09
44668.35921509625769 80.52632 9.98302895764155e-10
44668.35921509625769 85.26316 4.44062810251208e-10
44668.35921509625769 90.00000 5.32929969852983e-11
56234.13251903485070 0.00000 1.25466735707954e-09
56234.13251903485070 4.73684 1.25519811969335e-09
56234.13251903485070 9.47368 1.25642349563562e-09
56234.13251903485070 14.21053 1.25855788002813e-09
56234.13251903485070 18.94737 1.26133327896169e-09
56234.13251903485070 23.68421 1.26460989825118e-09
56234.13251903485070 28.42105 1.26768892450819e-09
56234.13251903485070 33.15789 1.27021611908386e-09
56234.13251903485070 37.89474 1.27185124373396e-09
56234.13251903485070 42.63158 1.27103501986508e-09
56234.13251903485070 47.36842 1.26626085826108e-09
56234.13251903485070 52.10526 1.25500874108900e-09
56234.13251903485070 56.84211 1.23523988337498e-09
56234.13251903485070 61.57895 1.19955621986973e-09
56234.13251903485070 66.31579 1.14094331799568e-09
56234.13251903485070 71.05263 1.04666288367155e-09
56234.13251903485070 75.78947 8.94788172188339e-10
56234.13251903485070 80.52632 6.57243500034187e-10
56234.13251903485070 85.26316 3.27824938636246e-10
56234.13251903485070 90.00000 4.71479004625551e-11
70794.57843841373688 0.00000 6.39882096268572e-10
70794.57843841373688 4.73684 6.40304237683163e-10
70794.57843841373688 9.47368 6.41588892459614e-10
70794.57843841373688 14.21053 6.43663225084756e-10
70794.57843841373688 18.94737 6.46554550787236e-10
70794.57843841373688 23.68421 6.50104710922345e-10
70794.57843841373688 28.42105 6.54131677047529e-10
70794.57843841373688 33.15789 6.58503222594636e-10
70794.57843841373688 37.89474 6.63085432919122e-10
70794.57843841373688 42.63158 6.67070002572035e-10
70794.57843841373688 47.36842 6.70155925678286e-10
70794.57843841373688 52.10526 6.70985570821865e-10
70794.57843841373688 56.84211 6.68342326756329e-10
70794.57843841373688 61.57895 6.59396810105512e-10
70794.57843841373688 66.31579 6.39901666296454e-10
70794.57843841373688 71.05263 6.03150681207198e-10
70794.57843841373688 75.78947 5.36215125494940e-10
70794.57843841373688 80.52632 4.18325266052767e-10
70794.57843841373688 85.26316 2.32067059430424e-10
70794.57843841373688 90.00000 4.02119898990832e-11
89125.09381337449304 0.00000 3.21712301331129e-10
89125.09381337449304 4.73684 3.22037496930548e-10
89125.09381337449304 9.47368 3.22934160609299e-10
89125.09381337449304 14.21053 3.24458975987297e-10
89125.09381337449304 18.94737 3.26577612160326e-10
89125.09381337449304 23.68421 3.29282006121908e-10
89125.09381337449304 28.42105 3.32477735309116e-10
89125.09381337449304 33.15789 3.36198824504896e-10
89125.09381337449304 37.89474 3.40245076252895e-10
89125.09381337449304 42.63158 3.44559053404437e-10
89125.09381337449304 47.36842 3.48712161872867e-10
89125.09381337449304 52.10526 3.52517028356871e-10
89125.09381337449304 56.84211 3.55115512840222e-10
89125.09381337449304 61.57895 3.55490666641367e-10
89125.09381337449304 66.31579 3.51528665325038e-10
89125.09381337449304 71.05263 3.39521809030200e-10
89125.09381337449304 75.78947 3.12571062029505e-10
89125.09381337449304 80.52632 2.57877040373186e-10
89125.09381337449304 85.26316 1.57709424842499e-10
89125.09381337449304 90.00000 3.29631730171524e-11
112201.84543019630655 0.00000 1.59696652693233e-10
112201.84543019630655 4.73684 1.59890925608500e-10
112201.84543019630655 9.47368 1.60477856946564e-10
112201.84543019630655 14.21053 1.61447477762402e-10
112201.84543019630655 18.94737 1.62821357520229e-10
112201.84543019630655 23.68421 1.64579928126705e-10
112201.84543019630655 28.42105 1.66713785640788e-10
112201.84543019630655 33.15789 1.69236250696413e-10
112201.84543019630655 37.89474 1.72102068588097e-10
112201.84543019630655 42.63158 1.75321017973436e-10
112201.84543019630655 47.36842 1.78740422788440e-10
112201.84543019630655 52.10526 1.82262882093114e-10
112201.84543019630655 56.84211 1.85650749574685e-10
112201.84543019630655 61.57895 1.88303033371425e-10
112201.84543019630655 66.31579 1.89465436899695e-10
112201.84543019630655 71.05263 1.87238800992098e-10
112201.84543019630655 75.78947 1.77940133260112e-10
112201.84543019630655 80.52632 1.54446078741053e-10
112201.84543019630655 85.26316 1.03678478405852e-10
112201.84543019630655 90.00000 2.58801795851805e-11
141253.75446227524662 0.00000 7.83342945822955e-11
141253.75446227524662 4.73684 7.84532489855157e-11
141253.75446227524662 9.47368 7.87938508868682e-11
141253.75446227524662 14.21053 7.93712619034134e-11
141253.75446227524662 18.94737 8.01979729292881e-11
141253.75446227524662 23.68421 8.12407448014005e-11
141253.75446227524662 28.42105 8.25620080973494e-11
141253.75446227524662 33.15789 8.41098019633958e-11
141253.75446227524662 37.89474 8.59376165706850e-11
141253.75446227524662 42.63158 8.80331330168023e-11
141253.75446227524662 47.36842 9.03719081235804e-11
141253.75446227524662 52.10526 9.29187288487748e-11
141253.75446227524662 56.84211 9.56024380567403e-11
141253.75446227524662 61.57895 9.82216177113451e-11
141253.75446227524662 66.31579 1.00453377658864e-10
141253.75446227524662 71.05263 1.01434267753291e-10
141253.75446227524662 75.78947 9.93745313406715e-11
141253.75446227524662 80.52632 9.03907118866442e-11
141253.75446227524662 85.26316 6.59667206451656e-11
141253.75446227524662 90.00000 1.94279705780130e-11
177827.94100389210507 0.00000 3.80760050328262e-11
177827.94100389210507 4.73684 3.81406359135128e-11
177827.94100389210507 9.47368 3.83353136393876e-11
177827.94100389210507 14.21053 3.86595581205160e-11
177827.94100389210507 18.94737 3.91216864258290e-11
177827.94100389210507 23.68421 3.97260808457245e-11
177827.94100389210507 28.42105 4.04762062233486e-11
177827.94100389210507 33.15789 4.13875253641232e-11
177827.94100389210507 37.89474 4.24678283089045e-11
177827.94100389210507 42.63158 4.37275012693711e-11
177827.94100389210507 47.36842 4.51727418071885e-11
177827.94100389210507 52.10526 4.68040831083226e-11
177827.94100389210507 56.84211 4.86100858846524e-11
177827.94100389210507 61.57895 5.05512343662859e-11
177827.94100389210507 66.31579 5.24728746708130e-11
177827.94100389210507 71.05263 5.40655424575059e-11
177827.94100389210507 75.78947 5.45044407751372e-11
177827.94100389210507 80.52632 5.16701054705237e-11
177827.94100389210507 85.26316 4.05547771712692e-11
177827.94100389210507 90.00000 1.39256890658627e-11
223872.11385683377739 0.00000 1.82677995202687e-11
223872.11385683377739 4.73684 1.83013306190580e-11
223872.11385683377739 9.47368 1.84058373785054e-11
223872.11385683377739 14.21053 1.85838775097731e-11
223872.11385683377739 18.94737 1.88303306005052e-11
223872.11385683377739 23.68421 1.91606556299274e-11
223872.11385683377739 28.42105 1.95712976337007e-11
223872.11385683377739 33.15789 2.00748112438325e-11
223872.11385683377739 37.89474 2.06779717029984e-11
223872.11385683377739 42.63158 2.13900314330469e-11
223872.11385683377739 47.36842 2.22213701370401e-11
223872.11385683377739 52.10526 2.31902344337282e-11
223872.11385683377739 56.84211 2.42992920950785e-11
223872.11385683377739 61.57895 2.55411384500310e-11
223872.11385683377739 66.31579 2.68790196286000e-11
223872.11385683377739 71.05263 2.82108870982462e-11
223872.11385683377739 75.78947 2.91635677017755e-11
223872.11385683377739 80.52632 2.87386979192443e-11
223872.11385683377739 85.26316 2.41043948981135e-11
223872.11385683377739 90.00000 9.54678320872296e-12
281838.29312644520542 0.00000 8.65329817048607e-12
281838.29312644520542 4.73684 8.67161830976326e-12
281838.29312644520542 9.47368 8.72545450580086e-12
281838.29312644520542 14.21053 8.81659016779909e-12
281838.29312644520542 18.94737 8.94711237146092e-12
281838.29312644520542 23.68421 9.11818864697213e-12
281838.29312644520542 28.42105 9.33606958102972e-12
281838.29312644520542 33.15789 9.60140205986233e-12
281838.29312644520542 37.89474 9.92449999028597e-12
281838.29312644520542 42.63158 1.03101548657828e-11
281838.29312644520542 47.36842 1.07663038785652e-11
281838.29312644520542 52.10526 1.13067872205324e-11
281838.29312644520542 56.84211 1.19409412376197e-11
281838.29312644520542 61.57895 1.26774394505579e-11
281838.29312644520542 66.31579 1.35157892144910e-11
281838.29312644520542 71.05263 1.44256005908298e-11
281838.29312644520542 75.78947 1.52680746079080e-11
281838.29312644520542 80.52632 1.55920428394695e-11
281838.29312644520542 85.26316 1.38532263145018e-11
281838.29312644520542 90.00000 6.28021271670380e-12
354813.38923357531894 0.00000 4.04662443809625e-12
354813.38923357531894 4.73684 4.05570501317915e-12
354813.38923357531894 9.47368 4.08305405590305e-12
354813.38923357531894 14.21053 4.12895112739712e-12
354813.38923357531894 18.94737 4.19488536672573e-12
354813.38923357531894 23.68421 4.28213465800618e-12
354813.38923357531894 28.42105 4.39244275086961e-12
354813.38923357531894 33.15789 4.52928217061476e-12
354813.38923357531894 37.89474 4.69593145051395e-12
354813.38923357531894 42.63158 4.89662419352345e-12
354813.38923357531894 47.36842 5.13756106033760e-12
354813.38923357531894 52.10526 5.42684882814073e-12
354813.38923357531894 56.84211 5.77189549921352e-12
354813.38923357531894 61.57895 6.18342203104709e-12
354813.38923357531894 66.31579 6.66973935988239e-12
354813.38923357531894 71.05263 7.23164213336636e-12
354813.38923357531894 75.78947 7.82700065031350e-12
354813.38923357531894 80.52632 8.24993707199820e-12
354813.38923357531894 85.26316 7.74537442416474e-12
354813.38923357531894 90.00000 3.96402493384433e-12
446683.59215096256230 0.00000 1.87935897790037e-12
446683.59215096256230 4.73684 1.88388617542686e-12
446683.59215096256230 9.47368 1.89731811844372e-12
446683.59215096256230 14.21053 1.92006349102753e-12
446683.59215096256230 18.94737 1.95258077602346e-12
446683.59215096256230 23.68421 1.99617847188072e-12
446683.59215096256230 28.42105 2.05089859280429e-12
446683.59215096256230 33.15789 2.11974419442264e-12
446683.59215096256230 37.89474 2.20352312322901e-12
446683.59215096256230 42.63158 2.30548318093788e-12
446683.59215096256230 47.36842 2.42882871393603e-12
446683.59215096256230 52.10526 2.57873103811402e-12
446683.59215096256230 56.84211 2.76063691346176e-12
446683.59215096256230 61.57895 2.98103106768430e-12
446683.59215096256230 66.31579 3.25031658757459e-12
446683.59215096256230 71.05263 3.57449089984766e-12
446683.59215096256230 75.78947 3.94479017715782e-12
446683.59215096256230 80.52632 4.28650623599035e-12
446683.59215096256230 85.26316 4.23051254903126e-12
446683.59215096256230 90.00000 2.40543680763941e-12
562341.32519034796860 0.00000 8.66786841145720e-13
562341.32519034796860 4.73684 8.69020146984853e-13
562341.32519034796860 9.47368 8.75542296590795e-13
562341.32519034796860 14.21053 8.86488356081857e-13
562341.32519034796860 18.94737 9.02383402249040e-13
562341.32519034796860 23.68421 9.23624981174182e-13
562341.32519034796860 28.42105 9.50416262081642e-13
562341.32519034796860 33.15789 9.84157879412831e-13
562341.32519034796860 37.89474 1.02556262525149e-12
562341.32519034796860 42.63158 1.07612498979729e-12
562341.32519034796860 47.36842 1.13780204685185e-12
562341.32519034796860 52.10526 1.21339336938084e-12
562341.32519034796860 56.84211 1.30642006823665e-12
562341.32519034796860 61.57895 1.42091235659570e-12
562341.32519034796860 66.31579 1.56393499637968e-12
562341.32519034796860 71.05263 1.74193766273405e-12
562341.32519034796860 75.78947 1.95673603914495e-12
562341.32519034796860 80.52632 2.18683378987093e-12
562341.32519034796860 85.26316 2.25388171551275e-12
562341.32519034796860 90.00000 1.40375221408482e-12
707945.78438413667027 0.00000 3.97437236297686e-13
707945.78438413667027 4.73684 3.98478097980031e-13
707945.78438413667027 9.47368 4.01613443541764e-13
707945.78438413667027 14.21053 4.06898130565088e-13
707945.78438413667027 18.94737 4.14499390165303e-13
707945.78438413667027 23.68421 4.24699860831346e-13
707945.78438413667027 28.42105 4.37615604322362e-13
707945.78438413667027 33.15789 4.53913250143703e-13
707945.78438413667027 37.89474 4.73980001362234e-13
707945.78438413667027 42.63158 4.98671030012640e-13
707945.78438413667027 47.36842 5.28920110721721e-13
707945.78438413667027 52.10526 5.66249659597085e-13
707945.78438413667027 56.84211 6.12666141847242e-13
707945.78438413667027 61.57895 6.70741979433153e-13
707945.78438413667027 66.31579 7.44354933374959e-13
707945.78438413667027 71.05263 8.38566045186379e-13
707945.78438413667027 75.78947 9.57823230750360e-13
707945.78438413667027 80.52632 1.09636999109448e-12
707945.78438413667027 85.26316 1.17580648542218e-12
707945.78438413667027 90.00000 7.91816335777639e-13
891250.93813374498859 0.00000 1.80940528746443e-13
891250.93813374498859 4.73684 1.81434787629750e-13
891250.93813374498859 9.47368 1.82910410204307e-13
891250.93813374498859 14.21053 1.85410309274915e-13
891250.93813374498859 18.94737 1.89004948866204e-13
891250.93813374498859 23.68421 1.93827334581014e-13
891250.93813374498859 28.42105 1.99980349869099e-13
891250.93813374498859 33.15789 2.07733623351864e-13
891250.93813374498859 37.89474 2.17316417218990e-13
891250.93813374498859 42.63158 2.29139662939002e-13
891250.93813374498859 47.36842 2.43716359291203e-13
891250.93813374498859 52.10526 2.61841470544973e-13
891250.93813374498859 56.84211 2.84516820633365e-13
891250.93813374498859 61.57895 3.13207067827114e-13
891250.93813374498859 66.31579 3.50166555644045e-13
891250.93813374498859 71.05263 3.98407187980578e-13
891250.93813374498859 75.78947 4.61716917214685e-13
891250.93813374498859 80.52632 5.39626874996368e-13
891250.93813374498859 85.26316 5.99128174573792e-13
891250.93813374498859 90.00000 4.30203544407294e-13
1122018.45430196286179 0.00000 8.15340466121771e-14
1122018.45430196286179 4.73684 8.17625022905070e-14
1122018.45430196286179 9.47368 8.24504412945070e-14
1122018.45430196286179 14.21053 8.36121903958862e-14
1122018.45430196286179 18.94737 8.52916390013967e-14
1122018.45430196286179 23.68421 8.75314102632039e-14
1122018.45430196286179 28.42105 9.04137039345881e-14
1122018.45430196286179 33.15789 9.40349686168809e-14
1122018.45430196286179 37.89474 9.85375790060420e-14
1122018.45430196286179 42.63158 1.04106394548273e-13
1122018.45430196286179 47.36842 1.10992952319146e-13
1122018.45430196286179 52.10526 1.19626216508191e-13
1122018.45430196286179 56.84211 1.30482957776511e-13
1122018.45430196286179 61.57895 1.44327747416969e-13
1122018.45430196286179 66.31579 1.62402120451567e-13
1122018.45430196286179 71.05263 1.86373134238724e-13
1122018.45430196286179 75.78947 2.18622431596425e-13
1122018.45430196286179 80.52632 2.60488407862513e-13
1122018.45430196286179 85.26316 2.98361442529506e-13
1122018.45430196286179 90.00000 2.26185995450472e-13
1412537.54462275258265 0.00000 3.64164278478591e-14
1412537.54462275258265 4.73684 3.65215577630231e-14
1412537.54462275258265 9.47368 3.68366261049436e-14
1412537.54462275258265 14.21053 3.73704490633930e-14
1412537.54462275258265 18.94737 3.81413586530327e-14
1412537.54462275258265 23.68421 3.91722166233563e-14
1412537.54462275258265 28.42105 4.04995406203886e-14
1412537.54462275258265 33.15789 4.21697007678634e-14
1412537.54462275258265 37.89474 4.42523813962089e-14
1412537.54462275258265 42.63158 4.68374573386776e-14
1412537.54462275258265 47.36842 5.00427120166848e-14
1412537.54462275258265 52.10526 5.40791907025791e-14
1412537.54462275258265 56.84211 5.91828716964763e-14
1412537.54462275258265 61.57895 6.57479075176512e-14
1412537.54462275258265 66.31579 7.43912893905017e-14
1412537.54462275258265 71.05263 8.60307577853998e-14
1412537.54462275258265 75.78947 1.01996949208693e-13
1412537.54462275258265 80.52632 1.23654836877011e-13
1412537.54462275258265 85.26316 1.45314442271580e-13
1412537.54462275258265 90.00000 1.15614078971880e-13
1778279.41003891918808 0.00000 1.61395560062541e-14
1778279.41003891918808 4.73684 1.61871049957074e-14
1778279.41003891918808 9.47368 1.63302748076279e-14
1778279.41003891918808 14.21053 1.65723856327122e-14
1778279.41003891918808 18.94737 1.69227435079936e-14
1778279.41003891918808 23.68421 1.73919044428147e-14
1778279.41003891918808 28.42105 1.79948402253657e-14
1778279.41003891918808 33.15789 1.87579416123048e-14
1778279.41003891918808 37.89474 1.97092215015947e-14
1778279.41003891918808 42.63158 2.08942893746544e-14
1778279.41003891918808 47.36842 2.23675578547315e-14
1778279.41003891918808 52.10526 2.42282289213353e-14
1778279.41003891918808 56.84211 2.65941810999396e-14
1778279.41003891918808 61.57895 2.96563032381273e-14
1778279.41003891918808 66.31579 3.37214504858587e-14
1778279.41003891918808 71.05263 3.92592128366002e-14
1778279.41003891918808 75.78947 4.70075588102289e-14
1778279.41003891918808 80.52632 5.78103578848695e-14
1778279.41003891918808 85.26316 6.95312554800003e-14
1778279.41003891918808 90.00000 5.75820144842137e-14
2238721.13856833800673 0.00000 7.11604895305586e-15
2238721.13856833800673 4.73684 7.13725185654053e-15
2238721.13856833800673 9.47368 7.20169415382512e-15
2238721.13856833800673 14.21053 7.31109607448523e-15
2238721.13856833800673 18.94737 7.46885196816339e-15
2238721.13856833800673 23.68421 7.68014284159442e-15
2238721.13856833800673 28.42105 7.95190300677475e-15
2238721.13856833800673 33.15789 8.29718404199832e-15
2238721.13856833800673 37.89474 8.72814445934315e-15
2238721.13856833800673 42.63158 9.26532232189199e-15
2238721.13856833800673 47.36842 9.93599138144344e-15
2238721.13856833800673 52.10526 1.07855793262588e-14
2238721.13856833800673 56.84211 1.18701002091544e-14
2238721.13856833800673 61.57895 1.32811445827884e-14
2238721.13856833800673 66.31579 1.51687776465175e-14
2238721.13856833800673 71.05263 1.77631896288753e-14
2238721.13856833800673 75.78947 2.14487653634274e-14
2238721.13856833800673 80.52632 2.67097469694546e-14
2238721.13856833800673 85.26316 3.27881732659801e-14
2238721.13856833800673 90.00000 2.80685604865233e-14
2818382.93126445543021 0.00000 3.12768868739868e-15
2818382.93126445543021 4.73684 3.13717993800545e-15
2818382.93126445543021 9.47368 3.16599747244563e-15
2818382.93126445543021 14.21053 3.21491586981080e-15
2818382.93126445543021 18.94737 3.28542378319633e-15
2818382.93126445543021 23.68421 3.38018668297445e-15
2818382.93126445543021 28.42105 3.50220793258507e-15
2818382.93126445543021 33.15789 3.65702589206575e-15
2818382.93126445543021 37.89474 3.85105560153241e-15
2818382.93126445543021 42.63158 4.09298428262644e-15
2818382.93126445543021 47.36842 4.39595725976957e-15
2818382.93126445543021 52.10526 4.78061005895456e-15
2818382.93126445543021 56.84211 5.27356755051537e-15
2818382.93126445543021 61.57895 5.91840672205406e-15
2818382.93126445543021 66.31579 6.78531679472063e-15
2818382.93126445543021 71.05263 7.98762721623333e-15
2818382.93126445543021 75.78947 9.71389016729946e-15
2818382.93126445543021 80.52632 1.22301286442324e-14
2818382.93126445543021 85.26316 1.52730516460067e-14
2818382.93126445543021 90.00000 1.34241597972799e-14
3548133.89233575342223 0.00000 1.36105517946099e-15
3548133.89233575342223 4.73684 1.36528018934646e-15
3548133.89233575342223 9.47368 1.37799468151140e-15
3548133.89233575342223 14.21053 1.39954511637023e-15
3548133.89233575342223 18.94737 1.43071141081158e-15
3548133.89233575342223 23.68421 1.47269859582511e-15
3548133.89233575342223 28.42105 1.52669290512176e-15
3548133.89233575342223 33.15789 1.59534408632665e-15
3548133.89233575342223 37.89474 1.68142677863898e-15
3548133.89233575342223 42.63158 1.78905190448955e-15
3548133.89233575342223 47.36842 1.92398131484351e-15
3548133.89233575342223 52.10526 2.09589450003575e-15
3548133.89233575342223 56.84211 2.31673086726214e-15
3548133.89233575342223 61.57895 2.60688001180032e-15
3548133.89233575342223 66.31579 2.99891944832696e-15
3548133.89233575342223 71.05263 3.54653817369590e-15
3548133.89233575342223 75.78947 4.34174983558010e-15
3548133.89233575342223 80.52632 5.51900765300264e-15
3548133.89233575342223 85.26316 6.99234084433963e-15
3548133.89233575342223 90.00000 6.28177251083751e-15
4466835.92150962632149 0.00000 5.90335776668798e-16
4466835.92150962632149 4.73684 5.92190996091832e-16
4466835.92150962632149 9.47368 5.97778462670044e-16
4466835.92150962632149 14.21053 6.07244175622933e-16
4466835.92150962632149 18.94737 6.20949359967462e-16
4466835.92150962632149 23.68421 6.39415366111724e-16
4466835.92150962632149 28.42105 6.63169403049767e-16
4466835.92150962632149 33.15789 6.93446513913341e-16
4466835.92150962632149 37.89474 7.31414220415858e-16
4466835.92150962632149 42.63158 7.78991578354258e-16
4466835.92150962632149 47.36842 8.38739576355252e-16
4466835.92150962632149 52.10526 9.15063088995721e-16
4466835.92150962632149 56.84211 1.01336661298424e-15
4466835.92150962632149 61.57895 1.14289217610815e-15
4466835.92150962632149 66.31579 1.31889372809730e-15
4466835.92150962632149 71.05263 1.56615458786813e-15
4466835.92150962632149 75.78947 1.92848819552799e-15
4466835.92150962632149 80.52632 2.47261597944828e-15
4466835.92150962632149 85.26316 3.17346904213318e-15
4466835.92150962632149 90.00000 2.90890290617339e-15
5623413.25190347898751 0.00000 2.55761353343748e-16
5623413.25190347898751 4.73684 2.56569501874635e-16
5623413.25190347898751 9.47368 2.59017421407047e-16
5623413.25190347898751 14.21053 2.63172279334479e-16
5623413.25190347898751 18.94737 2.69178031537180e-16
5623413.25190347898751 23.68421 2.77264118221173e-16
5623413.25190347898751 28.42105 2.87698200588752e-16
5623413.25190347898751 33.15789 3.00986677716666e-16
5623413.25190347898751 37.89474 3.17674191483983e-16
5623413.25190347898751 42.63158 3.38624886570440e-16
5623413.25190347898751 47.36842 3.64973839028064e-16
5623413.25190347898751 52.10526 3.98687289485273e-16
5623413.25190347898751 56.84211 4.42262189788982e-16
5623413.25190347898751 61.57895 4.99807931338067e-16
5623413.25190347898751 66.31579 5.78321612208146e-16
5623413.25190347898751 71.05263 6.89294338215670e-16
5623413.25190347898751 75.78947 8.53125330996991e-16
5623413.25190347898751 80.52632 1.10215290676135e-15
5623413.25190347898751 85.26316 1.43064075073807e-15
5623413.25190347898751 90.00000 1.33210206887986e-15
7079457.84384137298912 0.00000 1.10922020259591e-16
7079457.84384137298912 4.73684 1.11277042362414e-16
7079457.84384137298912 9.47368 1.12347387713453e-16
7079457.84384137298912 14.21053 1.14162170628501e-16
7079457.84384137298912 18.94737 1.16794579621126e-16
7079457.84384137298912 23.68421 1.20332005436573e-16
7079457.84384137298912 28.42105 1.24907987069505e-16
7079457.84384137298912 33.15789 1.30734502628558e-16
7079457.84384137298912 37.89474 1.38059624691522e-16
7079457.84384137298912 42.63158 1.47261527331443e-16
7079457.84384137298912 47.36842 1.58856420114913e-16
7079457.84384137298912 52.10526 1.73721260259458e-16
7079457.84384137298912 56.84211 1.92971879942048e-16
7079457.84384137298912 61.57895 2.18468241646696e-16
7079457.84384137298912 66.31579 2.53375695713471e-16
7079457.84384137298912 71.05263 3.02950843549919e-16
7079457.84384137298912 75.78947 3.76692099983682e-16
7079457.84384137298912 80.52632 4.89868610521360e-16
7079457.84384137298912 85.26316 6.41874480689198e-16
7079457.84384137298912 90.00000 6.04980456565776e-16
8912509.38133745826781 0.00000 4.79255181685154e-17
8912509.38133745826781 4.73684 4.80800243004369e-17
8912509.38133745826781 9.47368 4.85454211874235e-17
8912509.38133745826781 14.21053 4.93343896288376e-17
8912509.38133745826781 18.94737 5.04790845518908e-17
8912509.38133745826781 23.68421 5.20199263470885e-17
8912509.38133745826781 28.42105 5.40117334242550e-17
8912509.38133745826781 33.15789 5.65503085407760e-17
8912509.38133745826781 37.89474 5.97456361126726e-17
8912509.38133745826781 42.63158 6.37615201242397e-17
8912509.38133745826781 47.36842 6.88304781537143e-17
8912509.38133745826781 52.10526 7.53372345988552e-17
8912509.38133745826781 56.84211 8.37784696968344e-17
8912509.38133745826781 61.57895 9.49855414973543e-17
8912509.38133745826781 66.31579 1.10378950518915e-16
8912509.38133745826781 71.05263 1.32327609089244e-16
8912509.38133745826781 75.78947 1.65147753788019e-16
8912509.38133745826781 80.52632 2.15973522980231e-16
8912509.38133745826781 85.26316 2.85278894494460e-16
8912509.38133745826781 90.00000 2.71035164074343e-16
11220184.54301963001490 0.00000 2.06073458255897e-17
11220184.54301963001490 4.73684 2.06739193259691e-17
11220184.54301963001490 9.47368 2.08749715696153e-17
11220184.54301963001490 14.21053 2.12160938971341e-17
11220184.54301963001490 18.94737 2.17102717243460e-17
11220184.54301963001490 23.68421 2.23766526597247e-17
11220184.54301963001490 28.42105 2.32376872473567e-17
11220184.54301963001490 33.15789 2.43361005590911e-17
11220184.54301963001490 37.89474 2.57195670202390e-17
11220184.54301963001490 42.63158 2.74599405617377e-17
11220184.54301963001490 47.36842 2.96587462734994e-17
11220184.54301963001490 52.10526 3.24846361340776e-17
11220184.54301963001490 56.84211 3.61559981634106e-17
11220184.54301963001490 61.57895 4.10422714482390e-17
11220184.54301963001490 66.31579 4.77694272243651e-17
11220184.54301963001490 71.05263 5.73965531135579e-17
11220184.54301963001490 75.78947 7.18626655714384e-17
11220184.54301963001490 80.52632 9.44316716152458e-17
11220184.54301963001490 85.26316 1.25562972610688e-16
11220184.54301963001490 90.00000 1.20159234913446e-16
14125375.44622752629220 0.00000 8.84422190350888e-18
14125375.44622752629220 4.73684 8.87291559288118e-18
14125375.44622752629220 9.47368 8.95943840746069e-18
14125375.44622752629220 14.21053 9.10619013727292e-18
14125375.44622752629220 18.94737 9.31904477312731e-18
14125375.44622752629220 23.68421 9.60597124968025e-18
14125375.44622752629220 28.42105 9.97697189912244e-18
14125375.44622752629220 33.15789 1.04505252268530e-17
14125375.44622752629220 37.89474 1.10473119887907e-17
14125375.44622752629220 42.63158 1.17984907914950e-17
14125375.44622752629220 47.36842 1.27484523495028e-17
14125375.44622752629220 52.10526 1.39706779827635e-17
14125375.44622752629220 56.84211 1.55606384293381e-17
14125375.44622752629220 61.57895 1.76808372047008e-17
14125375.44622752629220 66.31579 2.06063402898700e-17
14125375.44622752629220 71.05263 2.48061310772428e-17
14125375.44622752629220 75.78947 3.11461279383866e-17
14125375.44622752629220 80.52632 4.11058330012519e-17
14125375.44622752629220 85.26316 5.50016606189798e-17
14125375.44622752629220 90.00000 5.30202456761663e-17
17782794.10038919001818 0.00000 3.80543048680559e-18
17782794.10038919001818 4.73684 3.81780301596455e-18
17782794.10038919001818 9.47368 3.85507475234509e-18
17782794.10038919001818 14.21053 3.91828259683663e-18
17782794.10038919001818 18.94737 4.01003551400175e-18
17782794.10038919001818 23.68421 4.13369675581647e-18
17782794.10038919001818 28.42105 4.29366791609814e-18
17782794.10038919001818 33.15789 4.49796283229557e-18
17782794.10038919001818 37.89474 4.75553208732800e-18
17782794.10038919001818 42.63158 5.08000301995882e-18
17782794.10038919001818 47.36842 5.49059341132079e-18
17782794.10038919001818 52.10526 6.01930165979981e-18
17782794.10038919001818 56.84211 6.70807752017232e-18
17782794.10038919001818 61.57895 7.62770431262612e-18
17782794.10038919001818 66.31579 8.89929409241320e-18
17782794.10038919001818 71.05263 1.07299395849450e-17
17782794.10038919001818 75.78947 1.35032781102668e-17
17782794.10038919001818 80.52632 1.78870983466994e-17
17782794.10038919001818 85.26316 2.40676739831904e-17
17782794.10038919001818 90.00000 2.33464557516354e-17
22387211.38568333163857 0.00000 1.64221222706505e-18
22387211.38568333163857 4.73684 1.64755022653014e-18
22387211.38568333163857 9.47368 1.66362507060092e-18
22387211.38568333163857 14.21053 1.69088370216966e-18
22387211.38568333163857 18.94737 1.73047423223693e-18
22387211.38568333163857 23.68421 1.78382567997626e-18
22387211.38568333163857 28.42105 1.85286315750635e-18
22387211.38568333163857 33.15789 1.94107769021877e-18
22387211.38568333163857 37.89474 2.05232540141732e-18
22387211.38568333163857 42.63158 2.19255190618368e-18
22387211.38568333163857 47.36842 2.37009420006319e-18
22387211.38568333163857 52.10526 2.59888653452290e-18
22387211.38568333163857 56.84211 2.89717190211924e-18
22387211.38568333163857 61.57895 3.29597187593060e-18
22387211.38568333163857 66.31579 3.84829207338726e-18
22387211.38568333163857 71.05263 4.64506279000538e-18
22387211.38568333163857 75.78947 5.85621319627466e-18
22387211.38568333163857 80.52632 7.77819178028141e-18
22387211.38568333163857 85.26316 1.05049853436635e-17
22387211.38568333163857 90.00000 1.02043011780769e-17
28183829.31264449656010 0.00000 7.02438398089493e-19
28183829.31264449656010 4.73684 7.04713529529342e-19
28183829.31264449656010 9.47368 7.11569981813655e-19
28183829.31264449656010 14.21053 7.23203124867878e-19
28183829.31264449656010 18.94737 7.40088435260080e-19
28183829.31264449656010 23.68421 7.62858007799477e-19
28183829.31264449656010 28.42105 7.92317703120240e-19
28183829.31264449656010 33.15789 8.29979573570439e-19
28183829.31264449656010 37.89474 8.77490302073064e-19
28183829.31264449656010 42.63158 9.37400883949270e-19
28183829.31264449656010 47.36842 1.01328420231649e-18
28183829.31264449656010 52.10526 1.11113842195931e-18
28183829.31264449656010 56.84211 1.23880215161409e-18
28183829.31264449656010 61.57895 1.40965308300884e-18
28183829.31264449656010 66.31579 1.64655583125759e-18
28183829.31264449656010 71.05263 1.98891864970256e-18
28183829.31264449656010 75.78947 2.51061097593080e-18
28183829.31264449656010 80.52632 3.34135629215651e-18
28183829.31264449656010 85.26316 4.52514085347762e-18
28183829.31264449656010 90.00000 4.39665781081356e-18
35481338.92335753142834 0.00000 3.00384429792509e-19
35481338.92335753142834 4.73684 3.01350530283714e-19
35481338.92335753142834 9.47368 3.04269812358608e-19
35481338.92335753142834 14.21053 3.09225758230831e-19
35481338.92335753142834 18.94737 3.16408932492725e-19
35481338.92335753142834 23.68421 3.26108490550567e-19
35481338.92335753142834 28.42105 3.38655382363089e-19
35481338.92335753142834 33.15789 3.54695417201472e-19
35481338.92335753142834 37.89474 3.74939520395762e-19
35481338.92335753142834 42.63158 4.00480390882287e-19
35481338.92335753142834 47.36842 4.32837737886405e-19
35481338.92335753142834 52.10526 4.74592716030224e-19
35481338.92335753142834 56.84211 5.29099696687237e-19
35481338.92335753142834 61.57895 6.02111029827949e-19
35481338.92335753142834 66.31579 7.03467565317918e-19
35481338.92335753142834 71.05263 8.50175001347666e-19
35481338.92335753142834 75.78947 1.07423291670096e-18
35481338.92335753142834 80.52632 1.43225562827672e-18
35481338.92335753142834 85.26316 1.94560752530125e-18
35481338.92335753142834 90.00000 1.89851427508442e-18
44668359.21509625762701 0.00000 1.29151856649514e-19
44668359.21509625762701 4.73684 1.29565692852040e-19
44668359.21509625762701 9.47368 1.30812387021883e-19
44668359.21509625762701 14.21053 1.32926174886712e-19
44668359.21509625762701 18.94737 1.35997682606484e-19
44668359.21509625762701 23.68421 1.40138660629509e-19
44668359.21509625762701 28.42105 1.45502871682203e-19
44668359.21509625762701 33.15789 1.52357213887705e-19
44668359.21509625762701 37.89474 1.61011014286927e-19
44668359.21509625762701 42.63158 1.71931683866104e-19
44668359.21509625762701 47.36842 1.85772605656307e-19
44668359.21509625762701 52.10526 2.03638996263875e-19
44668359.21509625762701 56.84211 2.26976823999644e-19
44668359.21509625762701 61.57895 2.58259707891637e-19
44668359.21509625762701 66.31579 3.01729020043531e-19
44668359.21509625762701 71.05263 3.64725089364670e-19
44668359.21509625762701 75.78947 4.61121887334625e-19
44668359.21509625762701 80.52632 6.15539390165068e-19
44668359.21509625762701 85.26316 8.37806643535284e-19
44668359.21509625762701 90.00000 8.18117120492578e-19
56234132.51903479546309 0.00000 5.53898334138275e-20
56234132.51903479546309 4.73684 5.55666331024665e-20
56234132.51903479546309 9.47368 5.60958067204813e-20
56234132.51903479546309 14.21053 5.69922237259668e-20
56234132.51903479546309 18.94737 5.82981105778257e-20
56234132.51903479546309 23.68421 6.00578567694809e-20
56234132.51903479546309 28.42105 6.23360470847174e-20
56234132.51903479546309 33.15789 6.52499548285962e-20
56234132.51903479546309 37.89474 6.89285174865270e-20
56234132.51903479546309 42.63158 7.35723792718730e-20
56234132.51903479546309 47.36842 7.94582557445423e-20
56234132.51903479546309 52.10526 8.70583366108318e-20
56234132.51903479546309 56.84211 9.69907114628855e-20
56234132.51903479546309 61.57895 1.10310932134474e-19
56234132.51903479546309 66.31579 1.28832312670331e-19
56234132.51903479546309 71.05263 1.55696599130292e-19
56234132.51903479546309 75.78947 1.96854123326386e-19
56234132.51903479546309 80.52632 2.62895593533390e-19
56234132.51903479546309 85.26316 3.58051381214852e-19
56234132.51903479546309 90.00000 3.48854467173215e-19
70794578.43841359019279 0.00000 2.36714218456181e-20
70794578.43841359019279 4.73684 2.37461918731676e-20
70794578.43841359019279 9.47368 2.39694831225953e-20
70794578.43841359019279 14.21053 2.43476361511220e-20
70794578.43841359019279 18.94737 2.48989535306331e-20
70794578.43841359019279 23.68421 2.56417418940787e-20
70794578.43841359019279 28.42105 2.66030848885491e-20
70794578.43841359019279 33.15789 2.78342081401795e-20
70794578.43841359019279 37.89474 2.93877297623001e-20
70794578.43841359019279 42.63158 3.13486921487710e-20
70794578.43841359019279 47.36842 3.38356980012051e-20
70794578.43841359019279 52.10526 3.70480774679103e-20
70794578.43841359019279 56.84211 4.12468947479368e-20
70794578.43841359019279 61.57895 4.68799419689305e-20
70794578.43841359019279 66.31579 5.47172218767700e-20
70794578.43841359019279 71.05263 6.60948110039318e-20
70794578.43841359019279 75.78947 8.35453233248732e-20
70794578.43841359019279 80.52632 1.11589787282646e-19
70794578.43841359019279 85.26316 1.52076002983859e-19
70794578.43841359019279 90.00000 1.48277648290475e-19
89125093.81337440013885 0.00000 1.01821039009344e-20
89125093.81337440013885 4.73684 1.02136166655944e-20
89125093.81337440013885 9.47368 1.03082228498916e-20
89125093.81337440013885 14.21053 1.04688775014941e-20
89125093.81337440013885 18.94737 1.07022370105051e-20
89125093.81337440013885 23.68421 1.10169924478436e-20
89125093.81337440013885 28.42105 1.14246184464769e-20
89125093.81337440013885 33.15789 1.19462908645358e-20
89125093.81337440013885 37.89474 1.26045051008912e-20
89125093.81337440013885 42.63158 1.34356674631503e-20
89125093.81337440013885 47.36842 1.44903532309751e-20
89125093.81337440013885 52.10526 1.58529521105003e-20
89125093.81337440013885 56.84211 1.76337729387455e-20
89125093.81337440013885 61.57895 2.00242195355256e-20
89125093.81337440013885 66.31579 2.33512312107052e-20
89125093.81337440013885 71.05263 2.81850626340145e-20
89125093.81337440013885 75.78947 3.56048789753720e-20
89125093.81337440013885 80.52632 4.75458750301046e-20
89125093.81337440013885 85.26316 6.48035364147778e-20
89125093.81337440013885 90.00000 6.31351710555199e-20
112201845.43019630014896 0.00000 4.36886529044149e-21
112201845.43019630014896 4.73684 4.38198875870591e-21
112201845.43019630014896 9.47368 4.42188343124213e-21
112201845.43019630014896 14.21053 4.48973060280384e-21
112201845.43019630014896 18.94737 4.58781567250277e-21
112201845.43019630014896 23.68421 4.72044934138306e-21
112201845.43019630014896 28.42105 4.89193514890973e-21
112201845.43019630014896 33.15789 5.11148848257857e-21
112201845.43019630014896 37.89474 5.38863524121062e-21
112201845.43019630014896 42.63158 5.73871185497183e-21
112201845.43019630014896 47.36842 6.18286455030429e-21
112201845.43019630014896 52.10526 6.75660466876311e-21
112201845.43019630014896 56.84211 7.50686656467594e-21
112201845.43019630014896 61.57895 8.51385109105521e-21
112201845.43019630014896 66.31579 9.91584680050553e-21
112201845.43019630014896 71.05263 1.19531313385800e-20
112201845.43019630014896 75.78947 1.50817475151949e-20
112201845.43019630014896 80.52632 2.01163856459804e-20
112201845.43019630014896 85.26316 2.73772614459315e-20
112201845.43019630014896 90.00000 2.65021921179820e-20
141253754.46227526664734 0.00000 1.85944763403000e-21
141253754.46227526664734 4.73684 1.86489251384118e-21
141253754.46227526664734 9.47368 1.88146577325501e-21
141253754.46227526664734 14.21053 1.90967330802768e-21
141253754.46227526664734 18.94737 1.95042311962592e-21
141253754.46227526664734 23.68421 2.00544643954302e-21
141253754.46227526664734 28.42105 2.07674892351971e-21
141253754.46227526664734 33.15789 2.16798324736823e-21
141253754.46227526664734 37.89474 2.28310235975667e-21
141253754.46227526664734 42.63158 2.42863961259966e-21
141253754.46227526664734 47.36842 2.61317582353753e-21
141253754.46227526664734 52.10526 2.85146288442912e-21
141253754.46227526664734 56.84211 3.16333824380156e-21
141253754.46227526664734 61.57895 3.58182250170393e-21
141253754.46227526664734 66.31579 4.16466220829239e-21
141253754.46227526664734 71.05263 5.01170560114958e-21
141253754.46227526664734 75.78947 6.31294600498923e-21
141253754.46227526664734 80.52632 8.40684530339217e-21
141253754.46227526664734 85.26316 1.14230151256542e-20
141253754.46227526664734 90.00000 1.10273068260032e-20
177827941.00389194488525 0.00000 7.91987369521915e-22
177827941.00389194488525 4.73684 7.94264699239613e-22
177827941.00389194488525 9.47368 8.01123851293926e-22
177827941.00389194488525 14.21053 8.12738372393298e-22
177827941.00389194488525 18.94737 8.29596238451609e-22
177827941.00389194488525 23.68421 8.52415759309103e-22
177827941.00389194488525 28.42105 8.81920915046613e-22
177827941.00389194488525 33.15789 9.19705235934535e-22
177827941.00389194488525 37.89474 9.67324102816575e-22
177827941.00389194488525 42.63158 1.02756097731610e-21
177827941.00389194488525 47.36842 1.10393256596281e-21
177827941.00389194488525 52.10526 1.20264231080884e-21
177827941.00389194488525 56.84211 1.33171312655997e-21
177827941.00389194488525 61.57895 1.50500611213257e-21
177827941.00389194488525 66.31579 1.74637835913800e-21
177827941.00389194488525 71.05263 2.09732435762081e-21
177827941.00389194488525 75.78947 2.63666289000731e-21
177827941.00389194488525 80.52632 3.50494572067797e-21
177827941.00389194488525 85.26316 4.75661028771219e-21
177827941.00389194488525 90.00000 4.59404667915315e-21
223872113.85683333873749 0.00000 3.38874472061982e-22
223872113.85683333873749 4.73684 3.39823180585553e-22
223872113.85683333873749 9.47368 3.42654635933448e-22
223872113.85683333873749 14.21053 3.47468680736255e-22
223872113.85683333873749 18.94737 3.54460248435813e-22
223872113.85683333873749 23.68421 3.63908588316213e-22
223872113.85683333873749 28.42105 3.76092745186520e-22
223872113.85683333873749 33.15789 3.91744290820143e-22
223872113.85683333873749 37.89474 4.11489600718853e-22
223872113.85683333873749 42.63158 4.36421965368932e-22
223872113.85683333873749 47.36842 4.68020440442697e-22
223872113.85683333873749 52.10526 5.08902921682880e-22
223872113.85683333873749 56.84211 5.62355776065253e-22
223872113.85683333873749 61.57895 6.34103142471505e-22
223872113.85683333873749 66.31579 7.34077065291446e-22
223872113.85683333873749 71.05263 8.79390939973219e-22
223872113.85683333873749 75.78947 1.10283720200860e-21
223872113.85683333873749 80.52632 1.46240077972064e-21
223872113.85683333873749 85.26316 1.97975267593646e-21
223872113.85683333873749 90.00000 1.90431176341951e-21
281838293.12644493579865 0.00000 1.43995939281825e-22
281838293.12644493579865 4.73684 1.44380890880889e-22
281838293.12644493579865 9.47368 1.45540626471655e-22
281838293.12644493579865 14.21053 1.47501845201896e-22
281838293.12644493579865 18.94737 1.50365894769106e-22
281838293.12644493579865 23.68421 1.54212034368609e-22
281838293.12644493579865 28.42105 1.59180497697909e-22
281838293.12644493579865 33.15789 1.65562753107354e-22
281838293.12644493579865 37.89474 1.73630471324855e-22
281838293.12644493579865 42.63158 1.83793436115788e-22
281838293.12644493579865 47.36842 1.96689292531859e-22
281838293.12644493579865 52.10526 2.13365401129059e-22
281838293.12644493579865 56.84211 2.35149704054591e-22
281838293.12644493579865 61.57895 2.64424954465588e-22
281838293.12644493579865 66.31579 3.05184692606596e-22
281838293.12644493579865 71.05263 3.64435928901232e-22
281838293.12644493579865 75.78947 4.55490010588149e-22
281838293.12644493579865 80.52632 6.01968510120001e-22
281838293.12644493579865 85.26316 8.11771942157343e-22
281838293.12644493579865 90.00000 7.75567986585660e-22
354813389.23357540369034 0.00000 6.10748831199060e-23
354813389.23357540369034 4.73684 6.12320272805087e-23
354813389.23357540369034 9.47368 6.16981754775254e-23
354813389.23357540369034 14.21053 6.24916136269737e-23
354813389.23357540369034 18.94737 6.36452262791294e-23
354813389.23357540369034 23.68421 6.52024576394396e-23
354813389.23357540369034 28.42105 6.72080157954161e-23
354813389.23357540369034 33.15789 6.97900373249503e-23
354813389.23357540369034 37.89474 7.30416894977276e-23
354813389.23357540369034 42.63158 7.71468036169727e-23
354813389.23357540369034 47.36842 8.23625322550415e-23
354813389.23357540369034 52.10526 8.90905172939033e-23
354813389.23357540369034 56.84211 9.78926853388432e-23
354813389.23357540369034 61.57895 1.09703032573944e-22
354813389.23357540369034 66.31579 1.26158086019225e-22
354813389.23357540369034 71.05263 1.50077173691569e-22
354813389.23357540369034 75.78947 1.86817429411217e-22
354813389.23357540369034 80.52632 2.45865396892555e-22
354813389.23357540369034 85.26316 3.30231347790838e-22
354813389.23357540369034 90.00000 3.14112358429615e-22
446683592.15096259117126 0.00000 2.58253476898221e-23
446683592.15096259117126 4.73684 2.58873771411961e-23
446683592.15096259117126 9.47368 2.60743550009922e-23
446683592.15096259117126 14.21053 2.63902757538078e-23
446683592.15096259117126 18.94737 2.68498832961866e-23
446683592.15096259117126 23.68421 2.74697537018376e-23
446683592.15096259117126 28.42105 2.82725810586287e-23
446683592.15096259117126 33.15789 2.93017522158539e-23
446683592.15096259117126 37.89474 3.05972980996854e-23
446683592.15096259117126 42.63158 3.22330567060061e-23
446683592.15096259117126 47.36842 3.43107973368711e-23
446683592.15096259117126 52.10526 3.69942854076906e-23
446683592.15096259117126 56.84211 4.05020403143417e-23
446683592.15096259117126 61.57895 4.52068813055127e-23
446683592.15096259117126 66.31579 5.17621530855843e-23
446683592.15096259117126 71.05263 6.12858349068078e-23
446683592.15096259117126 75.78947 7.59125718603221e-23
446683592.15096259117126 80.52632 9.93957865824129e-23
446683592.15096259117126 85.26316 1.32825906148462e-22
446683592.15096259117126 90.00000 1.25581002522854e-22
562341325.19034790992737 0.00000 1.09353188910661e-23
562341325.19034790992737 4.73684 1.09608055791033e-23
562341325.19034790992737 9.47368 1.10342407285136e-23
562341325.19034790992737 14.21053 1.11577857987157e-23
562341325.19034790992737 18.94737 1.13406095531551e-23
562341325.19034790992737 23.68421 1.15853737398503e-23
562341325.19034790992737 28.42105 1.19026277812756e-23
562341325.19034790992737 33.15789 1.23084910206327e-23
562341325.19034790992737 37.89474 1.28216762130989e-23
562341325.19034790992737 42.63158 1.34671738541869e-23
562341325.19034790992737 47.36842 1.42874249493963e-23
562341325.19034790992737 52.10526 1.53475851804933e-23
562341325.19034790992737 56.84211 1.67325502081759e-23
562341325.19034790992737 61.57895 1.85913002738012e-23
562341325.19034790992737 66.31579 2.11767272180443e-23
562341325.19034790992737 71.05263 2.49376448572452e-23
562341325.19034790992737 75.78947 3.07046146203635e-23
562341325.19034790992737 80.52632 3.99680173499863e-23
562341325.19034790992737 85.26316 5.31222333744139e-23
562341325.19034790992737 90.00000 5.01104822726462e-23
707945784.38413584232330 0.00000 4.67330560725423e-24
707945784.38413584232330 4.73684 4.68318903652493e-24
707945784.38413584232330 9.47368 4.71220092119414e-24
707945784.38413584232330 14.21053 4.76167392787949e-24
707945784.38413584232330 18.94737 4.83320820971767e-24
707945784.38413584232330 23.68421 4.93079748142613e-24
707945784.38413584232330 28.42105 5.05553260716076e-24
707945784.38413584232330 33.15789 5.21661325129847e-24
707945784.38413584232330 37.89474 5.41949018911621e-24
707945784.38413584232330 42.63158 5.67506917962052e-24
707945784.38413584232330 47.36842 5.99938324793654e-24
707945784.38413584232330 52.10526 6.41742402652215e-24
707945784.38413584232330 56.84211 6.96537033449377e-24
707945784.38413584232330 61.57895 7.69932033282351e-24
707945784.38413584232330 66.31579 8.72058222195630e-24
707945784.38413584232330 71.05263 1.02051184883359e-23
707945784.38413584232330 75.78947 1.24827699784349e-23
707945784.38413584232330 80.52632 1.61332492316525e-23
707945784.38413584232330 85.26316 2.13107609636397e-23
707945784.38413584232330 90.00000 2.00222656347351e-23
891250938.13374412059784 0.00000 2.00405301559897e-24
891250938.13374412059784 4.73684 2.00785580163206e-24
891250938.13374412059784 9.47368 2.01932376976097e-24
891250938.13374412059784 14.21053 2.03866488163715e-24
891250938.13374412059784 18.94737 2.06679123097797e-24
891250938.13374412059784 23.68421 2.10472635155555e-24
891250938.13374412059784 28.42105 2.15382281318062e-24
891250938.13374412059784 33.15789 2.21666672717427e-24
891250938.13374412059784 37.89474 2.29589574583026e-24
891250938.13374412059784 42.63158 2.39593516073511e-24
891250938.13374412059784 47.36842 2.52260755794508e-24
891250938.13374412059784 52.10526 2.68625944190600e-24
891250938.13374412059784 56.84211 2.89989087802415e-24
891250938.13374412059784 61.57895 3.18631982344133e-24
891250938.13374412059784 66.31579 3.58486587641030e-24
891250938.13374412059784 71.05263 4.16327848921121e-24
891250938.13374412059784 75.78947 5.05129725469804e-24
891250938.13374412059784 80.52632 6.47009433460811e-24
891250938.13374412059784 85.26316 8.46941996298114e-24
891250938.13374412059784 90.00000 7.88480807221402e-24
1122018454.30196285247803 0.00000 8.61701643166860e-25
1122018454.30196285247803 4.73684 8.63256782323209e-25
1122018454.30196285247803 9.47368 8.67647467160791e-25
1122018454.30196285247803 14.21053 8.75011190137982e-25
1122018454.30196285247803 18.94737 8.86041283580991e-25
1122018454.30196285247803 23.68421 9.00613941146292e-25
1122018454.30196285247803 28.42105 9.19577658759878e-25
1122018454.30196285247803 33.15789 9.43765380320003e-25
1122018454.30196285247803 37.89474 9.74391596045671e-25
1122018454.30196285247803 42.63158 1.01287412023323e-24
1122018454.30196285247803 47.36842 1.06167118309853e-24
1122018454.30196285247803 52.10526 1.12481742159249e-24
1122018454.30196285247803 56.84211 1.20697862964245e-24
1122018454.30196285247803 61.57895 1.31691848966359e-24
1122018454.30196285247803 66.31579 1.46987531499772e-24
1122018454.30196285247803 71.05263 1.69205770518900e-24
1122018454.30196285247803 75.78947 2.03217875136481e-24
1122018454.30196285247803 80.52632 2.57582259330038e-24
1122018454.30196285247803 85.26316 3.33660694450047e-24
1122018454.30196285247803 90.00000 3.09161008998211e-24
1412537544.62275242805481 0.00000 3.75087833082143e-25
1412537544.62275242805481 4.73684 3.75676285640253e-25
1412537544.62275242805481 9.47368 3.77375727324158e-25
1412537544.62275242805481 14.21053 3.80279833122925e-25
1412537544.62275242805481 18.94737 3.84512293495741e-25
1412537544.62275242805481 23.68421 3.90207715339119e-25
1412537544.62275242805481 28.42105 3.97492602890003e-25
1412537544.62275242805481 33.15789 4.06894054621634e-25
1412537544.62275242805481 37.89474 4.18768560921221e-25
1412537544.62275242805481 42.63158 4.33650816550375e-25
1412537544.62275242805481 47.36842 4.52499991009362e-25
1412537544.62275242805481 52.10526 4.76815505714491e-25
1412537544.62275242805481 56.84211 5.08388165535816e-25
1412537544.62275242805481 61.57895 5.50790316284799e-25
1412537544.62275242805481 66.31579 6.09573076460880e-25
1412537544.62275242805481 71.05263 6.94884731370069e-25
1412537544.62275242805481 75.78947 8.25369301532095e-25
1412537544.62275242805481 80.52632 1.03355508320517e-24
1412537544.62275242805481 85.26316 1.32459378936937e-24
1412537544.62275242805481 90.00000 1.22418660902243e-24
1778279410.03891897201538 0.00000 1.65588960022745e-25
1778279410.03891897201538 4.73684 1.65811483696389e-25
1778279410.03891897201538 9.47368 1.66482498365434e-25
1778279410.03891897201538 14.21053 1.67614180524221e-25
1778279410.03891897201538 18.94737 1.69253599426517e-25
1778279410.03891897201538 23.68421 1.71465036431490e-25
1778279410.03891897201538 28.42105 1.74316007452681e-25
1778279410.03891897201538 33.15789 1.77966673707704e-25
1778279410.03891897201538 37.89474 1.82547975465212e-25
1778279410.03891897201538 42.63158 1.88318197988932e-25
1778279410.03891897201538 47.36842 1.95596990910086e-25
1778279410.03891897201538 52.10526 2.04994479072506e-25
1778279410.03891897201538 56.84211 2.17174019643826e-25
1778279410.03891897201538 61.57895 2.33480447146983e-25
1778279410.03891897201538 66.31579 2.56050981820848e-25
1778279410.03891897201538 71.05263 2.88763493533098e-25
1778279410.03891897201538 75.78947 3.38741302777099e-25
1778279410.03891897201538 80.52632 4.18190710371285e-25
1778279410.03891897201538 85.26316 5.28850725409130e-25
1778279410.03891897201538 90.00000 4.86321349987421e-25
2238721138.56833314895630 0.00000 7.42100792970314e-26
2238721138.56833314895630 4.73684 7.43010414355705e-26
2238721138.56833314895630 9.47368 7.45614322071217e-26
2238721138.56833314895630 14.21053 7.50063762995121e-26
2238721138.56833314895630 18.94737 7.56551071857500e-26
2238721138.56833314895630 23.68421 7.65209022224991e-26
2238721138.56833314895630 28.42105 7.76407974299893e-26
2238721138.56833314895630 33.15789 7.90711262530630e-26
2238721138.56833314895630 37.89474 8.08534402764817e-26
2238721138.56833314895630 42.63158 8.31082858648219e-26
2238721138.56833314895630 47.36842 8.59304747897697e-26
2238721138.56833314895630 52.10526 8.95765499090049e-26
2238721138.56833314895630 56.84211 9.43056637279268e-26
2238721138.56833314895630 61.57895 1.00590911636269e-25
2238721138.56833314895630 66.31579 1.09294249078211e-25
2238721138.56833314895630 71.05263 1.21859113910482e-25
2238721138.56833314895630 75.78947 1.40995453090625e-25
2238721138.56833314895630 80.52632 1.71366976190283e-25
2238721138.56833314895630 85.26316 2.13428188470634e-25
2238721138.56833314895630 90.00000 1.95407572040182e-25
2818382931.26445007324219 0.00000 3.37135594606741e-26
2818382931.26445007324219 4.73684 3.37486175305387e-26
2818382931.26445007324219 9.47368 3.38542842815001e-26
2818382931.26445007324219 14.21053 3.40324458963946e-26
2818382931.26445007324219 18.94737 3.42896095200885e-26
2818382931.26445007324219 23.68421 3.46357336910004e-26
2818382931.26445007324219 28.42105 3.50798346989947e-26
2818382931.26445007324219 33.15789 3.56478637801526e-26
2818382931.26445007324219 37.89474 3.63541934177548e-26
2818382931.26445007324219 42.63158 3.72398603645294e-26
2818382931.26445007324219 47.36842 3.83490079938981e-26
2818382931.26445007324219 52.10526 3.97736688041233e-26
2818382931.26445007324219 56.84211 4.16118784064244e-26
2818382931.26445007324219 61.57895 4.40500757341963e-26
2818382931.26445007324219 66.31579 4.74078488975216e-26
2818382931.26445007324219 71.05263 5.22468811425038e-26
2818382931.26445007324219 75.78947 5.95901346230947e-26
2818382931.26445007324219 80.52632 7.11925820344066e-26
2818382931.26445007324219 85.26316 8.70847506391860e-26
2818382931.26445007324219 90.00000 7.92452678482804e-26
3548133892.33575296401978 0.00000 1.55189894859131e-26
3548133892.33575296401978 4.73684 1.55338077888682e-26
3548133892.33575296401978 9.47368 1.55762704142214e-26
3548133892.33575296401978 14.21053 1.56486040487749e-26
3548133892.33575296401978 18.94737 1.57537925162517e-26
3548133892.33575296401978 23.68421 1.58929249842903e-26
3548133892.33575296401978 28.42105 1.60737156351966e-26
3548133892.33575296401978 33.15789 1.63006489784369e-26
3548133892.33575296401978 37.89474 1.65848292453548e-26
3548133892.33575296401978 42.63158 1.69373333717079e-26
3548133892.33575296401978 47.36842 1.73779410771730e-26
3548133892.33575296401978 52.10526 1.79386664789839e-26
3548133892.33575296401978 56.84211 1.86608329727935e-26
3548133892.33575296401978 61.57895 1.96098725609603e-26
3548133892.33575296401978 66.31579 2.09130637409246e-26
3548133892.33575296401978 71.05263 2.27732100052989e-26
3548133892.33575296401978 75.78947 2.55792437691180e-26
3548133892.33575296401978 80.52632 3.00124598312979e-26
3548133892.33575296401978 85.26316 3.60008311751927e-26
3548133892.33575296401978 90.00000 3.26392899840271e-26
4466835921.50962543487549 0.00000 7.25846289049387e-27
4466835921.50962543487549 4.73684 7.26449541800526e-27
4466835921.50962543487549 9.47368 7.28264950198060e-27
4466835921.50962543487549 14.21053 7.31325734249888e-27
4466835921.50962543487549 18.94737 7.35707212798150e-27
4466835921.50962543487549 23.68421 7.41603044911893e-27
4466835921.50962543487549 28.42105 7.49116453189993e-27
4466835921.50962543487549 33.15789 7.58560971452112e-27
4466835921.50962543487549 37.89474 7.70316197157866e-27
4466835921.50962543487549 42.63158 7.84875474603219e-27
4466835921.50962543487549 47.36842 8.02827547614720e-27
4466835921.50962543487549 52.10526 8.25628484137721e-27
4466835921.50962543487549 56.84211 8.54663628902639e-27
4466835921.50962543487549 61.57895 8.92624797963347e-27
4466835921.50962543487549 66.31579 9.44316579066568e-27
4466835921.50962543487549 71.05263 1.01761789386601e-26
4466835921.50962543487549 75.78947 1.12739200965684e-26
4466835921.50962543487549 80.52632 1.29889595942153e-26
4466835921.50962543487549 85.26316 1.52908774640115e-26
4466835921.50962543487549 90.00000 1.38372717818894e-26
5623413251.90347957611084 0.00000 3.43463441337832e-27
5623413251.90347957611084 4.73684 3.43733288796517e-27
5623413251.90347957611084 9.47368 3.44518637722040e-27
5623413251.90347957611084 14.21053 3.45848173068689e-27
5623413251.90347957611084 18.94737 3.47758182101588e-27
5623413251.90347957611084 23.68421 3.50316997550659e-27
5623413251.90347957611084 28.42105 3.53540456443028e-27
5623413251.90347957611084 33.15789 3.57607109280614e-27
5623413251.90347957611084 37.89474 3.62621874937508e-27
5623413251.90347957611084 42.63158 3.68788698854595e-27
5623413251.90347957611084 47.36842 3.76360037466320e-27
5623413251.90347957611084 52.10526 3.85842605813187e-27
5623413251.90347957611084 56.84211 3.97857004330736e-27
5623413251.90347957611084 61.57895 4.13352212544728e-27
5623413251.90347957611084 66.31579 4.34206860320817e-27
5623413251.90347957611084 71.05263 4.63561195741794e-27
5623413251.90347957611084 75.78947 5.07080308292862e-27
5623413251.90347957611084 80.52632 5.74200415333012e-27
5623413251.90347957611084 85.26316 6.62713971154688e-27
5623413251.90347957611084 90.00000 5.95684532398465e-27
7079457843.84135913848877 0.00000 1.63488440527683e-27
7079457843.84135913848877 4.73684 1.63606400088767e-27
7079457843.84135913848877 9.47368 1.63962248971676e-27
7079457843.84135913848877 14.21053 1.64564166244993e-27
7079457843.84135913848877 18.94737 1.65419540943788e-27
7079457843.84135913848877 23.68421 1.66561959177203e-27
7079457843.84135913848877 28.42105 1.68000900010336e-27
7079457843.84135913848877 33.15789 1.69799608119711e-27
7079457843.84135913848877 37.89474 1.72007912203159e-27
7079457843.84135913848877 42.63158 1.74693609928751e-27
7079457843.84135913848877 47.36842 1.77971538453942e-27
7079457843.84135913848877 52.10526 1.82030625381761e-27
7079457843.84135913848877 56.84211 1.87109959113064e-27
7079457843.84135913848877 61.57895 1.93602378083309e-27
7079457843.84135913848877 66.31579 2.02210212609667e-27
7079457843.84135913848877 71.05263 2.14109666291789e-27
7079457843.84135913848877 75.78947 2.31504292547446e-27
7079457843.84135913848877 80.52632 2.58011083782047e-27
7079457843.84135913848877 85.26316 2.91944337751497e-27
7079457843.84135913848877 90.00000 2.60649025998653e-27
8912509381.33744239807129 0.00000 7.82613850621569e-28
8912509381.33744239807129 4.73684 7.83163599223610e-28
8912509381.33744239807129 9.47368 7.84812572946099e-28
8912509381.33744239807129 14.21053 7.87589328999174e-28
8912509381.33744239807129 18.94737 7.91548918888654e-28
8912509381.33744239807129 23.68421 7.96795889873817e-28
8912509381.33744239807129 28.42105 8.03408469628335e-28
8912509381.33744239807129 33.15789 8.11604727932465e-28
8912509381.33744239807129 37.89474 8.21592544126437e-28
8912509381.33744239807129 42.63158 8.33662860495373e-28
8912509381.33744239807129 47.36842 8.48251856812644e-28
8912509381.33744239807129 52.10526 8.66159591440182e-28
8912509381.33744239807129 56.84211 8.88257536893596e-28
8912509381.33744239807129 61.57895 9.15990520896581e-28
8912509381.33744239807129 66.31579 9.52136347167968e-28
8912509381.33744239807129 71.05263 1.00137001404991e-27
8912509381.33744239807129 75.78947 1.07191919069331e-27
8912509381.33744239807129 80.52632 1.17641417684650e-27
8912509381.33744239807129 85.26316 1.30649552623177e-27
8912509381.33744239807129 90.00000 1.16026846997961e-27
11220184543.01963043212891 0.00000 3.76427666842642e-28
11220184543.01963043212891 4.73684 3.76691936160247e-28
11220184543.01963043212891 9.47368 3.77481146456961e-28
11220184543.01963043212891 14.21053 3.78806562847023e-28
11220184543.01963043212891 18.94737 3.80699284081204e-28
11220184543.01963043212891 23.68421 3.83195749524131e-28
11220184543.01963043212891 28.42105 3.86333729812650e-28
11220184543.01963043212891 33.15789 3.90210203801611e-28
11220184543.01963043212891 37.89474 3.94902933252688e-28
11220184543.01963043212891 42.63158 4.00542494427247e-28
11220184543.01963043212891 47.36842 4.07301902854339e-28
11220184543.01963043212891 52.10526 4.15503782968640e-28
11220184543.01963043212891 56.84211 4.25477464310100e-28
11220184543.01963043212891 61.57895 4.37861626390325e-28
11220184543.01963043212891 66.31579 4.53669525823887e-28
11220184543.01963043212891 71.05263 4.74704984063033e-28
11220184543.01963043212891 75.78947 5.04117847241932e-28
11220184543.01963043212891 80.52632 5.46546277041092e-28
11220184543.01963043212891 85.26316 5.97327138243007e-28
11220184543.01963043212891 90.00000 5.28479376785780e-28
14125375446.22752571105957 0.00000 1.81482537370664e-28
14125375446.22752571105957 4.73684 1.81611235885283e-28
14125375446.22752571105957 9.47368 1.81996811504080e-28
14125375446.22752571105957 14.21053 1.82644471642917e-28
14125375446.22752571105957 18.94737 1.83567869781617e-28
14125375446.22752571105957 23.68421 1.84784680493715e-28
14125375446.22752571105957 28.42105 1.86309496002094e-28
14125375446.22752571105957 33.15789 1.88187835257839e-28
14125375446.22752571105957 37.89474 1.90453773578638e-28
14125375446.22752571105957 42.63158 1.93161724120653e-28
14125375446.22752571105957 47.36842 1.96388942938706e-28
14125375446.22752571105957 52.10526 2.00264982305969e-28
14125375446.22752571105957 56.84211 2.04932554202798e-28
14125375446.22752571105957 61.57895 2.10639912495483e-28
14125375446.22752571105957 66.31579 2.17806405752894e-28
14125375446.22752571105957 71.05263 2.27096495092174e-28
14125375446.22752571105957 75.78947 2.39701567450061e-28
14125375446.22752571105957 80.52632 2.57373735086760e-28
14125375446.22752571105957 85.26316 2.77296546004813e-28
14125375446.22752571105957 90.00000 2.44111790192611e-28
17782794100.38919067382812 0.00000 8.76798487663961e-29
17782794100.38919067382812 4.73684 8.77432878957368e-29
17782794100.38919067382812 9.47368 8.79344492143146e-29
17782794100.38919067382812 14.21053 8.82542175614306e-29
17782794100.38919067382812 18.94737 8.87114232811521e-29
17782794100.38919067382812 23.68421 8.93118466092007e-29
17782794100.38919067382812 28.42105 9.00647966540538e-29
17782794100.38919067382812 33.15789 9.09899417016678e-29
17782794100.38919067382812 37.89474 9.21040889290230e-29
17782794100.38919067382812 42.63158 9.34320709165859e-29
17782794100.38919067382812 47.36842 9.50070266405842e-29
17782794100.38919067382812 52.10526 9.68873655057276e-29
17782794100.38919067382812 56.84211 9.91337398672708e-29
17782794100.38919067382812 61.57895 1.01846932326191e-28
17782794100.38919067382812 66.31579 1.05199626894161e-28
17782794100.38919067382812 71.05263 1.09454340806264e-28
17782794100.38919067382812 75.78947 1.15054271034304e-28
17782794100.38919067382812 80.52632 1.22611897243047e-28
17782794100.38919067382812 85.26316 1.30574705955049e-28
17782794100.38919067382812 90.00000 1.14544539296634e-28
22387211385.68337631225586 0.00000 4.24245128653542e-29
22387211385.68337631225586 4.73684 4.24561922261807e-29
22387211385.68337631225586 9.47368 4.25510833942315e-29
22387211385.68337631225586 14.21053 4.27103295013722e-29
22387211385.68337631225586 18.94737 4.29374665014130e-29
22387211385.68337631225586 23.68421 4.32363550357784e-29
22387211385.68337631225586 28.42105 4.36106620129275e-29
22387211385.68337631225586 33.15789 4.40710757022681e-29
22387211385.68337631225586 37.89474 4.46248833897309e-29
22387211385.68337631225586 42.63158 4.52840185764334e-29
22387211385.68337631225586 47.36842 4.60646216127216e-29
22387211385.68337631225586 52.10526 4.69935564073481e-29
22387211385.68337631225586 56.84211 4.80970223346304e-29
22387211385.68337631225586 61.57895 4.94202907620434e-29
22387211385.68337631225586 66.31579 5.10343937667460e-29
22387211385.68337631225586 71.05263 5.30452575764941e-29
22387211385.68337631225586 75.78947 5.56225225242224e-29
22387211385.68337631225586 80.52632 5.89562456473507e-29
22387211385.68337631225586 85.26316 6.22174046596010e-29
22387211385.68337631225586 90.00000 5.44068261923026e-29
28183829312.64455032348633 0.00000 2.05755481875737e-29
28183829312.64455032348633 4.73684 2.05911946658362e-29
28183829312.64455032348633 9.47368 2.06383649030378e-29
28183829312.64455032348633 14.21053 2.07174297210353e-29
28183829312.64455032348633 18.94737 2.08301329468902e-29
28183829312.64455032348633 23.68421 2.09787272541473e-29
28183829312.64455032348633 28.42105 2.11649771590269e-29
28183829312.64455032348633 33.15789 2.13941419319426e-29
28183829312.64455032348633 37.89474 2.16700076846584e-29
28183829312.64455032348633 42.63158 2.19983628009957e-29
28183829312.64455032348633 47.36842 2.23876644467374e-29
28183829312.64455032348633 52.10526 2.28502415722365e-29
28183829312.64455032348633 56.84211 2.33985322719145e-29
28183829312.64455032348633 61.57895 2.40536435626893e-29
28183829312.64455032348633 66.31579 2.48464915380355e-29
28183829312.64455032348633 71.05263 2.58207842415438e-29
28183829312.64455032348633 75.78947 2.70413994981749e-29
28183829312.64455032348633 80.52632 2.85585203249422e-29
28183829312.64455032348633 85.26316 2.99349258529548e-29
28183829312.64455032348633 90.00000 2.61179329254602e-29
35481338923.35752868652344 0.00000 9.98734691591827e-30
35481338923.35752868652344 4.73684 9.99510017881981e-30
35481338923.35752868652344 9.47368 1.00183360843452e-29
35481338923.35752868652344 14.21053 1.00573144691790e-29
35481338923.35752868652344 18.94737 1.01130322830142e-29
35481338923.35752868652344 23.68421 1.01864611068745e-29
35481338923.35752868652344 28.42105 1.02787318824823e-29
35481338923.35752868652344 33.15789 1.03923410490861e-29
35481338923.35752868652344 37.89474 1.05294230135538e-29
35481338923.35752868652344 42.63158 1.06930165368775e-29
35481338923.35752868652344 47.36842 1.08871886098092e-29
35481338923.35752868652344 52.10526 1.11182996787977e-29
35481338923.35752868652344 56.84211 1.13927492655204e-29
35481338923.35752868652344 61.57895 1.17203603183692e-29
35481338923.35752868652344 66.31579 1.21158379844136e-29
35481338923.35752868652344 71.05263 1.25984345619898e-29
35481338923.35752868652344 75.78947 1.31937858673164e-29
35481338923.35752868652344 80.52632 1.39127603444104e-29
35481338923.35752868652344 85.26316 1.45217717036463e-29
35481338923.35752868652344 90.00000 1.26523093945386e-29
44668359215.09626007080078 0.00000 4.85680466535619e-30
44668359215.09626007080078 4.73684 4.86058034573540e-30
44668359215.09626007080078 9.47368 4.87190655562314e-30
44668359215.09626007080078 14.21053 4.89091092360800e-30
44668359215.09626007080078 18.94737 4.91809580051597e-30
44668359215.09626007080078 23.68421 4.95400179428764e-30
44668359215.09626007080078 28.42105 4.99916440667288e-30
44668359215.09626007080078 33.15789 5.05494160205253e-30
44668359215.09626007080078 37.89474 5.12239393511069e-30
44668359215.09626007080078 42.63158 5.20314447382579e-30
44668359215.09626007080078 47.36842 5.29924034783128e-30
44668359215.09626007080078 52.10526 5.41403978175224e-30
44668359215.09626007080078 56.84211 5.55075598583666e-30
44668359215.09626007080078 61.57895 5.71439604182973e-30
44668359215.09626007080078 66.31579 5.91217549105951e-30
44668359215.09626007080078 71.05263 6.15301590016978e-30
44668359215.09626007080078 75.78947 6.44783610376442e-30
44668359215.09626007080078 80.52632 6.79648754236746e-30
44668359215.09626007080078 85.26316 7.07572377670726e-30
44668359215.09626007080078 90.00000 6.15640109886896e-30
56234132519.03479766845703 0.00000 2.36237738681410e-30
56234132519.03479766845703 4.73684 2.36419108785232e-30
56234132519.03479766845703 9.47368 2.36962275528030e-30
56234132519.03479766845703 14.21053 2.37876025183196e-30
56234132519.03479766845703 18.94737 2.39183321111493e-30
56234132519.03479766845703 23.68421 2.40913831011485e-30
56234132519.03479766845703 28.42105 2.43094748367692e-30
56234132519.03479766845703 33.15789 2.45794992174765e-30
56234132519.03479766845703 37.89474 2.49071264343874e-30
56234132519.03479766845703 42.63158 2.53007576731411e-30
56234132519.03479766845703 47.36842 2.57710829134137e-30
56234132519.03479766845703 52.10526 2.63357444595934e-30
56234132519.03479766845703 56.84211 2.70111749524730e-30
56234132519.03479766845703 61.57895 2.78241567944040e-30
56234132519.03479766845703 66.31579 2.88116915747536e-30
56234132519.03479766845703 71.05263 3.00178187290533e-30
56234132519.03479766845703 75.78947 3.14943565278215e-30
56234132519.03479766845703 80.52632 3.32259653296749e-30
56234132519.03479766845703 85.26316 3.45751012889417e-30
56234132519.03479766845703 90.00000 3.00656928011614e-30
70794578438.41374206542969 0.00000 1.15033245346769e-30
70794578438.41374206542969 4.73684 1.15118618300561e-30
70794578438.41374206542969 9.47368 1.15374777497789e-30
70794578438.41374206542969 14.21053 1.15804706330096e-30
70794578438.41374206542969 18.94737 1.16421668409966e-30
70794578438.41374206542969 23.68421 1.17239059630660e-30
70794578438.41374206542969 28.42105 1.18273067862789e-30
70794578438.41374206542969 33.15789 1.19555472931804e-30
70794578438.41374206542969 37.89474 1.21118148611368e-30
70794578438.41374206542969 42.63158 1.23001805509014e-30
70794578438.41374206542969 47.36842 1.25263583344093e-30
70794578438.41374206542969 52.10526 1.27994527431417e-30
70794578438.41374206542969 56.84211 1.31280882902379e-30
70794578438.41374206542969 61.57895 1.35261401428117e-30
70794578438.41374206542969 66.31579 1.40132042890400e-30
70794578438.41374206542969 71.05263 1.46123141368517e-30
70794578438.41374206542969 75.78947 1.53498539878962e-30
70794578438.41374206542969 80.52632 1.62154511587882e-30
70794578438.41374206542969 85.26316 1.68819225482648e-30
70794578438.41374206542969 90.00000 1.46588203043945e-30
89125093813.37458801269531 0.00000 5.59927513808857e-31
89125093813.37458801269531 4.73684 5.60325092213642e-31
89125093813.37458801269531 9.47368 5.61503377014463e-31
89125093813.37458801269531 14.21053 5.63482754365936e-31
89125093813.37458801269531 18.94737 5.66331371945243e-31
89125093813.37458801269531 23.68421 5.70107367566858e-31
89125093813.37458801269531 28.42105 5.74903456810055e-31
89125093813.37458801269531 33.15789 5.80867910156948e-31
89125093813.37458801269531 37.89474 5.88151955074515e-31
89125093813.37458801269531 42.63158 5.96981951900472e-31
89125093813.37458801269531 47.36842 6.07624977007752e-31
89125093813.37458801269531 52.10526 6.20551781209240e-31
89125093813.37458801269531 56.84211 6.36217142178669e-31
89125093813.37458801269531 61.57895 6.55324656112642e-31
89125093813.37458801269531 66.31579 6.78903750582892e-31
89125093813.37458801269531 71.05263 7.08183782953363e-31
89125093813.37458801269531 75.78947 7.44528815275896e-31
89125093813.37458801269531 80.52632 7.87463051176224e-31
89125093813.37458801269531 85.26316 8.20434984749962e-31
89125093813.37458801269531 90.00000 7.10602121185503e-31
